"trial_type","trial_index","time_elapsed","internal_node_id","participant_id","rt","url","view_history","responses","stimulus","key_press","Name","config","type","prompt","step","max","start","on_load","data","min","labels","button_label","stimulus_duration","trial_duration","response_ends_trial","imageSelected","indexSelected","exp_type","fixationTime","faceIdentity","array_length","array_values","meanVal","description","trial","color","button_pressed","purpose"
"pavlovia","0","2","0.0-0.0","573b8bc2f3580b0006ce0986","","","","","","","","","","","","","","","","","","","","","","","","","","","","","","","","","",""
"external-html","1","55336","0.0-1.0","573b8bc2f3580b0006ce0986","55119.300000000745","external_page.html","","","","","","","","","","","","","","","","","","","","","","","","","","","","","","","",""
"instructions","2","113860","0.0-2.0","573b8bc2f3580b0006ce0986","58523.699999999255","","[{""page_index"":0,""viewing_time"":14231.89999999851},{""page_index"":1,""viewing_time"":15300.60000000149},{""page_index"":2,""viewing_time"":22889.599999999627},{""page_index"":3,""viewing_time"":6101.199999999255}]","","","","","","","","","","","","","","","","","","","","","","","","","","","","","","",""
"survey-text","3","119356","0.0-3.0","573b8bc2f3580b0006ce0986","5492","","","{""Q0"":""573b8bc2f3580b0006ce0986""}","","","","","","","","","","","","","","","","","","","","","","","","","","","","","",""
"instructions","4","121412","0.0-4.0","573b8bc2f3580b0006ce0986","2055.199999999255","","[{""page_index"":0,""viewing_time"":2054.9000000003725}]","","","","","","","","","","","","","","","","","","","","","","","","","","","","","","",""
"survey-text","5","163763","0.0-5.0","573b8bc2f3580b0006ce0986","42348.300000000745","","","{""Q0"":""three giraffes""}","","","","","","","","","","","","","","","","","","","","","","","","","","","","","",""
"survey-text","6","179442","0.0-6.0-0.0","573b8bc2f3580b0006ce0986","15676.599999999627","","","{""Q0"":""but""}","","","","","","","","","","","","","","","","","","","","","","","","","","","","","",""
"html-keyboard-response","7","179849","0.0-7.0","573b8bc2f3580b0006ce0986","null","","","","<p style=""font-size: 48px;""> + </p>","null","fixation","","","","","","","","","","","","","","","","","","","","","","","","","","",""
"html-keyboard-response","8","181361","0.0-8.0","573b8bc2f3580b0006ce0986","null","","","","<span class='grid'><div class='red' style='background-position:4500% 0%;margin-top:30px'></div> <div> </div> <div class='red' style='background-position:4700% 0%;margin-top:30px'></div> <div> </div> <div> </div> <div class='red' style='background-position:4200% 0%;margin-top:30px'></div> <div> </div> <div class='red' style='background-position:3600% 0%;margin-top:25px'></div> <div class='red' style='background-position:4300% 0%;margin-top:24px'></div> <div> </div> <div> </div> <div> </div> <div> </div> <div class='red' style='background-position:4400% 0%;margin-top:44px'></div> <div> </div> <div> </div></span>","null","stimulus","","","","","","","","","","","","","","","","","","","","","","","","","","",""
"image-slider-response_noButton","9","195371","0.0-9.0","573b8bc2f3580b0006ce0986","14009","","","","img/red1.jpg,img/red2.jpg,img/red3.jpg,img/red4.jpg,img/red5.jpg,img/red6.jpg,img/red7.jpg,img/red8.jpg,img/red9.jpg,img/red10.jpg,img/red11.jpg,img/red12.jpg,img/red13.jpg,img/red14.jpg,img/red15.jpg,img/red16.jpg,img/red17.jpg,img/red18.jpg,img/red19.jpg,img/red20.jpg,img/red21.jpg,img/red22.jpg,img/red23.jpg,img/red24.jpg,img/red25.jpg,img/red26.jpg,img/red27.jpg,img/red28.jpg,img/red29.jpg,img/red30.jpg,img/red31.jpg,img/red32.jpg,img/red33.jpg,img/red34.jpg,img/red35.jpg,img/red36.jpg,img/red37.jpg,img/red38.jpg,img/red39.jpg,img/red40.jpg,img/red41.jpg,img/red42.jpg,img/red43.jpg,img/red44.jpg,img/red45.jpg,img/red46.jpg,img/red47.jpg,img/red48.jpg,img/red49.jpg,img/red50.jpg","","response","{""index"":0,""type"":""practice"",""color"":""red""}","image-slider-response_noButton","<p>What was the average redness of the array?</p>","1","50","0","function morphedScaleRed() {
    // defining a few helper functions
    function nrange(size, startAt = 0) {
      return [...Array(size).keys()].map(i => i + startAt);
    };
  
    function fillArray(value, len) {
      var arr = [];
      for (var i = 0; i < len; i++) {
        arr.push(value);
      }
      return arr;
    };
  
    function generateSlices(vWidth, nSlices) {
      var step = vWidth*0.6/(nSlices-2);
      var stepArray = fillArray(step,nSlices-2)
      stepArray.unshift(0.2*vWidth)
      stepArray.push(0.2*vWidth)
  
      var bounds = [];
      
      for (var i = 0; i < nSlices; i++) {
        if (i==0) {
          bounds.push([(i*stepArray[i]), (i*stepArray[i])+stepArray[i]])
        } else if (i>0 && i!=nSlices-1) {
          bounds.push([(i*stepArray[i]+0.2*vWidth), (i*stepArray[i])+stepArray[i]+0.2*vWidth])
        } else {
          bounds.push([(vWidth-0.2*vWidth), vWidth])  
        }
      };
      return bounds;
    };
    
    // start trial timer
    var startTime = (new Date()).getTime();
    // get trial data
    var trialData = jsPsych.currentTrial();
  
    // remove the picture scales and the slider
    $('.jspsych-image-slider-response_noButton-container').css(""visibility"", ""hidden"");
    $('img').remove();
    
    // Remove mondrian background for rating phase
    $('body').css('background-image', 'none');
  
    var imgScale = getScaleRed();
    
    // derive the letter of the image filenames
    var imgBase = imgScale[0].split('img/')[1].split('.jpg')[0].replace(/\d+/g, '');
    
    // split the number of the image filenames off from the rest of it
    var nScale = [];
    for (var i = 0; i < imgScale.length-1; i++) {
      var n = imgScale[i].split('img/')[1].split('.jpg')[0].split(imgBase)[1];
      nScale.push(n);
    };
    
    // calculate the element width, and slice it up into sections
    var vWidth = $(document).width();
    var nSlices = nScale.length;
    var slices = generateSlices(vWidth, nSlices);
  
    // setting up initial vertical line to start the mousemove functionality
    var vHeight = $(document).height()-8;
    var lineSlice = vWidth / 10;
    var vertLine = `<div style=""border-left:black;border-style:solid;margin-left:${lineSlice}px; height:${vHeight}px;width:0px;position:absolute;"" id=""vertLine""></div>`;
    var linePrompt = `<div id=""linePrompt""><div style=""font-size:50px;position:absolute;margin-left:${lineSlice*1.3}px;margin-top:${vHeight/2}px""></div><div style=""position:absolute;margin-left:${lineSlice*1.2}px;margin-top:${vHeight/2}px;z-index:5;"">Move mouse left of the line to begin</div></div>`;
    $("".jspsych-content-wrapper"").prepend(vertLine);
    $("".jspsych-content-wrapper"").prepend(linePrompt);
    
    // hide prompt until the trial is begun
    $('#jspsych-content > p').css(""visibility"", ""hidden"");
  
    // initialize the central image with the most neutral one (i.e. from
    // the middle of the scale) and set the image to be blurred
    var initialImage = imgScale[0];
    $('#jspsych-image-slider-response_noButton-stimulus').append(`<img src=""${initialImage}"" style=""filter:blur(4px);visibility:hidden;"" id=""changeable-image""/>`);
  
    // ADD VISUAL SCALE SHOWING MIN/MAX
    var scaleWidth = vWidth * 0.6;
    var scaleLeft = vWidth * 0.2;
    var scaleHtml = `
      <div id=""scale-container"" style=""position:absolute; bottom:120px; left:${scaleLeft}px; width:${scaleWidth}px; height:30px; background-color:rgba(220,220,220,0.7); border-radius:5px; display:none; z-index:10;"">
        <div style=""position:absolute; left:0px; width:2px; height:30px; background-color:black;""></div>
        <div style=""position:absolute; left:0px; top:32px; font-size:12px; color:black;"">Min (1)</div>
        <div style=""position:absolute; right:0px; width:2px; height:30px; background-color:black;""></div>
        <div style=""position:absolute; right:0px; top:32px; font-size:12px; color:black;"">Max (50)</div>
        <div id=""current-marker"" style=""position:absolute; left:0px; width:2px; height:30px; background-color:red; display:none;""></div>
      </div>
    `;
    $("".jspsych-content-wrapper"").append(scaleHtml);
  
    // workaround with a global variable
    window.__imageMouseOver = {
      lineSlice: lineSlice,
      slices: slices,
      nScale: nScale,
      imgBase: imgBase,
      startTime: startTime,
      trialData: trialData,
      sliceSelected: 0,
    };
    var __listenerBools = {};
  
    // define mousemove event listener that changes image
    function changeImg(event) {
      var mouseX = Math.floor(event.pageX);
      
      // Show the scale after interaction begins
      $(""#scale-container"").css(""display"", ""block"");
      
      // Update current marker position based on mouse position
      var scaleWidth = $(""#scale-container"").width();
      var relativePos = Math.max(0, Math.min(mouseX - scaleLeft, scaleWidth));
      var percentPos = (relativePos / scaleWidth) * 100;
      
      $(""#current-marker"").css({
        ""left"": `${relativePos}px`,
        ""display"": ""block""
      });
      
      for (var i = 0; i < __imageMouseOver.slices.length; i++) {
        // if mouse X position is within the bounds of the X axis slice,
        // change the image to one that is indexed to that slice
        if (mouseX >= __imageMouseOver.slices[i][0] && mouseX <= __imageMouseOver.slices[i][1]) {
          // capture which slice is selected
          __imageMouseOver.sliceSelected = i;
          // update img src to the picture that corresponds to that slice
          $('#changeable-image').attr('src', `img/${__imageMouseOver.imgBase}${__imageMouseOver.nScale[i]}.jpg`);
        }
      };
    };
    
    // define the click listener that ends trial
    function clickHandler(event) {
      if (__listenerBools['mousemove']) {
        // derive trial data
        var trialData = __imageMouseOver.trialData;
        var end_time = (new Date()).getTime();
        var rt = end_time - __imageMouseOver.startTime;
        trialData['rt'] = rt;
        trialData['stimulus_duration'] = rt;
        trialData['trial_duration'] = rt;
        trialData['imageSelected'] = `${__imageMouseOver.imgBase}${__imageMouseOver.nScale[__imageMouseOver.sliceSelected]}.jpg`
        trialData['indexSelected'] = __imageMouseOver.sliceSelected;
        // turn off listeners
        $(document).off('mousemove');
        $(document).off('click');
        // clean up variable namespaces
        delete window.__imageMouseOver
        delete __listenerBools;
        // clean up scale
        $(""#scale-container"").remove();
        // finish the trial with trial data
        jsPsych.finishTrial(trialData);
      };
    };
  
    function verticalLineInit(event) {
      var mouseX = Math.floor(event.pageX);
      if (mouseX <= __imageMouseOver.lineSlice) {
        $(""#vertLine"").remove();
        $(""#linePrompt"").remove();
        $(""#jspsych-image-slider-response_noButton-stimulus > img"").css({
          ""filter"":""blur(0px)"",
          ""visibility"": ""visible"",
        });
        $('#jspsych-content > p').css(""visibility"", ""visible"");
        __listenerBools['mousemove'] = true;
        // turn off THIS mouse move listener
        $(document).off(""mousemove"");
        // turn on the mouse move listener that changes the image
        $(document).mousemove(changeImg);
        // add mouse click listener
        $(document).on('click', clickHandler);
      };
    };
  
    // turn on the vertical line mouse move listener
    $(document).mousemove(verticalLineInit);
  }","[object Object]","0","","Continue","14009","14009","true","red37.jpg","36","avg","400","red","6","[36,42,45,47,44,43]","42.833333333333336","three giraffes","1","","",""
"html-keyboard-response","10","195782","0.0-10.0","573b8bc2f3580b0006ce0986","null","","","","<p style=""font-size: 48px;""> + </p>","null","fixation","","","","","","","","","","","","","","","","","","","","","","","","","","",""
"html-keyboard-response","11","197295","0.0-11.0","573b8bc2f3580b0006ce0986","null","","","","<span class='grid'><div class='red' style='background-position:800% 0%;margin-top:21px'></div> <div> </div> <div> </div> <div> </div> <div> </div> <div> </div> <div class='red' style='background-position:100% 0%;margin-top:35px'></div> <div> </div> <div> </div> <div> </div> <div> </div> <div class='red' style='background-position:1400% 0%;margin-top:44px'></div> <div class='red' style='background-position:1900% 0%;margin-top:20px'></div> <div> </div> <div> </div></span>","null","stimulus","{""index"":0,""type"":""practice"",""color"":""red""}","","","","","","","","","","","","","","","","","","","","","","","","","",""
"image-slider-response_noButton","12","202512","0.0-12.0","573b8bc2f3580b0006ce0986","5216","","","","img/red1.jpg,img/red2.jpg,img/red3.jpg,img/red4.jpg,img/red5.jpg,img/red6.jpg,img/red7.jpg,img/red8.jpg,img/red9.jpg,img/red10.jpg,img/red11.jpg,img/red12.jpg,img/red13.jpg,img/red14.jpg,img/red15.jpg,img/red16.jpg,img/red17.jpg,img/red18.jpg,img/red19.jpg,img/red20.jpg,img/red21.jpg,img/red22.jpg,img/red23.jpg,img/red24.jpg,img/red25.jpg,img/red26.jpg,img/red27.jpg,img/red28.jpg,img/red29.jpg,img/red30.jpg,img/red31.jpg,img/red32.jpg,img/red33.jpg,img/red34.jpg,img/red35.jpg,img/red36.jpg,img/red37.jpg,img/red38.jpg,img/red39.jpg,img/red40.jpg,img/red41.jpg,img/red42.jpg,img/red43.jpg,img/red44.jpg,img/red45.jpg,img/red46.jpg,img/red47.jpg,img/red48.jpg,img/red49.jpg,img/red50.jpg","","response","{""index"":1,""type"":""practice"",""color"":""red""}","image-slider-response_noButton","<p>What was the average redness of the array?</p>","1","50","0","function morphedScaleRed() {
    // defining a few helper functions
    function nrange(size, startAt = 0) {
      return [...Array(size).keys()].map(i => i + startAt);
    };
  
    function fillArray(value, len) {
      var arr = [];
      for (var i = 0; i < len; i++) {
        arr.push(value);
      }
      return arr;
    };
  
    function generateSlices(vWidth, nSlices) {
      var step = vWidth*0.6/(nSlices-2);
      var stepArray = fillArray(step,nSlices-2)
      stepArray.unshift(0.2*vWidth)
      stepArray.push(0.2*vWidth)
  
      var bounds = [];
      
      for (var i = 0; i < nSlices; i++) {
        if (i==0) {
          bounds.push([(i*stepArray[i]), (i*stepArray[i])+stepArray[i]])
        } else if (i>0 && i!=nSlices-1) {
          bounds.push([(i*stepArray[i]+0.2*vWidth), (i*stepArray[i])+stepArray[i]+0.2*vWidth])
        } else {
          bounds.push([(vWidth-0.2*vWidth), vWidth])  
        }
      };
      return bounds;
    };
    
    // start trial timer
    var startTime = (new Date()).getTime();
    // get trial data
    var trialData = jsPsych.currentTrial();
  
    // remove the picture scales and the slider
    $('.jspsych-image-slider-response_noButton-container').css(""visibility"", ""hidden"");
    $('img').remove();
    
    // Remove mondrian background for rating phase
    $('body').css('background-image', 'none');
  
    var imgScale = getScaleRed();
    
    // derive the letter of the image filenames
    var imgBase = imgScale[0].split('img/')[1].split('.jpg')[0].replace(/\d+/g, '');
    
    // split the number of the image filenames off from the rest of it
    var nScale = [];
    for (var i = 0; i < imgScale.length-1; i++) {
      var n = imgScale[i].split('img/')[1].split('.jpg')[0].split(imgBase)[1];
      nScale.push(n);
    };
    
    // calculate the element width, and slice it up into sections
    var vWidth = $(document).width();
    var nSlices = nScale.length;
    var slices = generateSlices(vWidth, nSlices);
  
    // setting up initial vertical line to start the mousemove functionality
    var vHeight = $(document).height()-8;
    var lineSlice = vWidth / 10;
    var vertLine = `<div style=""border-left:black;border-style:solid;margin-left:${lineSlice}px; height:${vHeight}px;width:0px;position:absolute;"" id=""vertLine""></div>`;
    var linePrompt = `<div id=""linePrompt""><div style=""font-size:50px;position:absolute;margin-left:${lineSlice*1.3}px;margin-top:${vHeight/2}px""></div><div style=""position:absolute;margin-left:${lineSlice*1.2}px;margin-top:${vHeight/2}px;z-index:5;"">Move mouse left of the line to begin</div></div>`;
    $("".jspsych-content-wrapper"").prepend(vertLine);
    $("".jspsych-content-wrapper"").prepend(linePrompt);
    
    // hide prompt until the trial is begun
    $('#jspsych-content > p').css(""visibility"", ""hidden"");
  
    // initialize the central image with the most neutral one (i.e. from
    // the middle of the scale) and set the image to be blurred
    var initialImage = imgScale[0];
    $('#jspsych-image-slider-response_noButton-stimulus').append(`<img src=""${initialImage}"" style=""filter:blur(4px);visibility:hidden;"" id=""changeable-image""/>`);
  
    // ADD VISUAL SCALE SHOWING MIN/MAX
    var scaleWidth = vWidth * 0.6;
    var scaleLeft = vWidth * 0.2;
    var scaleHtml = `
      <div id=""scale-container"" style=""position:absolute; bottom:120px; left:${scaleLeft}px; width:${scaleWidth}px; height:30px; background-color:rgba(220,220,220,0.7); border-radius:5px; display:none; z-index:10;"">
        <div style=""position:absolute; left:0px; width:2px; height:30px; background-color:black;""></div>
        <div style=""position:absolute; left:0px; top:32px; font-size:12px; color:black;"">Min (1)</div>
        <div style=""position:absolute; right:0px; width:2px; height:30px; background-color:black;""></div>
        <div style=""position:absolute; right:0px; top:32px; font-size:12px; color:black;"">Max (50)</div>
        <div id=""current-marker"" style=""position:absolute; left:0px; width:2px; height:30px; background-color:red; display:none;""></div>
      </div>
    `;
    $("".jspsych-content-wrapper"").append(scaleHtml);
  
    // workaround with a global variable
    window.__imageMouseOver = {
      lineSlice: lineSlice,
      slices: slices,
      nScale: nScale,
      imgBase: imgBase,
      startTime: startTime,
      trialData: trialData,
      sliceSelected: 0,
    };
    var __listenerBools = {};
  
    // define mousemove event listener that changes image
    function changeImg(event) {
      var mouseX = Math.floor(event.pageX);
      
      // Show the scale after interaction begins
      $(""#scale-container"").css(""display"", ""block"");
      
      // Update current marker position based on mouse position
      var scaleWidth = $(""#scale-container"").width();
      var relativePos = Math.max(0, Math.min(mouseX - scaleLeft, scaleWidth));
      var percentPos = (relativePos / scaleWidth) * 100;
      
      $(""#current-marker"").css({
        ""left"": `${relativePos}px`,
        ""display"": ""block""
      });
      
      for (var i = 0; i < __imageMouseOver.slices.length; i++) {
        // if mouse X position is within the bounds of the X axis slice,
        // change the image to one that is indexed to that slice
        if (mouseX >= __imageMouseOver.slices[i][0] && mouseX <= __imageMouseOver.slices[i][1]) {
          // capture which slice is selected
          __imageMouseOver.sliceSelected = i;
          // update img src to the picture that corresponds to that slice
          $('#changeable-image').attr('src', `img/${__imageMouseOver.imgBase}${__imageMouseOver.nScale[i]}.jpg`);
        }
      };
    };
    
    // define the click listener that ends trial
    function clickHandler(event) {
      if (__listenerBools['mousemove']) {
        // derive trial data
        var trialData = __imageMouseOver.trialData;
        var end_time = (new Date()).getTime();
        var rt = end_time - __imageMouseOver.startTime;
        trialData['rt'] = rt;
        trialData['stimulus_duration'] = rt;
        trialData['trial_duration'] = rt;
        trialData['imageSelected'] = `${__imageMouseOver.imgBase}${__imageMouseOver.nScale[__imageMouseOver.sliceSelected]}.jpg`
        trialData['indexSelected'] = __imageMouseOver.sliceSelected;
        // turn off listeners
        $(document).off('mousemove');
        $(document).off('click');
        // clean up variable namespaces
        delete window.__imageMouseOver
        delete __listenerBools;
        // clean up scale
        $(""#scale-container"").remove();
        // finish the trial with trial data
        jsPsych.finishTrial(trialData);
      };
    };
  
    function verticalLineInit(event) {
      var mouseX = Math.floor(event.pageX);
      if (mouseX <= __imageMouseOver.lineSlice) {
        $(""#vertLine"").remove();
        $(""#linePrompt"").remove();
        $(""#jspsych-image-slider-response_noButton-stimulus > img"").css({
          ""filter"":""blur(0px)"",
          ""visibility"": ""visible"",
        });
        $('#jspsych-content > p').css(""visibility"", ""visible"");
        __listenerBools['mousemove'] = true;
        // turn off THIS mouse move listener
        $(document).off(""mousemove"");
        // turn on the mouse move listener that changes the image
        $(document).mousemove(changeImg);
        // add mouse click listener
        $(document).on('click', clickHandler);
      };
    };
  
    // turn on the vertical line mouse move listener
    $(document).mousemove(verticalLineInit);
  }","[object Object]","0","","Continue","5216","5216","true","red3.jpg","2","avg","400","red","4","[1,8,19,14]","10.5","three giraffes","2","","",""
"html-keyboard-response","13","202928","0.0-13.0","573b8bc2f3580b0006ce0986","null","","","","<p style=""font-size: 48px;""> + </p>","null","fixation","","","","","","","","","","","","","","","","","","","","","","","","","","",""
"html-keyboard-response","14","204445","0.0-14.0","573b8bc2f3580b0006ce0986","null","","","","<span class='grid'><div> </div> <div> </div> <div class='red' style='background-position:400% 0%;margin-top:35px'></div> <div> </div> <div> </div> <div> </div> <div class='red' style='background-position:1900% 0%;margin-top:50px'></div> <div class='red' style='background-position:1000% 0%;margin-top:29px'></div> <div class='red' style='background-position:500% 0%;margin-top:46px'></div> <div class='red' style='background-position:1100% 0%;margin-top:20px'></div> <div class='red' style='background-position:2000% 0%;margin-top:40px'></div> <div> </div> <div> </div> <div> </div> <div> </div> <div class='red' style='background-position:900% 0%;margin-top:38px'></div> <div class='red' style='background-position:100% 0%;margin-top:27px'></div></span>","null","stimulus","{""index"":1,""type"":""practice"",""color"":""red""}","","","","","","","","","","","","","","","","","","","","","","","","","",""
"image-slider-response_noButton","15","210323","0.0-15.0","573b8bc2f3580b0006ce0986","5876","","","","img/red1.jpg,img/red2.jpg,img/red3.jpg,img/red4.jpg,img/red5.jpg,img/red6.jpg,img/red7.jpg,img/red8.jpg,img/red9.jpg,img/red10.jpg,img/red11.jpg,img/red12.jpg,img/red13.jpg,img/red14.jpg,img/red15.jpg,img/red16.jpg,img/red17.jpg,img/red18.jpg,img/red19.jpg,img/red20.jpg,img/red21.jpg,img/red22.jpg,img/red23.jpg,img/red24.jpg,img/red25.jpg,img/red26.jpg,img/red27.jpg,img/red28.jpg,img/red29.jpg,img/red30.jpg,img/red31.jpg,img/red32.jpg,img/red33.jpg,img/red34.jpg,img/red35.jpg,img/red36.jpg,img/red37.jpg,img/red38.jpg,img/red39.jpg,img/red40.jpg,img/red41.jpg,img/red42.jpg,img/red43.jpg,img/red44.jpg,img/red45.jpg,img/red46.jpg,img/red47.jpg,img/red48.jpg,img/red49.jpg,img/red50.jpg","","response","{""index"":2,""type"":""practice"",""color"":""red""}","image-slider-response_noButton","<p>What was the average redness of the array?</p>","1","50","0","function morphedScaleRed() {
    // defining a few helper functions
    function nrange(size, startAt = 0) {
      return [...Array(size).keys()].map(i => i + startAt);
    };
  
    function fillArray(value, len) {
      var arr = [];
      for (var i = 0; i < len; i++) {
        arr.push(value);
      }
      return arr;
    };
  
    function generateSlices(vWidth, nSlices) {
      var step = vWidth*0.6/(nSlices-2);
      var stepArray = fillArray(step,nSlices-2)
      stepArray.unshift(0.2*vWidth)
      stepArray.push(0.2*vWidth)
  
      var bounds = [];
      
      for (var i = 0; i < nSlices; i++) {
        if (i==0) {
          bounds.push([(i*stepArray[i]), (i*stepArray[i])+stepArray[i]])
        } else if (i>0 && i!=nSlices-1) {
          bounds.push([(i*stepArray[i]+0.2*vWidth), (i*stepArray[i])+stepArray[i]+0.2*vWidth])
        } else {
          bounds.push([(vWidth-0.2*vWidth), vWidth])  
        }
      };
      return bounds;
    };
    
    // start trial timer
    var startTime = (new Date()).getTime();
    // get trial data
    var trialData = jsPsych.currentTrial();
  
    // remove the picture scales and the slider
    $('.jspsych-image-slider-response_noButton-container').css(""visibility"", ""hidden"");
    $('img').remove();
    
    // Remove mondrian background for rating phase
    $('body').css('background-image', 'none');
  
    var imgScale = getScaleRed();
    
    // derive the letter of the image filenames
    var imgBase = imgScale[0].split('img/')[1].split('.jpg')[0].replace(/\d+/g, '');
    
    // split the number of the image filenames off from the rest of it
    var nScale = [];
    for (var i = 0; i < imgScale.length-1; i++) {
      var n = imgScale[i].split('img/')[1].split('.jpg')[0].split(imgBase)[1];
      nScale.push(n);
    };
    
    // calculate the element width, and slice it up into sections
    var vWidth = $(document).width();
    var nSlices = nScale.length;
    var slices = generateSlices(vWidth, nSlices);
  
    // setting up initial vertical line to start the mousemove functionality
    var vHeight = $(document).height()-8;
    var lineSlice = vWidth / 10;
    var vertLine = `<div style=""border-left:black;border-style:solid;margin-left:${lineSlice}px; height:${vHeight}px;width:0px;position:absolute;"" id=""vertLine""></div>`;
    var linePrompt = `<div id=""linePrompt""><div style=""font-size:50px;position:absolute;margin-left:${lineSlice*1.3}px;margin-top:${vHeight/2}px""></div><div style=""position:absolute;margin-left:${lineSlice*1.2}px;margin-top:${vHeight/2}px;z-index:5;"">Move mouse left of the line to begin</div></div>`;
    $("".jspsych-content-wrapper"").prepend(vertLine);
    $("".jspsych-content-wrapper"").prepend(linePrompt);
    
    // hide prompt until the trial is begun
    $('#jspsych-content > p').css(""visibility"", ""hidden"");
  
    // initialize the central image with the most neutral one (i.e. from
    // the middle of the scale) and set the image to be blurred
    var initialImage = imgScale[0];
    $('#jspsych-image-slider-response_noButton-stimulus').append(`<img src=""${initialImage}"" style=""filter:blur(4px);visibility:hidden;"" id=""changeable-image""/>`);
  
    // ADD VISUAL SCALE SHOWING MIN/MAX
    var scaleWidth = vWidth * 0.6;
    var scaleLeft = vWidth * 0.2;
    var scaleHtml = `
      <div id=""scale-container"" style=""position:absolute; bottom:120px; left:${scaleLeft}px; width:${scaleWidth}px; height:30px; background-color:rgba(220,220,220,0.7); border-radius:5px; display:none; z-index:10;"">
        <div style=""position:absolute; left:0px; width:2px; height:30px; background-color:black;""></div>
        <div style=""position:absolute; left:0px; top:32px; font-size:12px; color:black;"">Min (1)</div>
        <div style=""position:absolute; right:0px; width:2px; height:30px; background-color:black;""></div>
        <div style=""position:absolute; right:0px; top:32px; font-size:12px; color:black;"">Max (50)</div>
        <div id=""current-marker"" style=""position:absolute; left:0px; width:2px; height:30px; background-color:red; display:none;""></div>
      </div>
    `;
    $("".jspsych-content-wrapper"").append(scaleHtml);
  
    // workaround with a global variable
    window.__imageMouseOver = {
      lineSlice: lineSlice,
      slices: slices,
      nScale: nScale,
      imgBase: imgBase,
      startTime: startTime,
      trialData: trialData,
      sliceSelected: 0,
    };
    var __listenerBools = {};
  
    // define mousemove event listener that changes image
    function changeImg(event) {
      var mouseX = Math.floor(event.pageX);
      
      // Show the scale after interaction begins
      $(""#scale-container"").css(""display"", ""block"");
      
      // Update current marker position based on mouse position
      var scaleWidth = $(""#scale-container"").width();
      var relativePos = Math.max(0, Math.min(mouseX - scaleLeft, scaleWidth));
      var percentPos = (relativePos / scaleWidth) * 100;
      
      $(""#current-marker"").css({
        ""left"": `${relativePos}px`,
        ""display"": ""block""
      });
      
      for (var i = 0; i < __imageMouseOver.slices.length; i++) {
        // if mouse X position is within the bounds of the X axis slice,
        // change the image to one that is indexed to that slice
        if (mouseX >= __imageMouseOver.slices[i][0] && mouseX <= __imageMouseOver.slices[i][1]) {
          // capture which slice is selected
          __imageMouseOver.sliceSelected = i;
          // update img src to the picture that corresponds to that slice
          $('#changeable-image').attr('src', `img/${__imageMouseOver.imgBase}${__imageMouseOver.nScale[i]}.jpg`);
        }
      };
    };
    
    // define the click listener that ends trial
    function clickHandler(event) {
      if (__listenerBools['mousemove']) {
        // derive trial data
        var trialData = __imageMouseOver.trialData;
        var end_time = (new Date()).getTime();
        var rt = end_time - __imageMouseOver.startTime;
        trialData['rt'] = rt;
        trialData['stimulus_duration'] = rt;
        trialData['trial_duration'] = rt;
        trialData['imageSelected'] = `${__imageMouseOver.imgBase}${__imageMouseOver.nScale[__imageMouseOver.sliceSelected]}.jpg`
        trialData['indexSelected'] = __imageMouseOver.sliceSelected;
        // turn off listeners
        $(document).off('mousemove');
        $(document).off('click');
        // clean up variable namespaces
        delete window.__imageMouseOver
        delete __listenerBools;
        // clean up scale
        $(""#scale-container"").remove();
        // finish the trial with trial data
        jsPsych.finishTrial(trialData);
      };
    };
  
    function verticalLineInit(event) {
      var mouseX = Math.floor(event.pageX);
      if (mouseX <= __imageMouseOver.lineSlice) {
        $(""#vertLine"").remove();
        $(""#linePrompt"").remove();
        $(""#jspsych-image-slider-response_noButton-stimulus > img"").css({
          ""filter"":""blur(0px)"",
          ""visibility"": ""visible"",
        });
        $('#jspsych-content > p').css(""visibility"", ""visible"");
        __listenerBools['mousemove'] = true;
        // turn off THIS mouse move listener
        $(document).off(""mousemove"");
        // turn on the mouse move listener that changes the image
        $(document).mousemove(changeImg);
        // add mouse click listener
        $(document).on('click', clickHandler);
      };
    };
  
    // turn on the vertical line mouse move listener
    $(document).mousemove(verticalLineInit);
  }","[object Object]","0","","Continue","5876","5876","true","red7.jpg","6","avg","400","red","8","[5,4,9,20,1,11,19,10]","9.875","three giraffes","3","","",""
"html-keyboard-response","16","210834","0.0-16.0","573b8bc2f3580b0006ce0986","null","","","","<p style=""font-size: 48px;""> + </p>","null","fixation","","","","","","","","","","","","","","","","","","","","","","","","","","",""
"html-keyboard-response","17","212350","0.0-17.0","573b8bc2f3580b0006ce0986","null","","","","<span class='grid'><div> </div> <div> </div> <div> </div> <div> </div> <div> </div> <div> </div> <div class='red' style='background-position:1000% 0%;margin-top:43px'></div> <div> </div> <div> </div> <div> </div> <div class='red' style='background-position:1600% 0%;margin-top:46px'></div> <div> </div> <div> </div> <div> </div></span>","null","stimulus","{""index"":2,""type"":""practice"",""color"":""red""}","","","","","","","","","","","","","","","","","","","","","","","","","",""
"image-slider-response_noButton","18","220215","0.0-18.0","573b8bc2f3580b0006ce0986","7864","","","","img/red1.jpg,img/red2.jpg,img/red3.jpg,img/red4.jpg,img/red5.jpg,img/red6.jpg,img/red7.jpg,img/red8.jpg,img/red9.jpg,img/red10.jpg,img/red11.jpg,img/red12.jpg,img/red13.jpg,img/red14.jpg,img/red15.jpg,img/red16.jpg,img/red17.jpg,img/red18.jpg,img/red19.jpg,img/red20.jpg,img/red21.jpg,img/red22.jpg,img/red23.jpg,img/red24.jpg,img/red25.jpg,img/red26.jpg,img/red27.jpg,img/red28.jpg,img/red29.jpg,img/red30.jpg,img/red31.jpg,img/red32.jpg,img/red33.jpg,img/red34.jpg,img/red35.jpg,img/red36.jpg,img/red37.jpg,img/red38.jpg,img/red39.jpg,img/red40.jpg,img/red41.jpg,img/red42.jpg,img/red43.jpg,img/red44.jpg,img/red45.jpg,img/red46.jpg,img/red47.jpg,img/red48.jpg,img/red49.jpg,img/red50.jpg","","response","{""index"":3,""type"":""practice"",""color"":""red""}","image-slider-response_noButton","<p>What was the average redness of the array?</p>","1","50","0","function morphedScaleRed() {
    // defining a few helper functions
    function nrange(size, startAt = 0) {
      return [...Array(size).keys()].map(i => i + startAt);
    };
  
    function fillArray(value, len) {
      var arr = [];
      for (var i = 0; i < len; i++) {
        arr.push(value);
      }
      return arr;
    };
  
    function generateSlices(vWidth, nSlices) {
      var step = vWidth*0.6/(nSlices-2);
      var stepArray = fillArray(step,nSlices-2)
      stepArray.unshift(0.2*vWidth)
      stepArray.push(0.2*vWidth)
  
      var bounds = [];
      
      for (var i = 0; i < nSlices; i++) {
        if (i==0) {
          bounds.push([(i*stepArray[i]), (i*stepArray[i])+stepArray[i]])
        } else if (i>0 && i!=nSlices-1) {
          bounds.push([(i*stepArray[i]+0.2*vWidth), (i*stepArray[i])+stepArray[i]+0.2*vWidth])
        } else {
          bounds.push([(vWidth-0.2*vWidth), vWidth])  
        }
      };
      return bounds;
    };
    
    // start trial timer
    var startTime = (new Date()).getTime();
    // get trial data
    var trialData = jsPsych.currentTrial();
  
    // remove the picture scales and the slider
    $('.jspsych-image-slider-response_noButton-container').css(""visibility"", ""hidden"");
    $('img').remove();
    
    // Remove mondrian background for rating phase
    $('body').css('background-image', 'none');
  
    var imgScale = getScaleRed();
    
    // derive the letter of the image filenames
    var imgBase = imgScale[0].split('img/')[1].split('.jpg')[0].replace(/\d+/g, '');
    
    // split the number of the image filenames off from the rest of it
    var nScale = [];
    for (var i = 0; i < imgScale.length-1; i++) {
      var n = imgScale[i].split('img/')[1].split('.jpg')[0].split(imgBase)[1];
      nScale.push(n);
    };
    
    // calculate the element width, and slice it up into sections
    var vWidth = $(document).width();
    var nSlices = nScale.length;
    var slices = generateSlices(vWidth, nSlices);
  
    // setting up initial vertical line to start the mousemove functionality
    var vHeight = $(document).height()-8;
    var lineSlice = vWidth / 10;
    var vertLine = `<div style=""border-left:black;border-style:solid;margin-left:${lineSlice}px; height:${vHeight}px;width:0px;position:absolute;"" id=""vertLine""></div>`;
    var linePrompt = `<div id=""linePrompt""><div style=""font-size:50px;position:absolute;margin-left:${lineSlice*1.3}px;margin-top:${vHeight/2}px""></div><div style=""position:absolute;margin-left:${lineSlice*1.2}px;margin-top:${vHeight/2}px;z-index:5;"">Move mouse left of the line to begin</div></div>`;
    $("".jspsych-content-wrapper"").prepend(vertLine);
    $("".jspsych-content-wrapper"").prepend(linePrompt);
    
    // hide prompt until the trial is begun
    $('#jspsych-content > p').css(""visibility"", ""hidden"");
  
    // initialize the central image with the most neutral one (i.e. from
    // the middle of the scale) and set the image to be blurred
    var initialImage = imgScale[0];
    $('#jspsych-image-slider-response_noButton-stimulus').append(`<img src=""${initialImage}"" style=""filter:blur(4px);visibility:hidden;"" id=""changeable-image""/>`);
  
    // ADD VISUAL SCALE SHOWING MIN/MAX
    var scaleWidth = vWidth * 0.6;
    var scaleLeft = vWidth * 0.2;
    var scaleHtml = `
      <div id=""scale-container"" style=""position:absolute; bottom:120px; left:${scaleLeft}px; width:${scaleWidth}px; height:30px; background-color:rgba(220,220,220,0.7); border-radius:5px; display:none; z-index:10;"">
        <div style=""position:absolute; left:0px; width:2px; height:30px; background-color:black;""></div>
        <div style=""position:absolute; left:0px; top:32px; font-size:12px; color:black;"">Min (1)</div>
        <div style=""position:absolute; right:0px; width:2px; height:30px; background-color:black;""></div>
        <div style=""position:absolute; right:0px; top:32px; font-size:12px; color:black;"">Max (50)</div>
        <div id=""current-marker"" style=""position:absolute; left:0px; width:2px; height:30px; background-color:red; display:none;""></div>
      </div>
    `;
    $("".jspsych-content-wrapper"").append(scaleHtml);
  
    // workaround with a global variable
    window.__imageMouseOver = {
      lineSlice: lineSlice,
      slices: slices,
      nScale: nScale,
      imgBase: imgBase,
      startTime: startTime,
      trialData: trialData,
      sliceSelected: 0,
    };
    var __listenerBools = {};
  
    // define mousemove event listener that changes image
    function changeImg(event) {
      var mouseX = Math.floor(event.pageX);
      
      // Show the scale after interaction begins
      $(""#scale-container"").css(""display"", ""block"");
      
      // Update current marker position based on mouse position
      var scaleWidth = $(""#scale-container"").width();
      var relativePos = Math.max(0, Math.min(mouseX - scaleLeft, scaleWidth));
      var percentPos = (relativePos / scaleWidth) * 100;
      
      $(""#current-marker"").css({
        ""left"": `${relativePos}px`,
        ""display"": ""block""
      });
      
      for (var i = 0; i < __imageMouseOver.slices.length; i++) {
        // if mouse X position is within the bounds of the X axis slice,
        // change the image to one that is indexed to that slice
        if (mouseX >= __imageMouseOver.slices[i][0] && mouseX <= __imageMouseOver.slices[i][1]) {
          // capture which slice is selected
          __imageMouseOver.sliceSelected = i;
          // update img src to the picture that corresponds to that slice
          $('#changeable-image').attr('src', `img/${__imageMouseOver.imgBase}${__imageMouseOver.nScale[i]}.jpg`);
        }
      };
    };
    
    // define the click listener that ends trial
    function clickHandler(event) {
      if (__listenerBools['mousemove']) {
        // derive trial data
        var trialData = __imageMouseOver.trialData;
        var end_time = (new Date()).getTime();
        var rt = end_time - __imageMouseOver.startTime;
        trialData['rt'] = rt;
        trialData['stimulus_duration'] = rt;
        trialData['trial_duration'] = rt;
        trialData['imageSelected'] = `${__imageMouseOver.imgBase}${__imageMouseOver.nScale[__imageMouseOver.sliceSelected]}.jpg`
        trialData['indexSelected'] = __imageMouseOver.sliceSelected;
        // turn off listeners
        $(document).off('mousemove');
        $(document).off('click');
        // clean up variable namespaces
        delete window.__imageMouseOver
        delete __listenerBools;
        // clean up scale
        $(""#scale-container"").remove();
        // finish the trial with trial data
        jsPsych.finishTrial(trialData);
      };
    };
  
    function verticalLineInit(event) {
      var mouseX = Math.floor(event.pageX);
      if (mouseX <= __imageMouseOver.lineSlice) {
        $(""#vertLine"").remove();
        $(""#linePrompt"").remove();
        $(""#jspsych-image-slider-response_noButton-stimulus > img"").css({
          ""filter"":""blur(0px)"",
          ""visibility"": ""visible"",
        });
        $('#jspsych-content > p').css(""visibility"", ""visible"");
        __listenerBools['mousemove'] = true;
        // turn off THIS mouse move listener
        $(document).off(""mousemove"");
        // turn on the mouse move listener that changes the image
        $(document).mousemove(changeImg);
        // add mouse click listener
        $(document).on('click', clickHandler);
      };
    };
  
    // turn on the vertical line mouse move listener
    $(document).mousemove(verticalLineInit);
  }","[object Object]","0","","Continue","7864","7864","true","red6.jpg","5","avg","500","red","2","[16,10]","13","three giraffes","4","","",""
"html-keyboard-response","19","220823","0.0-19.0","573b8bc2f3580b0006ce0986","null","","","","<p style=""font-size: 48px;""> + </p>","null","fixation","","","","","","","","","","","","","","","","","","","","","","","","","","",""
"html-keyboard-response","20","222332","0.0-20.0","573b8bc2f3580b0006ce0986","null","","","","<span class='grid'><div> </div> <div> </div> <div class='red' style='background-position:400% 0%;margin-top:24px'></div> <div> </div> <div> </div> <div> </div> <div class='red' style='background-position:1000% 0%;margin-top:37px'></div> <div class='red' style='background-position:1300% 0%;margin-top:27px'></div> <div> </div> <div> </div> <div> </div> <div class='red' style='background-position:100% 0%;margin-top:23px'></div> <div> </div> <div> </div> <div> </div></span>","null","stimulus","{""index"":3,""type"":""practice"",""color"":""red""}","","","","","","","","","","","","","","","","","","","","","","","","","",""
"image-slider-response_noButton","21","227301","0.0-21.0","573b8bc2f3580b0006ce0986","4969","","","","img/red1.jpg,img/red2.jpg,img/red3.jpg,img/red4.jpg,img/red5.jpg,img/red6.jpg,img/red7.jpg,img/red8.jpg,img/red9.jpg,img/red10.jpg,img/red11.jpg,img/red12.jpg,img/red13.jpg,img/red14.jpg,img/red15.jpg,img/red16.jpg,img/red17.jpg,img/red18.jpg,img/red19.jpg,img/red20.jpg,img/red21.jpg,img/red22.jpg,img/red23.jpg,img/red24.jpg,img/red25.jpg,img/red26.jpg,img/red27.jpg,img/red28.jpg,img/red29.jpg,img/red30.jpg,img/red31.jpg,img/red32.jpg,img/red33.jpg,img/red34.jpg,img/red35.jpg,img/red36.jpg,img/red37.jpg,img/red38.jpg,img/red39.jpg,img/red40.jpg,img/red41.jpg,img/red42.jpg,img/red43.jpg,img/red44.jpg,img/red45.jpg,img/red46.jpg,img/red47.jpg,img/red48.jpg,img/red49.jpg,img/red50.jpg","","response","{""index"":4,""type"":""practice"",""color"":""red""}","image-slider-response_noButton","<p>What was the average redness of the array?</p>","1","50","0","function morphedScaleRed() {
    // defining a few helper functions
    function nrange(size, startAt = 0) {
      return [...Array(size).keys()].map(i => i + startAt);
    };
  
    function fillArray(value, len) {
      var arr = [];
      for (var i = 0; i < len; i++) {
        arr.push(value);
      }
      return arr;
    };
  
    function generateSlices(vWidth, nSlices) {
      var step = vWidth*0.6/(nSlices-2);
      var stepArray = fillArray(step,nSlices-2)
      stepArray.unshift(0.2*vWidth)
      stepArray.push(0.2*vWidth)
  
      var bounds = [];
      
      for (var i = 0; i < nSlices; i++) {
        if (i==0) {
          bounds.push([(i*stepArray[i]), (i*stepArray[i])+stepArray[i]])
        } else if (i>0 && i!=nSlices-1) {
          bounds.push([(i*stepArray[i]+0.2*vWidth), (i*stepArray[i])+stepArray[i]+0.2*vWidth])
        } else {
          bounds.push([(vWidth-0.2*vWidth), vWidth])  
        }
      };
      return bounds;
    };
    
    // start trial timer
    var startTime = (new Date()).getTime();
    // get trial data
    var trialData = jsPsych.currentTrial();
  
    // remove the picture scales and the slider
    $('.jspsych-image-slider-response_noButton-container').css(""visibility"", ""hidden"");
    $('img').remove();
    
    // Remove mondrian background for rating phase
    $('body').css('background-image', 'none');
  
    var imgScale = getScaleRed();
    
    // derive the letter of the image filenames
    var imgBase = imgScale[0].split('img/')[1].split('.jpg')[0].replace(/\d+/g, '');
    
    // split the number of the image filenames off from the rest of it
    var nScale = [];
    for (var i = 0; i < imgScale.length-1; i++) {
      var n = imgScale[i].split('img/')[1].split('.jpg')[0].split(imgBase)[1];
      nScale.push(n);
    };
    
    // calculate the element width, and slice it up into sections
    var vWidth = $(document).width();
    var nSlices = nScale.length;
    var slices = generateSlices(vWidth, nSlices);
  
    // setting up initial vertical line to start the mousemove functionality
    var vHeight = $(document).height()-8;
    var lineSlice = vWidth / 10;
    var vertLine = `<div style=""border-left:black;border-style:solid;margin-left:${lineSlice}px; height:${vHeight}px;width:0px;position:absolute;"" id=""vertLine""></div>`;
    var linePrompt = `<div id=""linePrompt""><div style=""font-size:50px;position:absolute;margin-left:${lineSlice*1.3}px;margin-top:${vHeight/2}px""></div><div style=""position:absolute;margin-left:${lineSlice*1.2}px;margin-top:${vHeight/2}px;z-index:5;"">Move mouse left of the line to begin</div></div>`;
    $("".jspsych-content-wrapper"").prepend(vertLine);
    $("".jspsych-content-wrapper"").prepend(linePrompt);
    
    // hide prompt until the trial is begun
    $('#jspsych-content > p').css(""visibility"", ""hidden"");
  
    // initialize the central image with the most neutral one (i.e. from
    // the middle of the scale) and set the image to be blurred
    var initialImage = imgScale[0];
    $('#jspsych-image-slider-response_noButton-stimulus').append(`<img src=""${initialImage}"" style=""filter:blur(4px);visibility:hidden;"" id=""changeable-image""/>`);
  
    // ADD VISUAL SCALE SHOWING MIN/MAX
    var scaleWidth = vWidth * 0.6;
    var scaleLeft = vWidth * 0.2;
    var scaleHtml = `
      <div id=""scale-container"" style=""position:absolute; bottom:120px; left:${scaleLeft}px; width:${scaleWidth}px; height:30px; background-color:rgba(220,220,220,0.7); border-radius:5px; display:none; z-index:10;"">
        <div style=""position:absolute; left:0px; width:2px; height:30px; background-color:black;""></div>
        <div style=""position:absolute; left:0px; top:32px; font-size:12px; color:black;"">Min (1)</div>
        <div style=""position:absolute; right:0px; width:2px; height:30px; background-color:black;""></div>
        <div style=""position:absolute; right:0px; top:32px; font-size:12px; color:black;"">Max (50)</div>
        <div id=""current-marker"" style=""position:absolute; left:0px; width:2px; height:30px; background-color:red; display:none;""></div>
      </div>
    `;
    $("".jspsych-content-wrapper"").append(scaleHtml);
  
    // workaround with a global variable
    window.__imageMouseOver = {
      lineSlice: lineSlice,
      slices: slices,
      nScale: nScale,
      imgBase: imgBase,
      startTime: startTime,
      trialData: trialData,
      sliceSelected: 0,
    };
    var __listenerBools = {};
  
    // define mousemove event listener that changes image
    function changeImg(event) {
      var mouseX = Math.floor(event.pageX);
      
      // Show the scale after interaction begins
      $(""#scale-container"").css(""display"", ""block"");
      
      // Update current marker position based on mouse position
      var scaleWidth = $(""#scale-container"").width();
      var relativePos = Math.max(0, Math.min(mouseX - scaleLeft, scaleWidth));
      var percentPos = (relativePos / scaleWidth) * 100;
      
      $(""#current-marker"").css({
        ""left"": `${relativePos}px`,
        ""display"": ""block""
      });
      
      for (var i = 0; i < __imageMouseOver.slices.length; i++) {
        // if mouse X position is within the bounds of the X axis slice,
        // change the image to one that is indexed to that slice
        if (mouseX >= __imageMouseOver.slices[i][0] && mouseX <= __imageMouseOver.slices[i][1]) {
          // capture which slice is selected
          __imageMouseOver.sliceSelected = i;
          // update img src to the picture that corresponds to that slice
          $('#changeable-image').attr('src', `img/${__imageMouseOver.imgBase}${__imageMouseOver.nScale[i]}.jpg`);
        }
      };
    };
    
    // define the click listener that ends trial
    function clickHandler(event) {
      if (__listenerBools['mousemove']) {
        // derive trial data
        var trialData = __imageMouseOver.trialData;
        var end_time = (new Date()).getTime();
        var rt = end_time - __imageMouseOver.startTime;
        trialData['rt'] = rt;
        trialData['stimulus_duration'] = rt;
        trialData['trial_duration'] = rt;
        trialData['imageSelected'] = `${__imageMouseOver.imgBase}${__imageMouseOver.nScale[__imageMouseOver.sliceSelected]}.jpg`
        trialData['indexSelected'] = __imageMouseOver.sliceSelected;
        // turn off listeners
        $(document).off('mousemove');
        $(document).off('click');
        // clean up variable namespaces
        delete window.__imageMouseOver
        delete __listenerBools;
        // clean up scale
        $(""#scale-container"").remove();
        // finish the trial with trial data
        jsPsych.finishTrial(trialData);
      };
    };
  
    function verticalLineInit(event) {
      var mouseX = Math.floor(event.pageX);
      if (mouseX <= __imageMouseOver.lineSlice) {
        $(""#vertLine"").remove();
        $(""#linePrompt"").remove();
        $(""#jspsych-image-slider-response_noButton-stimulus > img"").css({
          ""filter"":""blur(0px)"",
          ""visibility"": ""visible"",
        });
        $('#jspsych-content > p').css(""visibility"", ""visible"");
        __listenerBools['mousemove'] = true;
        // turn off THIS mouse move listener
        $(document).off(""mousemove"");
        // turn on the mouse move listener that changes the image
        $(document).mousemove(changeImg);
        // add mouse click listener
        $(document).on('click', clickHandler);
      };
    };
  
    // turn on the vertical line mouse move listener
    $(document).mousemove(verticalLineInit);
  }","[object Object]","0","","Continue","4969","4969","true","red7.jpg","6","avg","600","red","4","[10,13,1,4]","7","three giraffes","5","","",""
"html-keyboard-response","22","227809","0.0-22.0","573b8bc2f3580b0006ce0986","null","","","","<p style=""font-size: 48px;""> + </p>","null","fixation","","","","","","","","","","","","","","","","","","","","","","","","","","",""
"html-keyboard-response","23","229316","0.0-23.0","573b8bc2f3580b0006ce0986","null","","","","<span class='grid'><div> </div> <div> </div> <div> </div> <div> </div> <div class='red' style='background-position:3300% 0%;margin-top:28px'></div> <div class='red' style='background-position:4000% 0%;margin-top:35px'></div> <div> </div> <div> </div> <div> </div> <div> </div> <div> </div> <div class='red' style='background-position:3900% 0%;margin-top:21px'></div> <div> </div> <div> </div> <div> </div></span>","null","stimulus","{""index"":4,""type"":""practice"",""color"":""red""}","","","","","","","","","","","","","","","","","","","","","","","","","",""
"image-slider-response_noButton","24","238228","0.0-24.0","573b8bc2f3580b0006ce0986","8911","","","","img/red1.jpg,img/red2.jpg,img/red3.jpg,img/red4.jpg,img/red5.jpg,img/red6.jpg,img/red7.jpg,img/red8.jpg,img/red9.jpg,img/red10.jpg,img/red11.jpg,img/red12.jpg,img/red13.jpg,img/red14.jpg,img/red15.jpg,img/red16.jpg,img/red17.jpg,img/red18.jpg,img/red19.jpg,img/red20.jpg,img/red21.jpg,img/red22.jpg,img/red23.jpg,img/red24.jpg,img/red25.jpg,img/red26.jpg,img/red27.jpg,img/red28.jpg,img/red29.jpg,img/red30.jpg,img/red31.jpg,img/red32.jpg,img/red33.jpg,img/red34.jpg,img/red35.jpg,img/red36.jpg,img/red37.jpg,img/red38.jpg,img/red39.jpg,img/red40.jpg,img/red41.jpg,img/red42.jpg,img/red43.jpg,img/red44.jpg,img/red45.jpg,img/red46.jpg,img/red47.jpg,img/red48.jpg,img/red49.jpg,img/red50.jpg","","response","{""index"":5,""type"":""practice"",""color"":""red""}","image-slider-response_noButton","<p>What was the average redness of the array?</p>","1","50","0","function morphedScaleRed() {
    // defining a few helper functions
    function nrange(size, startAt = 0) {
      return [...Array(size).keys()].map(i => i + startAt);
    };
  
    function fillArray(value, len) {
      var arr = [];
      for (var i = 0; i < len; i++) {
        arr.push(value);
      }
      return arr;
    };
  
    function generateSlices(vWidth, nSlices) {
      var step = vWidth*0.6/(nSlices-2);
      var stepArray = fillArray(step,nSlices-2)
      stepArray.unshift(0.2*vWidth)
      stepArray.push(0.2*vWidth)
  
      var bounds = [];
      
      for (var i = 0; i < nSlices; i++) {
        if (i==0) {
          bounds.push([(i*stepArray[i]), (i*stepArray[i])+stepArray[i]])
        } else if (i>0 && i!=nSlices-1) {
          bounds.push([(i*stepArray[i]+0.2*vWidth), (i*stepArray[i])+stepArray[i]+0.2*vWidth])
        } else {
          bounds.push([(vWidth-0.2*vWidth), vWidth])  
        }
      };
      return bounds;
    };
    
    // start trial timer
    var startTime = (new Date()).getTime();
    // get trial data
    var trialData = jsPsych.currentTrial();
  
    // remove the picture scales and the slider
    $('.jspsych-image-slider-response_noButton-container').css(""visibility"", ""hidden"");
    $('img').remove();
    
    // Remove mondrian background for rating phase
    $('body').css('background-image', 'none');
  
    var imgScale = getScaleRed();
    
    // derive the letter of the image filenames
    var imgBase = imgScale[0].split('img/')[1].split('.jpg')[0].replace(/\d+/g, '');
    
    // split the number of the image filenames off from the rest of it
    var nScale = [];
    for (var i = 0; i < imgScale.length-1; i++) {
      var n = imgScale[i].split('img/')[1].split('.jpg')[0].split(imgBase)[1];
      nScale.push(n);
    };
    
    // calculate the element width, and slice it up into sections
    var vWidth = $(document).width();
    var nSlices = nScale.length;
    var slices = generateSlices(vWidth, nSlices);
  
    // setting up initial vertical line to start the mousemove functionality
    var vHeight = $(document).height()-8;
    var lineSlice = vWidth / 10;
    var vertLine = `<div style=""border-left:black;border-style:solid;margin-left:${lineSlice}px; height:${vHeight}px;width:0px;position:absolute;"" id=""vertLine""></div>`;
    var linePrompt = `<div id=""linePrompt""><div style=""font-size:50px;position:absolute;margin-left:${lineSlice*1.3}px;margin-top:${vHeight/2}px""></div><div style=""position:absolute;margin-left:${lineSlice*1.2}px;margin-top:${vHeight/2}px;z-index:5;"">Move mouse left of the line to begin</div></div>`;
    $("".jspsych-content-wrapper"").prepend(vertLine);
    $("".jspsych-content-wrapper"").prepend(linePrompt);
    
    // hide prompt until the trial is begun
    $('#jspsych-content > p').css(""visibility"", ""hidden"");
  
    // initialize the central image with the most neutral one (i.e. from
    // the middle of the scale) and set the image to be blurred
    var initialImage = imgScale[0];
    $('#jspsych-image-slider-response_noButton-stimulus').append(`<img src=""${initialImage}"" style=""filter:blur(4px);visibility:hidden;"" id=""changeable-image""/>`);
  
    // ADD VISUAL SCALE SHOWING MIN/MAX
    var scaleWidth = vWidth * 0.6;
    var scaleLeft = vWidth * 0.2;
    var scaleHtml = `
      <div id=""scale-container"" style=""position:absolute; bottom:120px; left:${scaleLeft}px; width:${scaleWidth}px; height:30px; background-color:rgba(220,220,220,0.7); border-radius:5px; display:none; z-index:10;"">
        <div style=""position:absolute; left:0px; width:2px; height:30px; background-color:black;""></div>
        <div style=""position:absolute; left:0px; top:32px; font-size:12px; color:black;"">Min (1)</div>
        <div style=""position:absolute; right:0px; width:2px; height:30px; background-color:black;""></div>
        <div style=""position:absolute; right:0px; top:32px; font-size:12px; color:black;"">Max (50)</div>
        <div id=""current-marker"" style=""position:absolute; left:0px; width:2px; height:30px; background-color:red; display:none;""></div>
      </div>
    `;
    $("".jspsych-content-wrapper"").append(scaleHtml);
  
    // workaround with a global variable
    window.__imageMouseOver = {
      lineSlice: lineSlice,
      slices: slices,
      nScale: nScale,
      imgBase: imgBase,
      startTime: startTime,
      trialData: trialData,
      sliceSelected: 0,
    };
    var __listenerBools = {};
  
    // define mousemove event listener that changes image
    function changeImg(event) {
      var mouseX = Math.floor(event.pageX);
      
      // Show the scale after interaction begins
      $(""#scale-container"").css(""display"", ""block"");
      
      // Update current marker position based on mouse position
      var scaleWidth = $(""#scale-container"").width();
      var relativePos = Math.max(0, Math.min(mouseX - scaleLeft, scaleWidth));
      var percentPos = (relativePos / scaleWidth) * 100;
      
      $(""#current-marker"").css({
        ""left"": `${relativePos}px`,
        ""display"": ""block""
      });
      
      for (var i = 0; i < __imageMouseOver.slices.length; i++) {
        // if mouse X position is within the bounds of the X axis slice,
        // change the image to one that is indexed to that slice
        if (mouseX >= __imageMouseOver.slices[i][0] && mouseX <= __imageMouseOver.slices[i][1]) {
          // capture which slice is selected
          __imageMouseOver.sliceSelected = i;
          // update img src to the picture that corresponds to that slice
          $('#changeable-image').attr('src', `img/${__imageMouseOver.imgBase}${__imageMouseOver.nScale[i]}.jpg`);
        }
      };
    };
    
    // define the click listener that ends trial
    function clickHandler(event) {
      if (__listenerBools['mousemove']) {
        // derive trial data
        var trialData = __imageMouseOver.trialData;
        var end_time = (new Date()).getTime();
        var rt = end_time - __imageMouseOver.startTime;
        trialData['rt'] = rt;
        trialData['stimulus_duration'] = rt;
        trialData['trial_duration'] = rt;
        trialData['imageSelected'] = `${__imageMouseOver.imgBase}${__imageMouseOver.nScale[__imageMouseOver.sliceSelected]}.jpg`
        trialData['indexSelected'] = __imageMouseOver.sliceSelected;
        // turn off listeners
        $(document).off('mousemove');
        $(document).off('click');
        // clean up variable namespaces
        delete window.__imageMouseOver
        delete __listenerBools;
        // clean up scale
        $(""#scale-container"").remove();
        // finish the trial with trial data
        jsPsych.finishTrial(trialData);
      };
    };
  
    function verticalLineInit(event) {
      var mouseX = Math.floor(event.pageX);
      if (mouseX <= __imageMouseOver.lineSlice) {
        $(""#vertLine"").remove();
        $(""#linePrompt"").remove();
        $(""#jspsych-image-slider-response_noButton-stimulus > img"").css({
          ""filter"":""blur(0px)"",
          ""visibility"": ""visible"",
        });
        $('#jspsych-content > p').css(""visibility"", ""visible"");
        __listenerBools['mousemove'] = true;
        // turn off THIS mouse move listener
        $(document).off(""mousemove"");
        // turn on the mouse move listener that changes the image
        $(document).mousemove(changeImg);
        // add mouse click listener
        $(document).on('click', clickHandler);
      };
    };
  
    // turn on the vertical line mouse move listener
    $(document).mousemove(verticalLineInit);
  }","[object Object]","0","","Continue","8911","8911","true","red36.jpg","35","avg","500","red","3","[39,40,33]","37.333333333333336","three giraffes","6","","",""
"html-keyboard-response","25","238632","0.0-25.0","573b8bc2f3580b0006ce0986","null","","","","<p style=""font-size: 48px;""> + </p>","null","fixation","","","","","","","","","","","","","","","","","","","","","","","","","","",""
"html-keyboard-response","26","240142","0.0-26.0","573b8bc2f3580b0006ce0986","null","","","","<span class='grid'><div class='red' style='background-position:2900% 0%;margin-top:30px'></div> <div> </div> <div> </div> <div class='red' style='background-position:4700% 0%;margin-top:43px'></div> <div> </div> <div> </div> <div class='red' style='background-position:4800% 0%;margin-top:22px'></div> <div> </div> <div class='red' style='background-position:3300% 0%;margin-top:28px'></div> <div class='red' style='background-position:3100% 0%;margin-top:42px'></div> <div> </div> <div> </div> <div> </div> <div> </div> <div> </div> <div class='red' style='background-position:3500% 0%;margin-top:28px'></div></span>","null","stimulus","{""index"":5,""type"":""practice"",""color"":""red""}","","","","","","","","","","","","","","","","","","","","","","","","","",""
"image-slider-response_noButton","27","248120","0.0-27.0","573b8bc2f3580b0006ce0986","7977","","","","img/red1.jpg,img/red2.jpg,img/red3.jpg,img/red4.jpg,img/red5.jpg,img/red6.jpg,img/red7.jpg,img/red8.jpg,img/red9.jpg,img/red10.jpg,img/red11.jpg,img/red12.jpg,img/red13.jpg,img/red14.jpg,img/red15.jpg,img/red16.jpg,img/red17.jpg,img/red18.jpg,img/red19.jpg,img/red20.jpg,img/red21.jpg,img/red22.jpg,img/red23.jpg,img/red24.jpg,img/red25.jpg,img/red26.jpg,img/red27.jpg,img/red28.jpg,img/red29.jpg,img/red30.jpg,img/red31.jpg,img/red32.jpg,img/red33.jpg,img/red34.jpg,img/red35.jpg,img/red36.jpg,img/red37.jpg,img/red38.jpg,img/red39.jpg,img/red40.jpg,img/red41.jpg,img/red42.jpg,img/red43.jpg,img/red44.jpg,img/red45.jpg,img/red46.jpg,img/red47.jpg,img/red48.jpg,img/red49.jpg,img/red50.jpg","","response","{""index"":6,""type"":""practice"",""color"":""red""}","image-slider-response_noButton","<p>What was the average redness of the array?</p>","1","50","0","function morphedScaleRed() {
    // defining a few helper functions
    function nrange(size, startAt = 0) {
      return [...Array(size).keys()].map(i => i + startAt);
    };
  
    function fillArray(value, len) {
      var arr = [];
      for (var i = 0; i < len; i++) {
        arr.push(value);
      }
      return arr;
    };
  
    function generateSlices(vWidth, nSlices) {
      var step = vWidth*0.6/(nSlices-2);
      var stepArray = fillArray(step,nSlices-2)
      stepArray.unshift(0.2*vWidth)
      stepArray.push(0.2*vWidth)
  
      var bounds = [];
      
      for (var i = 0; i < nSlices; i++) {
        if (i==0) {
          bounds.push([(i*stepArray[i]), (i*stepArray[i])+stepArray[i]])
        } else if (i>0 && i!=nSlices-1) {
          bounds.push([(i*stepArray[i]+0.2*vWidth), (i*stepArray[i])+stepArray[i]+0.2*vWidth])
        } else {
          bounds.push([(vWidth-0.2*vWidth), vWidth])  
        }
      };
      return bounds;
    };
    
    // start trial timer
    var startTime = (new Date()).getTime();
    // get trial data
    var trialData = jsPsych.currentTrial();
  
    // remove the picture scales and the slider
    $('.jspsych-image-slider-response_noButton-container').css(""visibility"", ""hidden"");
    $('img').remove();
    
    // Remove mondrian background for rating phase
    $('body').css('background-image', 'none');
  
    var imgScale = getScaleRed();
    
    // derive the letter of the image filenames
    var imgBase = imgScale[0].split('img/')[1].split('.jpg')[0].replace(/\d+/g, '');
    
    // split the number of the image filenames off from the rest of it
    var nScale = [];
    for (var i = 0; i < imgScale.length-1; i++) {
      var n = imgScale[i].split('img/')[1].split('.jpg')[0].split(imgBase)[1];
      nScale.push(n);
    };
    
    // calculate the element width, and slice it up into sections
    var vWidth = $(document).width();
    var nSlices = nScale.length;
    var slices = generateSlices(vWidth, nSlices);
  
    // setting up initial vertical line to start the mousemove functionality
    var vHeight = $(document).height()-8;
    var lineSlice = vWidth / 10;
    var vertLine = `<div style=""border-left:black;border-style:solid;margin-left:${lineSlice}px; height:${vHeight}px;width:0px;position:absolute;"" id=""vertLine""></div>`;
    var linePrompt = `<div id=""linePrompt""><div style=""font-size:50px;position:absolute;margin-left:${lineSlice*1.3}px;margin-top:${vHeight/2}px""></div><div style=""position:absolute;margin-left:${lineSlice*1.2}px;margin-top:${vHeight/2}px;z-index:5;"">Move mouse left of the line to begin</div></div>`;
    $("".jspsych-content-wrapper"").prepend(vertLine);
    $("".jspsych-content-wrapper"").prepend(linePrompt);
    
    // hide prompt until the trial is begun
    $('#jspsych-content > p').css(""visibility"", ""hidden"");
  
    // initialize the central image with the most neutral one (i.e. from
    // the middle of the scale) and set the image to be blurred
    var initialImage = imgScale[0];
    $('#jspsych-image-slider-response_noButton-stimulus').append(`<img src=""${initialImage}"" style=""filter:blur(4px);visibility:hidden;"" id=""changeable-image""/>`);
  
    // ADD VISUAL SCALE SHOWING MIN/MAX
    var scaleWidth = vWidth * 0.6;
    var scaleLeft = vWidth * 0.2;
    var scaleHtml = `
      <div id=""scale-container"" style=""position:absolute; bottom:120px; left:${scaleLeft}px; width:${scaleWidth}px; height:30px; background-color:rgba(220,220,220,0.7); border-radius:5px; display:none; z-index:10;"">
        <div style=""position:absolute; left:0px; width:2px; height:30px; background-color:black;""></div>
        <div style=""position:absolute; left:0px; top:32px; font-size:12px; color:black;"">Min (1)</div>
        <div style=""position:absolute; right:0px; width:2px; height:30px; background-color:black;""></div>
        <div style=""position:absolute; right:0px; top:32px; font-size:12px; color:black;"">Max (50)</div>
        <div id=""current-marker"" style=""position:absolute; left:0px; width:2px; height:30px; background-color:red; display:none;""></div>
      </div>
    `;
    $("".jspsych-content-wrapper"").append(scaleHtml);
  
    // workaround with a global variable
    window.__imageMouseOver = {
      lineSlice: lineSlice,
      slices: slices,
      nScale: nScale,
      imgBase: imgBase,
      startTime: startTime,
      trialData: trialData,
      sliceSelected: 0,
    };
    var __listenerBools = {};
  
    // define mousemove event listener that changes image
    function changeImg(event) {
      var mouseX = Math.floor(event.pageX);
      
      // Show the scale after interaction begins
      $(""#scale-container"").css(""display"", ""block"");
      
      // Update current marker position based on mouse position
      var scaleWidth = $(""#scale-container"").width();
      var relativePos = Math.max(0, Math.min(mouseX - scaleLeft, scaleWidth));
      var percentPos = (relativePos / scaleWidth) * 100;
      
      $(""#current-marker"").css({
        ""left"": `${relativePos}px`,
        ""display"": ""block""
      });
      
      for (var i = 0; i < __imageMouseOver.slices.length; i++) {
        // if mouse X position is within the bounds of the X axis slice,
        // change the image to one that is indexed to that slice
        if (mouseX >= __imageMouseOver.slices[i][0] && mouseX <= __imageMouseOver.slices[i][1]) {
          // capture which slice is selected
          __imageMouseOver.sliceSelected = i;
          // update img src to the picture that corresponds to that slice
          $('#changeable-image').attr('src', `img/${__imageMouseOver.imgBase}${__imageMouseOver.nScale[i]}.jpg`);
        }
      };
    };
    
    // define the click listener that ends trial
    function clickHandler(event) {
      if (__listenerBools['mousemove']) {
        // derive trial data
        var trialData = __imageMouseOver.trialData;
        var end_time = (new Date()).getTime();
        var rt = end_time - __imageMouseOver.startTime;
        trialData['rt'] = rt;
        trialData['stimulus_duration'] = rt;
        trialData['trial_duration'] = rt;
        trialData['imageSelected'] = `${__imageMouseOver.imgBase}${__imageMouseOver.nScale[__imageMouseOver.sliceSelected]}.jpg`
        trialData['indexSelected'] = __imageMouseOver.sliceSelected;
        // turn off listeners
        $(document).off('mousemove');
        $(document).off('click');
        // clean up variable namespaces
        delete window.__imageMouseOver
        delete __listenerBools;
        // clean up scale
        $(""#scale-container"").remove();
        // finish the trial with trial data
        jsPsych.finishTrial(trialData);
      };
    };
  
    function verticalLineInit(event) {
      var mouseX = Math.floor(event.pageX);
      if (mouseX <= __imageMouseOver.lineSlice) {
        $(""#vertLine"").remove();
        $(""#linePrompt"").remove();
        $(""#jspsych-image-slider-response_noButton-stimulus > img"").css({
          ""filter"":""blur(0px)"",
          ""visibility"": ""visible"",
        });
        $('#jspsych-content > p').css(""visibility"", ""visible"");
        __listenerBools['mousemove'] = true;
        // turn off THIS mouse move listener
        $(document).off(""mousemove"");
        // turn on the mouse move listener that changes the image
        $(document).mousemove(changeImg);
        // add mouse click listener
        $(document).on('click', clickHandler);
      };
    };
  
    // turn on the vertical line mouse move listener
    $(document).mousemove(verticalLineInit);
  }","[object Object]","0","","Continue","7977","7977","true","red39.jpg","38","avg","400","red","6","[48,35,33,29,31,47]","37.166666666666664","three giraffes","7","","",""
"html-keyboard-response","28","248625","0.0-28.0","573b8bc2f3580b0006ce0986","null","","","","<p style=""font-size: 48px;""> + </p>","null","fixation","","","","","","","","","","","","","","","","","","","","","","","","","","",""
"html-keyboard-response","29","250127","0.0-29.0","573b8bc2f3580b0006ce0986","null","","","","<span class='grid'><div> </div> <div class='red' style='background-position:800% 0%;margin-top:37px'></div> <div> </div> <div> </div> <div> </div> <div> </div> <div> </div> <div> </div> <div> </div> <div> </div> <div> </div> <div> </div> <div class='red' style='background-position:1300% 0%;margin-top:27px'></div> <div> </div></span>","null","stimulus","{""index"":6,""type"":""practice"",""color"":""red""}","","","","","","","","","","","","","","","","","","","","","","","","","",""
"image-slider-response_noButton","30","253943","0.0-30.0","573b8bc2f3580b0006ce0986","3814","","","","img/red1.jpg,img/red2.jpg,img/red3.jpg,img/red4.jpg,img/red5.jpg,img/red6.jpg,img/red7.jpg,img/red8.jpg,img/red9.jpg,img/red10.jpg,img/red11.jpg,img/red12.jpg,img/red13.jpg,img/red14.jpg,img/red15.jpg,img/red16.jpg,img/red17.jpg,img/red18.jpg,img/red19.jpg,img/red20.jpg,img/red21.jpg,img/red22.jpg,img/red23.jpg,img/red24.jpg,img/red25.jpg,img/red26.jpg,img/red27.jpg,img/red28.jpg,img/red29.jpg,img/red30.jpg,img/red31.jpg,img/red32.jpg,img/red33.jpg,img/red34.jpg,img/red35.jpg,img/red36.jpg,img/red37.jpg,img/red38.jpg,img/red39.jpg,img/red40.jpg,img/red41.jpg,img/red42.jpg,img/red43.jpg,img/red44.jpg,img/red45.jpg,img/red46.jpg,img/red47.jpg,img/red48.jpg,img/red49.jpg,img/red50.jpg","","response","{""index"":7,""type"":""practice"",""color"":""red""}","image-slider-response_noButton","<p>What was the average redness of the array?</p>","1","50","0","function morphedScaleRed() {
    // defining a few helper functions
    function nrange(size, startAt = 0) {
      return [...Array(size).keys()].map(i => i + startAt);
    };
  
    function fillArray(value, len) {
      var arr = [];
      for (var i = 0; i < len; i++) {
        arr.push(value);
      }
      return arr;
    };
  
    function generateSlices(vWidth, nSlices) {
      var step = vWidth*0.6/(nSlices-2);
      var stepArray = fillArray(step,nSlices-2)
      stepArray.unshift(0.2*vWidth)
      stepArray.push(0.2*vWidth)
  
      var bounds = [];
      
      for (var i = 0; i < nSlices; i++) {
        if (i==0) {
          bounds.push([(i*stepArray[i]), (i*stepArray[i])+stepArray[i]])
        } else if (i>0 && i!=nSlices-1) {
          bounds.push([(i*stepArray[i]+0.2*vWidth), (i*stepArray[i])+stepArray[i]+0.2*vWidth])
        } else {
          bounds.push([(vWidth-0.2*vWidth), vWidth])  
        }
      };
      return bounds;
    };
    
    // start trial timer
    var startTime = (new Date()).getTime();
    // get trial data
    var trialData = jsPsych.currentTrial();
  
    // remove the picture scales and the slider
    $('.jspsych-image-slider-response_noButton-container').css(""visibility"", ""hidden"");
    $('img').remove();
    
    // Remove mondrian background for rating phase
    $('body').css('background-image', 'none');
  
    var imgScale = getScaleRed();
    
    // derive the letter of the image filenames
    var imgBase = imgScale[0].split('img/')[1].split('.jpg')[0].replace(/\d+/g, '');
    
    // split the number of the image filenames off from the rest of it
    var nScale = [];
    for (var i = 0; i < imgScale.length-1; i++) {
      var n = imgScale[i].split('img/')[1].split('.jpg')[0].split(imgBase)[1];
      nScale.push(n);
    };
    
    // calculate the element width, and slice it up into sections
    var vWidth = $(document).width();
    var nSlices = nScale.length;
    var slices = generateSlices(vWidth, nSlices);
  
    // setting up initial vertical line to start the mousemove functionality
    var vHeight = $(document).height()-8;
    var lineSlice = vWidth / 10;
    var vertLine = `<div style=""border-left:black;border-style:solid;margin-left:${lineSlice}px; height:${vHeight}px;width:0px;position:absolute;"" id=""vertLine""></div>`;
    var linePrompt = `<div id=""linePrompt""><div style=""font-size:50px;position:absolute;margin-left:${lineSlice*1.3}px;margin-top:${vHeight/2}px""></div><div style=""position:absolute;margin-left:${lineSlice*1.2}px;margin-top:${vHeight/2}px;z-index:5;"">Move mouse left of the line to begin</div></div>`;
    $("".jspsych-content-wrapper"").prepend(vertLine);
    $("".jspsych-content-wrapper"").prepend(linePrompt);
    
    // hide prompt until the trial is begun
    $('#jspsych-content > p').css(""visibility"", ""hidden"");
  
    // initialize the central image with the most neutral one (i.e. from
    // the middle of the scale) and set the image to be blurred
    var initialImage = imgScale[0];
    $('#jspsych-image-slider-response_noButton-stimulus').append(`<img src=""${initialImage}"" style=""filter:blur(4px);visibility:hidden;"" id=""changeable-image""/>`);
  
    // ADD VISUAL SCALE SHOWING MIN/MAX
    var scaleWidth = vWidth * 0.6;
    var scaleLeft = vWidth * 0.2;
    var scaleHtml = `
      <div id=""scale-container"" style=""position:absolute; bottom:120px; left:${scaleLeft}px; width:${scaleWidth}px; height:30px; background-color:rgba(220,220,220,0.7); border-radius:5px; display:none; z-index:10;"">
        <div style=""position:absolute; left:0px; width:2px; height:30px; background-color:black;""></div>
        <div style=""position:absolute; left:0px; top:32px; font-size:12px; color:black;"">Min (1)</div>
        <div style=""position:absolute; right:0px; width:2px; height:30px; background-color:black;""></div>
        <div style=""position:absolute; right:0px; top:32px; font-size:12px; color:black;"">Max (50)</div>
        <div id=""current-marker"" style=""position:absolute; left:0px; width:2px; height:30px; background-color:red; display:none;""></div>
      </div>
    `;
    $("".jspsych-content-wrapper"").append(scaleHtml);
  
    // workaround with a global variable
    window.__imageMouseOver = {
      lineSlice: lineSlice,
      slices: slices,
      nScale: nScale,
      imgBase: imgBase,
      startTime: startTime,
      trialData: trialData,
      sliceSelected: 0,
    };
    var __listenerBools = {};
  
    // define mousemove event listener that changes image
    function changeImg(event) {
      var mouseX = Math.floor(event.pageX);
      
      // Show the scale after interaction begins
      $(""#scale-container"").css(""display"", ""block"");
      
      // Update current marker position based on mouse position
      var scaleWidth = $(""#scale-container"").width();
      var relativePos = Math.max(0, Math.min(mouseX - scaleLeft, scaleWidth));
      var percentPos = (relativePos / scaleWidth) * 100;
      
      $(""#current-marker"").css({
        ""left"": `${relativePos}px`,
        ""display"": ""block""
      });
      
      for (var i = 0; i < __imageMouseOver.slices.length; i++) {
        // if mouse X position is within the bounds of the X axis slice,
        // change the image to one that is indexed to that slice
        if (mouseX >= __imageMouseOver.slices[i][0] && mouseX <= __imageMouseOver.slices[i][1]) {
          // capture which slice is selected
          __imageMouseOver.sliceSelected = i;
          // update img src to the picture that corresponds to that slice
          $('#changeable-image').attr('src', `img/${__imageMouseOver.imgBase}${__imageMouseOver.nScale[i]}.jpg`);
        }
      };
    };
    
    // define the click listener that ends trial
    function clickHandler(event) {
      if (__listenerBools['mousemove']) {
        // derive trial data
        var trialData = __imageMouseOver.trialData;
        var end_time = (new Date()).getTime();
        var rt = end_time - __imageMouseOver.startTime;
        trialData['rt'] = rt;
        trialData['stimulus_duration'] = rt;
        trialData['trial_duration'] = rt;
        trialData['imageSelected'] = `${__imageMouseOver.imgBase}${__imageMouseOver.nScale[__imageMouseOver.sliceSelected]}.jpg`
        trialData['indexSelected'] = __imageMouseOver.sliceSelected;
        // turn off listeners
        $(document).off('mousemove');
        $(document).off('click');
        // clean up variable namespaces
        delete window.__imageMouseOver
        delete __listenerBools;
        // clean up scale
        $(""#scale-container"").remove();
        // finish the trial with trial data
        jsPsych.finishTrial(trialData);
      };
    };
  
    function verticalLineInit(event) {
      var mouseX = Math.floor(event.pageX);
      if (mouseX <= __imageMouseOver.lineSlice) {
        $(""#vertLine"").remove();
        $(""#linePrompt"").remove();
        $(""#jspsych-image-slider-response_noButton-stimulus > img"").css({
          ""filter"":""blur(0px)"",
          ""visibility"": ""visible"",
        });
        $('#jspsych-content > p').css(""visibility"", ""visible"");
        __listenerBools['mousemove'] = true;
        // turn off THIS mouse move listener
        $(document).off(""mousemove"");
        // turn on the mouse move listener that changes the image
        $(document).mousemove(changeImg);
        // add mouse click listener
        $(document).on('click', clickHandler);
      };
    };
  
    // turn on the vertical line mouse move listener
    $(document).mousemove(verticalLineInit);
  }","[object Object]","0","","Continue","3814","3814","true","red9.jpg","8","avg","500","red","2","[8,13]","10.5","three giraffes","8","","",""
"html-keyboard-response","31","254452","0.0-31.0","573b8bc2f3580b0006ce0986","null","","","","<p style=""font-size: 48px;""> + </p>","null","fixation","","","","","","","","","","","","","","","","","","","","","","","","","","",""
"html-keyboard-response","32","255962","0.0-32.0","573b8bc2f3580b0006ce0986","null","","","","<span class='grid'><div> </div> <div> </div> <div> </div> <div> </div> <div> </div> <div> </div> <div> </div> <div class='red' style='background-position:4800% 0%;margin-top:45px'></div> <div> </div> <div> </div> <div> </div> <div> </div> <div> </div> <div class='red' style='background-position:4200% 0%;margin-top:21px'></div></span>","null","stimulus","{""index"":7,""type"":""practice"",""color"":""red""}","","","","","","","","","","","","","","","","","","","","","","","","","",""
"image-slider-response_noButton","33","261219","0.0-33.0","573b8bc2f3580b0006ce0986","5255","","","","img/red1.jpg,img/red2.jpg,img/red3.jpg,img/red4.jpg,img/red5.jpg,img/red6.jpg,img/red7.jpg,img/red8.jpg,img/red9.jpg,img/red10.jpg,img/red11.jpg,img/red12.jpg,img/red13.jpg,img/red14.jpg,img/red15.jpg,img/red16.jpg,img/red17.jpg,img/red18.jpg,img/red19.jpg,img/red20.jpg,img/red21.jpg,img/red22.jpg,img/red23.jpg,img/red24.jpg,img/red25.jpg,img/red26.jpg,img/red27.jpg,img/red28.jpg,img/red29.jpg,img/red30.jpg,img/red31.jpg,img/red32.jpg,img/red33.jpg,img/red34.jpg,img/red35.jpg,img/red36.jpg,img/red37.jpg,img/red38.jpg,img/red39.jpg,img/red40.jpg,img/red41.jpg,img/red42.jpg,img/red43.jpg,img/red44.jpg,img/red45.jpg,img/red46.jpg,img/red47.jpg,img/red48.jpg,img/red49.jpg,img/red50.jpg","","response","{""index"":8,""type"":""practice"",""color"":""red""}","image-slider-response_noButton","<p>What was the average redness of the array?</p>","1","50","0","function morphedScaleRed() {
    // defining a few helper functions
    function nrange(size, startAt = 0) {
      return [...Array(size).keys()].map(i => i + startAt);
    };
  
    function fillArray(value, len) {
      var arr = [];
      for (var i = 0; i < len; i++) {
        arr.push(value);
      }
      return arr;
    };
  
    function generateSlices(vWidth, nSlices) {
      var step = vWidth*0.6/(nSlices-2);
      var stepArray = fillArray(step,nSlices-2)
      stepArray.unshift(0.2*vWidth)
      stepArray.push(0.2*vWidth)
  
      var bounds = [];
      
      for (var i = 0; i < nSlices; i++) {
        if (i==0) {
          bounds.push([(i*stepArray[i]), (i*stepArray[i])+stepArray[i]])
        } else if (i>0 && i!=nSlices-1) {
          bounds.push([(i*stepArray[i]+0.2*vWidth), (i*stepArray[i])+stepArray[i]+0.2*vWidth])
        } else {
          bounds.push([(vWidth-0.2*vWidth), vWidth])  
        }
      };
      return bounds;
    };
    
    // start trial timer
    var startTime = (new Date()).getTime();
    // get trial data
    var trialData = jsPsych.currentTrial();
  
    // remove the picture scales and the slider
    $('.jspsych-image-slider-response_noButton-container').css(""visibility"", ""hidden"");
    $('img').remove();
    
    // Remove mondrian background for rating phase
    $('body').css('background-image', 'none');
  
    var imgScale = getScaleRed();
    
    // derive the letter of the image filenames
    var imgBase = imgScale[0].split('img/')[1].split('.jpg')[0].replace(/\d+/g, '');
    
    // split the number of the image filenames off from the rest of it
    var nScale = [];
    for (var i = 0; i < imgScale.length-1; i++) {
      var n = imgScale[i].split('img/')[1].split('.jpg')[0].split(imgBase)[1];
      nScale.push(n);
    };
    
    // calculate the element width, and slice it up into sections
    var vWidth = $(document).width();
    var nSlices = nScale.length;
    var slices = generateSlices(vWidth, nSlices);
  
    // setting up initial vertical line to start the mousemove functionality
    var vHeight = $(document).height()-8;
    var lineSlice = vWidth / 10;
    var vertLine = `<div style=""border-left:black;border-style:solid;margin-left:${lineSlice}px; height:${vHeight}px;width:0px;position:absolute;"" id=""vertLine""></div>`;
    var linePrompt = `<div id=""linePrompt""><div style=""font-size:50px;position:absolute;margin-left:${lineSlice*1.3}px;margin-top:${vHeight/2}px""></div><div style=""position:absolute;margin-left:${lineSlice*1.2}px;margin-top:${vHeight/2}px;z-index:5;"">Move mouse left of the line to begin</div></div>`;
    $("".jspsych-content-wrapper"").prepend(vertLine);
    $("".jspsych-content-wrapper"").prepend(linePrompt);
    
    // hide prompt until the trial is begun
    $('#jspsych-content > p').css(""visibility"", ""hidden"");
  
    // initialize the central image with the most neutral one (i.e. from
    // the middle of the scale) and set the image to be blurred
    var initialImage = imgScale[0];
    $('#jspsych-image-slider-response_noButton-stimulus').append(`<img src=""${initialImage}"" style=""filter:blur(4px);visibility:hidden;"" id=""changeable-image""/>`);
  
    // ADD VISUAL SCALE SHOWING MIN/MAX
    var scaleWidth = vWidth * 0.6;
    var scaleLeft = vWidth * 0.2;
    var scaleHtml = `
      <div id=""scale-container"" style=""position:absolute; bottom:120px; left:${scaleLeft}px; width:${scaleWidth}px; height:30px; background-color:rgba(220,220,220,0.7); border-radius:5px; display:none; z-index:10;"">
        <div style=""position:absolute; left:0px; width:2px; height:30px; background-color:black;""></div>
        <div style=""position:absolute; left:0px; top:32px; font-size:12px; color:black;"">Min (1)</div>
        <div style=""position:absolute; right:0px; width:2px; height:30px; background-color:black;""></div>
        <div style=""position:absolute; right:0px; top:32px; font-size:12px; color:black;"">Max (50)</div>
        <div id=""current-marker"" style=""position:absolute; left:0px; width:2px; height:30px; background-color:red; display:none;""></div>
      </div>
    `;
    $("".jspsych-content-wrapper"").append(scaleHtml);
  
    // workaround with a global variable
    window.__imageMouseOver = {
      lineSlice: lineSlice,
      slices: slices,
      nScale: nScale,
      imgBase: imgBase,
      startTime: startTime,
      trialData: trialData,
      sliceSelected: 0,
    };
    var __listenerBools = {};
  
    // define mousemove event listener that changes image
    function changeImg(event) {
      var mouseX = Math.floor(event.pageX);
      
      // Show the scale after interaction begins
      $(""#scale-container"").css(""display"", ""block"");
      
      // Update current marker position based on mouse position
      var scaleWidth = $(""#scale-container"").width();
      var relativePos = Math.max(0, Math.min(mouseX - scaleLeft, scaleWidth));
      var percentPos = (relativePos / scaleWidth) * 100;
      
      $(""#current-marker"").css({
        ""left"": `${relativePos}px`,
        ""display"": ""block""
      });
      
      for (var i = 0; i < __imageMouseOver.slices.length; i++) {
        // if mouse X position is within the bounds of the X axis slice,
        // change the image to one that is indexed to that slice
        if (mouseX >= __imageMouseOver.slices[i][0] && mouseX <= __imageMouseOver.slices[i][1]) {
          // capture which slice is selected
          __imageMouseOver.sliceSelected = i;
          // update img src to the picture that corresponds to that slice
          $('#changeable-image').attr('src', `img/${__imageMouseOver.imgBase}${__imageMouseOver.nScale[i]}.jpg`);
        }
      };
    };
    
    // define the click listener that ends trial
    function clickHandler(event) {
      if (__listenerBools['mousemove']) {
        // derive trial data
        var trialData = __imageMouseOver.trialData;
        var end_time = (new Date()).getTime();
        var rt = end_time - __imageMouseOver.startTime;
        trialData['rt'] = rt;
        trialData['stimulus_duration'] = rt;
        trialData['trial_duration'] = rt;
        trialData['imageSelected'] = `${__imageMouseOver.imgBase}${__imageMouseOver.nScale[__imageMouseOver.sliceSelected]}.jpg`
        trialData['indexSelected'] = __imageMouseOver.sliceSelected;
        // turn off listeners
        $(document).off('mousemove');
        $(document).off('click');
        // clean up variable namespaces
        delete window.__imageMouseOver
        delete __listenerBools;
        // clean up scale
        $(""#scale-container"").remove();
        // finish the trial with trial data
        jsPsych.finishTrial(trialData);
      };
    };
  
    function verticalLineInit(event) {
      var mouseX = Math.floor(event.pageX);
      if (mouseX <= __imageMouseOver.lineSlice) {
        $(""#vertLine"").remove();
        $(""#linePrompt"").remove();
        $(""#jspsych-image-slider-response_noButton-stimulus > img"").css({
          ""filter"":""blur(0px)"",
          ""visibility"": ""visible"",
        });
        $('#jspsych-content > p').css(""visibility"", ""visible"");
        __listenerBools['mousemove'] = true;
        // turn off THIS mouse move listener
        $(document).off(""mousemove"");
        // turn on the mouse move listener that changes the image
        $(document).mousemove(changeImg);
        // add mouse click listener
        $(document).on('click', clickHandler);
      };
    };
  
    // turn on the vertical line mouse move listener
    $(document).mousemove(verticalLineInit);
  }","[object Object]","0","","Continue","5255","5255","true","red36.jpg","35","avg","500","red","2","[48,42]","45","three giraffes","9","","",""
"html-keyboard-response","34","261830","0.0-34.0","573b8bc2f3580b0006ce0986","null","","","","<p style=""font-size: 48px;""> + </p>","null","fixation","","","","","","","","","","","","","","","","","","","","","","","","","","",""
"html-keyboard-response","35","263331","0.0-35.0","573b8bc2f3580b0006ce0986","null","","","","<span class='grid'><div> </div> <div> </div> <div> </div> <div> </div> <div> </div> <div> </div> <div> </div> <div> </div> <div> </div> <div> </div> <div class='red' style='background-position:4000% 0%;margin-top:50px'></div> <div class='red' style='background-position:3000% 0%;margin-top:22px'></div> <div> </div> <div> </div></span>","null","stimulus","{""index"":8,""type"":""practice"",""color"":""red""}","","","","","","","","","","","","","","","","","","","","","","","","","",""
"image-slider-response_noButton","36","268954","0.0-36.0","573b8bc2f3580b0006ce0986","5623","","","","img/red1.jpg,img/red2.jpg,img/red3.jpg,img/red4.jpg,img/red5.jpg,img/red6.jpg,img/red7.jpg,img/red8.jpg,img/red9.jpg,img/red10.jpg,img/red11.jpg,img/red12.jpg,img/red13.jpg,img/red14.jpg,img/red15.jpg,img/red16.jpg,img/red17.jpg,img/red18.jpg,img/red19.jpg,img/red20.jpg,img/red21.jpg,img/red22.jpg,img/red23.jpg,img/red24.jpg,img/red25.jpg,img/red26.jpg,img/red27.jpg,img/red28.jpg,img/red29.jpg,img/red30.jpg,img/red31.jpg,img/red32.jpg,img/red33.jpg,img/red34.jpg,img/red35.jpg,img/red36.jpg,img/red37.jpg,img/red38.jpg,img/red39.jpg,img/red40.jpg,img/red41.jpg,img/red42.jpg,img/red43.jpg,img/red44.jpg,img/red45.jpg,img/red46.jpg,img/red47.jpg,img/red48.jpg,img/red49.jpg,img/red50.jpg","","response","{""index"":9,""type"":""practice"",""color"":""red""}","image-slider-response_noButton","<p>What was the average redness of the array?</p>","1","50","0","function morphedScaleRed() {
    // defining a few helper functions
    function nrange(size, startAt = 0) {
      return [...Array(size).keys()].map(i => i + startAt);
    };
  
    function fillArray(value, len) {
      var arr = [];
      for (var i = 0; i < len; i++) {
        arr.push(value);
      }
      return arr;
    };
  
    function generateSlices(vWidth, nSlices) {
      var step = vWidth*0.6/(nSlices-2);
      var stepArray = fillArray(step,nSlices-2)
      stepArray.unshift(0.2*vWidth)
      stepArray.push(0.2*vWidth)
  
      var bounds = [];
      
      for (var i = 0; i < nSlices; i++) {
        if (i==0) {
          bounds.push([(i*stepArray[i]), (i*stepArray[i])+stepArray[i]])
        } else if (i>0 && i!=nSlices-1) {
          bounds.push([(i*stepArray[i]+0.2*vWidth), (i*stepArray[i])+stepArray[i]+0.2*vWidth])
        } else {
          bounds.push([(vWidth-0.2*vWidth), vWidth])  
        }
      };
      return bounds;
    };
    
    // start trial timer
    var startTime = (new Date()).getTime();
    // get trial data
    var trialData = jsPsych.currentTrial();
  
    // remove the picture scales and the slider
    $('.jspsych-image-slider-response_noButton-container').css(""visibility"", ""hidden"");
    $('img').remove();
    
    // Remove mondrian background for rating phase
    $('body').css('background-image', 'none');
  
    var imgScale = getScaleRed();
    
    // derive the letter of the image filenames
    var imgBase = imgScale[0].split('img/')[1].split('.jpg')[0].replace(/\d+/g, '');
    
    // split the number of the image filenames off from the rest of it
    var nScale = [];
    for (var i = 0; i < imgScale.length-1; i++) {
      var n = imgScale[i].split('img/')[1].split('.jpg')[0].split(imgBase)[1];
      nScale.push(n);
    };
    
    // calculate the element width, and slice it up into sections
    var vWidth = $(document).width();
    var nSlices = nScale.length;
    var slices = generateSlices(vWidth, nSlices);
  
    // setting up initial vertical line to start the mousemove functionality
    var vHeight = $(document).height()-8;
    var lineSlice = vWidth / 10;
    var vertLine = `<div style=""border-left:black;border-style:solid;margin-left:${lineSlice}px; height:${vHeight}px;width:0px;position:absolute;"" id=""vertLine""></div>`;
    var linePrompt = `<div id=""linePrompt""><div style=""font-size:50px;position:absolute;margin-left:${lineSlice*1.3}px;margin-top:${vHeight/2}px""></div><div style=""position:absolute;margin-left:${lineSlice*1.2}px;margin-top:${vHeight/2}px;z-index:5;"">Move mouse left of the line to begin</div></div>`;
    $("".jspsych-content-wrapper"").prepend(vertLine);
    $("".jspsych-content-wrapper"").prepend(linePrompt);
    
    // hide prompt until the trial is begun
    $('#jspsych-content > p').css(""visibility"", ""hidden"");
  
    // initialize the central image with the most neutral one (i.e. from
    // the middle of the scale) and set the image to be blurred
    var initialImage = imgScale[0];
    $('#jspsych-image-slider-response_noButton-stimulus').append(`<img src=""${initialImage}"" style=""filter:blur(4px);visibility:hidden;"" id=""changeable-image""/>`);
  
    // ADD VISUAL SCALE SHOWING MIN/MAX
    var scaleWidth = vWidth * 0.6;
    var scaleLeft = vWidth * 0.2;
    var scaleHtml = `
      <div id=""scale-container"" style=""position:absolute; bottom:120px; left:${scaleLeft}px; width:${scaleWidth}px; height:30px; background-color:rgba(220,220,220,0.7); border-radius:5px; display:none; z-index:10;"">
        <div style=""position:absolute; left:0px; width:2px; height:30px; background-color:black;""></div>
        <div style=""position:absolute; left:0px; top:32px; font-size:12px; color:black;"">Min (1)</div>
        <div style=""position:absolute; right:0px; width:2px; height:30px; background-color:black;""></div>
        <div style=""position:absolute; right:0px; top:32px; font-size:12px; color:black;"">Max (50)</div>
        <div id=""current-marker"" style=""position:absolute; left:0px; width:2px; height:30px; background-color:red; display:none;""></div>
      </div>
    `;
    $("".jspsych-content-wrapper"").append(scaleHtml);
  
    // workaround with a global variable
    window.__imageMouseOver = {
      lineSlice: lineSlice,
      slices: slices,
      nScale: nScale,
      imgBase: imgBase,
      startTime: startTime,
      trialData: trialData,
      sliceSelected: 0,
    };
    var __listenerBools = {};
  
    // define mousemove event listener that changes image
    function changeImg(event) {
      var mouseX = Math.floor(event.pageX);
      
      // Show the scale after interaction begins
      $(""#scale-container"").css(""display"", ""block"");
      
      // Update current marker position based on mouse position
      var scaleWidth = $(""#scale-container"").width();
      var relativePos = Math.max(0, Math.min(mouseX - scaleLeft, scaleWidth));
      var percentPos = (relativePos / scaleWidth) * 100;
      
      $(""#current-marker"").css({
        ""left"": `${relativePos}px`,
        ""display"": ""block""
      });
      
      for (var i = 0; i < __imageMouseOver.slices.length; i++) {
        // if mouse X position is within the bounds of the X axis slice,
        // change the image to one that is indexed to that slice
        if (mouseX >= __imageMouseOver.slices[i][0] && mouseX <= __imageMouseOver.slices[i][1]) {
          // capture which slice is selected
          __imageMouseOver.sliceSelected = i;
          // update img src to the picture that corresponds to that slice
          $('#changeable-image').attr('src', `img/${__imageMouseOver.imgBase}${__imageMouseOver.nScale[i]}.jpg`);
        }
      };
    };
    
    // define the click listener that ends trial
    function clickHandler(event) {
      if (__listenerBools['mousemove']) {
        // derive trial data
        var trialData = __imageMouseOver.trialData;
        var end_time = (new Date()).getTime();
        var rt = end_time - __imageMouseOver.startTime;
        trialData['rt'] = rt;
        trialData['stimulus_duration'] = rt;
        trialData['trial_duration'] = rt;
        trialData['imageSelected'] = `${__imageMouseOver.imgBase}${__imageMouseOver.nScale[__imageMouseOver.sliceSelected]}.jpg`
        trialData['indexSelected'] = __imageMouseOver.sliceSelected;
        // turn off listeners
        $(document).off('mousemove');
        $(document).off('click');
        // clean up variable namespaces
        delete window.__imageMouseOver
        delete __listenerBools;
        // clean up scale
        $(""#scale-container"").remove();
        // finish the trial with trial data
        jsPsych.finishTrial(trialData);
      };
    };
  
    function verticalLineInit(event) {
      var mouseX = Math.floor(event.pageX);
      if (mouseX <= __imageMouseOver.lineSlice) {
        $(""#vertLine"").remove();
        $(""#linePrompt"").remove();
        $(""#jspsych-image-slider-response_noButton-stimulus > img"").css({
          ""filter"":""blur(0px)"",
          ""visibility"": ""visible"",
        });
        $('#jspsych-content > p').css(""visibility"", ""visible"");
        __listenerBools['mousemove'] = true;
        // turn off THIS mouse move listener
        $(document).off(""mousemove"");
        // turn on the mouse move listener that changes the image
        $(document).mousemove(changeImg);
        // add mouse click listener
        $(document).on('click', clickHandler);
      };
    };
  
    // turn on the vertical line mouse move listener
    $(document).mousemove(verticalLineInit);
  }","[object Object]","0","","Continue","5623","5623","true","red29.jpg","28","avg","600","red","2","[40,30]","35","three giraffes","10","","",""
"html-keyboard-response","37","269569","0.0-37.0","573b8bc2f3580b0006ce0986","null","","","","<p style=""font-size: 48px;""> + </p>","null","fixation","","","","","","","","","","","","","","","","","","","","","","","","","","",""
"html-keyboard-response","38","271081","0.0-38.0","573b8bc2f3580b0006ce0986","null","","","","<span class='grid'><div> </div> <div class='red' style='background-position:700% 0%;margin-top:49px'></div> <div> </div> <div> </div> <div> </div> <div> </div> <div> </div> <div> </div> <div> </div> <div> </div> <div class='red' style='background-position:500% 0%;margin-top:28px'></div> <div> </div> <div> </div> <div> </div></span>","null","stimulus","{""index"":9,""type"":""practice"",""color"":""red""}","","","","","","","","","","","","","","","","","","","","","","","","","",""
"image-slider-response_noButton","39","275574","0.0-39.0","573b8bc2f3580b0006ce0986","4492","","","","img/red1.jpg,img/red2.jpg,img/red3.jpg,img/red4.jpg,img/red5.jpg,img/red6.jpg,img/red7.jpg,img/red8.jpg,img/red9.jpg,img/red10.jpg,img/red11.jpg,img/red12.jpg,img/red13.jpg,img/red14.jpg,img/red15.jpg,img/red16.jpg,img/red17.jpg,img/red18.jpg,img/red19.jpg,img/red20.jpg,img/red21.jpg,img/red22.jpg,img/red23.jpg,img/red24.jpg,img/red25.jpg,img/red26.jpg,img/red27.jpg,img/red28.jpg,img/red29.jpg,img/red30.jpg,img/red31.jpg,img/red32.jpg,img/red33.jpg,img/red34.jpg,img/red35.jpg,img/red36.jpg,img/red37.jpg,img/red38.jpg,img/red39.jpg,img/red40.jpg,img/red41.jpg,img/red42.jpg,img/red43.jpg,img/red44.jpg,img/red45.jpg,img/red46.jpg,img/red47.jpg,img/red48.jpg,img/red49.jpg,img/red50.jpg","","response","{""index"":10,""type"":""practice"",""color"":""red""}","image-slider-response_noButton","<p>What was the average redness of the array?</p>","1","50","0","function morphedScaleRed() {
    // defining a few helper functions
    function nrange(size, startAt = 0) {
      return [...Array(size).keys()].map(i => i + startAt);
    };
  
    function fillArray(value, len) {
      var arr = [];
      for (var i = 0; i < len; i++) {
        arr.push(value);
      }
      return arr;
    };
  
    function generateSlices(vWidth, nSlices) {
      var step = vWidth*0.6/(nSlices-2);
      var stepArray = fillArray(step,nSlices-2)
      stepArray.unshift(0.2*vWidth)
      stepArray.push(0.2*vWidth)
  
      var bounds = [];
      
      for (var i = 0; i < nSlices; i++) {
        if (i==0) {
          bounds.push([(i*stepArray[i]), (i*stepArray[i])+stepArray[i]])
        } else if (i>0 && i!=nSlices-1) {
          bounds.push([(i*stepArray[i]+0.2*vWidth), (i*stepArray[i])+stepArray[i]+0.2*vWidth])
        } else {
          bounds.push([(vWidth-0.2*vWidth), vWidth])  
        }
      };
      return bounds;
    };
    
    // start trial timer
    var startTime = (new Date()).getTime();
    // get trial data
    var trialData = jsPsych.currentTrial();
  
    // remove the picture scales and the slider
    $('.jspsych-image-slider-response_noButton-container').css(""visibility"", ""hidden"");
    $('img').remove();
    
    // Remove mondrian background for rating phase
    $('body').css('background-image', 'none');
  
    var imgScale = getScaleRed();
    
    // derive the letter of the image filenames
    var imgBase = imgScale[0].split('img/')[1].split('.jpg')[0].replace(/\d+/g, '');
    
    // split the number of the image filenames off from the rest of it
    var nScale = [];
    for (var i = 0; i < imgScale.length-1; i++) {
      var n = imgScale[i].split('img/')[1].split('.jpg')[0].split(imgBase)[1];
      nScale.push(n);
    };
    
    // calculate the element width, and slice it up into sections
    var vWidth = $(document).width();
    var nSlices = nScale.length;
    var slices = generateSlices(vWidth, nSlices);
  
    // setting up initial vertical line to start the mousemove functionality
    var vHeight = $(document).height()-8;
    var lineSlice = vWidth / 10;
    var vertLine = `<div style=""border-left:black;border-style:solid;margin-left:${lineSlice}px; height:${vHeight}px;width:0px;position:absolute;"" id=""vertLine""></div>`;
    var linePrompt = `<div id=""linePrompt""><div style=""font-size:50px;position:absolute;margin-left:${lineSlice*1.3}px;margin-top:${vHeight/2}px""></div><div style=""position:absolute;margin-left:${lineSlice*1.2}px;margin-top:${vHeight/2}px;z-index:5;"">Move mouse left of the line to begin</div></div>`;
    $("".jspsych-content-wrapper"").prepend(vertLine);
    $("".jspsych-content-wrapper"").prepend(linePrompt);
    
    // hide prompt until the trial is begun
    $('#jspsych-content > p').css(""visibility"", ""hidden"");
  
    // initialize the central image with the most neutral one (i.e. from
    // the middle of the scale) and set the image to be blurred
    var initialImage = imgScale[0];
    $('#jspsych-image-slider-response_noButton-stimulus').append(`<img src=""${initialImage}"" style=""filter:blur(4px);visibility:hidden;"" id=""changeable-image""/>`);
  
    // ADD VISUAL SCALE SHOWING MIN/MAX
    var scaleWidth = vWidth * 0.6;
    var scaleLeft = vWidth * 0.2;
    var scaleHtml = `
      <div id=""scale-container"" style=""position:absolute; bottom:120px; left:${scaleLeft}px; width:${scaleWidth}px; height:30px; background-color:rgba(220,220,220,0.7); border-radius:5px; display:none; z-index:10;"">
        <div style=""position:absolute; left:0px; width:2px; height:30px; background-color:black;""></div>
        <div style=""position:absolute; left:0px; top:32px; font-size:12px; color:black;"">Min (1)</div>
        <div style=""position:absolute; right:0px; width:2px; height:30px; background-color:black;""></div>
        <div style=""position:absolute; right:0px; top:32px; font-size:12px; color:black;"">Max (50)</div>
        <div id=""current-marker"" style=""position:absolute; left:0px; width:2px; height:30px; background-color:red; display:none;""></div>
      </div>
    `;
    $("".jspsych-content-wrapper"").append(scaleHtml);
  
    // workaround with a global variable
    window.__imageMouseOver = {
      lineSlice: lineSlice,
      slices: slices,
      nScale: nScale,
      imgBase: imgBase,
      startTime: startTime,
      trialData: trialData,
      sliceSelected: 0,
    };
    var __listenerBools = {};
  
    // define mousemove event listener that changes image
    function changeImg(event) {
      var mouseX = Math.floor(event.pageX);
      
      // Show the scale after interaction begins
      $(""#scale-container"").css(""display"", ""block"");
      
      // Update current marker position based on mouse position
      var scaleWidth = $(""#scale-container"").width();
      var relativePos = Math.max(0, Math.min(mouseX - scaleLeft, scaleWidth));
      var percentPos = (relativePos / scaleWidth) * 100;
      
      $(""#current-marker"").css({
        ""left"": `${relativePos}px`,
        ""display"": ""block""
      });
      
      for (var i = 0; i < __imageMouseOver.slices.length; i++) {
        // if mouse X position is within the bounds of the X axis slice,
        // change the image to one that is indexed to that slice
        if (mouseX >= __imageMouseOver.slices[i][0] && mouseX <= __imageMouseOver.slices[i][1]) {
          // capture which slice is selected
          __imageMouseOver.sliceSelected = i;
          // update img src to the picture that corresponds to that slice
          $('#changeable-image').attr('src', `img/${__imageMouseOver.imgBase}${__imageMouseOver.nScale[i]}.jpg`);
        }
      };
    };
    
    // define the click listener that ends trial
    function clickHandler(event) {
      if (__listenerBools['mousemove']) {
        // derive trial data
        var trialData = __imageMouseOver.trialData;
        var end_time = (new Date()).getTime();
        var rt = end_time - __imageMouseOver.startTime;
        trialData['rt'] = rt;
        trialData['stimulus_duration'] = rt;
        trialData['trial_duration'] = rt;
        trialData['imageSelected'] = `${__imageMouseOver.imgBase}${__imageMouseOver.nScale[__imageMouseOver.sliceSelected]}.jpg`
        trialData['indexSelected'] = __imageMouseOver.sliceSelected;
        // turn off listeners
        $(document).off('mousemove');
        $(document).off('click');
        // clean up variable namespaces
        delete window.__imageMouseOver
        delete __listenerBools;
        // clean up scale
        $(""#scale-container"").remove();
        // finish the trial with trial data
        jsPsych.finishTrial(trialData);
      };
    };
  
    function verticalLineInit(event) {
      var mouseX = Math.floor(event.pageX);
      if (mouseX <= __imageMouseOver.lineSlice) {
        $(""#vertLine"").remove();
        $(""#linePrompt"").remove();
        $(""#jspsych-image-slider-response_noButton-stimulus > img"").css({
          ""filter"":""blur(0px)"",
          ""visibility"": ""visible"",
        });
        $('#jspsych-content > p').css(""visibility"", ""visible"");
        __listenerBools['mousemove'] = true;
        // turn off THIS mouse move listener
        $(document).off(""mousemove"");
        // turn on the mouse move listener that changes the image
        $(document).mousemove(changeImg);
        // add mouse click listener
        $(document).on('click', clickHandler);
      };
    };
  
    // turn on the vertical line mouse move listener
    $(document).mousemove(verticalLineInit);
  }","[object Object]","0","","Continue","4492","4492","true","red5.jpg","4","avg","600","red","2","[5,7]","6","three giraffes","11","","",""
"html-keyboard-response","40","275976","0.0-40.0","573b8bc2f3580b0006ce0986","null","","","","<p style=""font-size: 48px;""> + </p>","null","fixation","","","","","","","","","","","","","","","","","","","","","","","","","","",""
"html-keyboard-response","41","277483","0.0-41.0","573b8bc2f3580b0006ce0986","null","","","","<span class='grid'><div class='red' style='background-position:500% 0%;margin-top:32px'></div> <div> </div> <div> </div> <div class='red' style='background-position:300% 0%;margin-top:28px'></div> <div class='red' style='background-position:700% 0%;margin-top:43px'></div> <div class='red' style='background-position:1200% 0%;margin-top:25px'></div> <div> </div> <div> </div> <div class='red' style='background-position:1900% 0%;margin-top:36px'></div> <div> </div> <div> </div> <div> </div> <div> </div> <div class='red' style='background-position:200% 0%;margin-top:40px'></div> <div class='red' style='background-position:1300% 0%;margin-top:21px'></div> <div> </div> <div> </div></span>","null","stimulus","{""index"":10,""type"":""practice"",""color"":""red""}","","","","","","","","","","","","","","","","","","","","","","","","","",""
"image-slider-response_noButton","42","282693","0.0-42.0","573b8bc2f3580b0006ce0986","5210","","","","img/red1.jpg,img/red2.jpg,img/red3.jpg,img/red4.jpg,img/red5.jpg,img/red6.jpg,img/red7.jpg,img/red8.jpg,img/red9.jpg,img/red10.jpg,img/red11.jpg,img/red12.jpg,img/red13.jpg,img/red14.jpg,img/red15.jpg,img/red16.jpg,img/red17.jpg,img/red18.jpg,img/red19.jpg,img/red20.jpg,img/red21.jpg,img/red22.jpg,img/red23.jpg,img/red24.jpg,img/red25.jpg,img/red26.jpg,img/red27.jpg,img/red28.jpg,img/red29.jpg,img/red30.jpg,img/red31.jpg,img/red32.jpg,img/red33.jpg,img/red34.jpg,img/red35.jpg,img/red36.jpg,img/red37.jpg,img/red38.jpg,img/red39.jpg,img/red40.jpg,img/red41.jpg,img/red42.jpg,img/red43.jpg,img/red44.jpg,img/red45.jpg,img/red46.jpg,img/red47.jpg,img/red48.jpg,img/red49.jpg,img/red50.jpg","","response","{""index"":11,""type"":""practice"",""color"":""red""}","image-slider-response_noButton","<p>What was the average redness of the array?</p>","1","50","0","function morphedScaleRed() {
    // defining a few helper functions
    function nrange(size, startAt = 0) {
      return [...Array(size).keys()].map(i => i + startAt);
    };
  
    function fillArray(value, len) {
      var arr = [];
      for (var i = 0; i < len; i++) {
        arr.push(value);
      }
      return arr;
    };
  
    function generateSlices(vWidth, nSlices) {
      var step = vWidth*0.6/(nSlices-2);
      var stepArray = fillArray(step,nSlices-2)
      stepArray.unshift(0.2*vWidth)
      stepArray.push(0.2*vWidth)
  
      var bounds = [];
      
      for (var i = 0; i < nSlices; i++) {
        if (i==0) {
          bounds.push([(i*stepArray[i]), (i*stepArray[i])+stepArray[i]])
        } else if (i>0 && i!=nSlices-1) {
          bounds.push([(i*stepArray[i]+0.2*vWidth), (i*stepArray[i])+stepArray[i]+0.2*vWidth])
        } else {
          bounds.push([(vWidth-0.2*vWidth), vWidth])  
        }
      };
      return bounds;
    };
    
    // start trial timer
    var startTime = (new Date()).getTime();
    // get trial data
    var trialData = jsPsych.currentTrial();
  
    // remove the picture scales and the slider
    $('.jspsych-image-slider-response_noButton-container').css(""visibility"", ""hidden"");
    $('img').remove();
    
    // Remove mondrian background for rating phase
    $('body').css('background-image', 'none');
  
    var imgScale = getScaleRed();
    
    // derive the letter of the image filenames
    var imgBase = imgScale[0].split('img/')[1].split('.jpg')[0].replace(/\d+/g, '');
    
    // split the number of the image filenames off from the rest of it
    var nScale = [];
    for (var i = 0; i < imgScale.length-1; i++) {
      var n = imgScale[i].split('img/')[1].split('.jpg')[0].split(imgBase)[1];
      nScale.push(n);
    };
    
    // calculate the element width, and slice it up into sections
    var vWidth = $(document).width();
    var nSlices = nScale.length;
    var slices = generateSlices(vWidth, nSlices);
  
    // setting up initial vertical line to start the mousemove functionality
    var vHeight = $(document).height()-8;
    var lineSlice = vWidth / 10;
    var vertLine = `<div style=""border-left:black;border-style:solid;margin-left:${lineSlice}px; height:${vHeight}px;width:0px;position:absolute;"" id=""vertLine""></div>`;
    var linePrompt = `<div id=""linePrompt""><div style=""font-size:50px;position:absolute;margin-left:${lineSlice*1.3}px;margin-top:${vHeight/2}px""></div><div style=""position:absolute;margin-left:${lineSlice*1.2}px;margin-top:${vHeight/2}px;z-index:5;"">Move mouse left of the line to begin</div></div>`;
    $("".jspsych-content-wrapper"").prepend(vertLine);
    $("".jspsych-content-wrapper"").prepend(linePrompt);
    
    // hide prompt until the trial is begun
    $('#jspsych-content > p').css(""visibility"", ""hidden"");
  
    // initialize the central image with the most neutral one (i.e. from
    // the middle of the scale) and set the image to be blurred
    var initialImage = imgScale[0];
    $('#jspsych-image-slider-response_noButton-stimulus').append(`<img src=""${initialImage}"" style=""filter:blur(4px);visibility:hidden;"" id=""changeable-image""/>`);
  
    // ADD VISUAL SCALE SHOWING MIN/MAX
    var scaleWidth = vWidth * 0.6;
    var scaleLeft = vWidth * 0.2;
    var scaleHtml = `
      <div id=""scale-container"" style=""position:absolute; bottom:120px; left:${scaleLeft}px; width:${scaleWidth}px; height:30px; background-color:rgba(220,220,220,0.7); border-radius:5px; display:none; z-index:10;"">
        <div style=""position:absolute; left:0px; width:2px; height:30px; background-color:black;""></div>
        <div style=""position:absolute; left:0px; top:32px; font-size:12px; color:black;"">Min (1)</div>
        <div style=""position:absolute; right:0px; width:2px; height:30px; background-color:black;""></div>
        <div style=""position:absolute; right:0px; top:32px; font-size:12px; color:black;"">Max (50)</div>
        <div id=""current-marker"" style=""position:absolute; left:0px; width:2px; height:30px; background-color:red; display:none;""></div>
      </div>
    `;
    $("".jspsych-content-wrapper"").append(scaleHtml);
  
    // workaround with a global variable
    window.__imageMouseOver = {
      lineSlice: lineSlice,
      slices: slices,
      nScale: nScale,
      imgBase: imgBase,
      startTime: startTime,
      trialData: trialData,
      sliceSelected: 0,
    };
    var __listenerBools = {};
  
    // define mousemove event listener that changes image
    function changeImg(event) {
      var mouseX = Math.floor(event.pageX);
      
      // Show the scale after interaction begins
      $(""#scale-container"").css(""display"", ""block"");
      
      // Update current marker position based on mouse position
      var scaleWidth = $(""#scale-container"").width();
      var relativePos = Math.max(0, Math.min(mouseX - scaleLeft, scaleWidth));
      var percentPos = (relativePos / scaleWidth) * 100;
      
      $(""#current-marker"").css({
        ""left"": `${relativePos}px`,
        ""display"": ""block""
      });
      
      for (var i = 0; i < __imageMouseOver.slices.length; i++) {
        // if mouse X position is within the bounds of the X axis slice,
        // change the image to one that is indexed to that slice
        if (mouseX >= __imageMouseOver.slices[i][0] && mouseX <= __imageMouseOver.slices[i][1]) {
          // capture which slice is selected
          __imageMouseOver.sliceSelected = i;
          // update img src to the picture that corresponds to that slice
          $('#changeable-image').attr('src', `img/${__imageMouseOver.imgBase}${__imageMouseOver.nScale[i]}.jpg`);
        }
      };
    };
    
    // define the click listener that ends trial
    function clickHandler(event) {
      if (__listenerBools['mousemove']) {
        // derive trial data
        var trialData = __imageMouseOver.trialData;
        var end_time = (new Date()).getTime();
        var rt = end_time - __imageMouseOver.startTime;
        trialData['rt'] = rt;
        trialData['stimulus_duration'] = rt;
        trialData['trial_duration'] = rt;
        trialData['imageSelected'] = `${__imageMouseOver.imgBase}${__imageMouseOver.nScale[__imageMouseOver.sliceSelected]}.jpg`
        trialData['indexSelected'] = __imageMouseOver.sliceSelected;
        // turn off listeners
        $(document).off('mousemove');
        $(document).off('click');
        // clean up variable namespaces
        delete window.__imageMouseOver
        delete __listenerBools;
        // clean up scale
        $(""#scale-container"").remove();
        // finish the trial with trial data
        jsPsych.finishTrial(trialData);
      };
    };
  
    function verticalLineInit(event) {
      var mouseX = Math.floor(event.pageX);
      if (mouseX <= __imageMouseOver.lineSlice) {
        $(""#vertLine"").remove();
        $(""#linePrompt"").remove();
        $(""#jspsych-image-slider-response_noButton-stimulus > img"").css({
          ""filter"":""blur(0px)"",
          ""visibility"": ""visible"",
        });
        $('#jspsych-content > p').css(""visibility"", ""visible"");
        __listenerBools['mousemove'] = true;
        // turn off THIS mouse move listener
        $(document).off(""mousemove"");
        // turn on the mouse move listener that changes the image
        $(document).mousemove(changeImg);
        // add mouse click listener
        $(document).on('click', clickHandler);
      };
    };
  
    // turn on the vertical line mouse move listener
    $(document).mousemove(verticalLineInit);
  }","[object Object]","0","","Continue","5210","5210","true","red11.jpg","10","avg","400","red","7","[19,12,3,5,2,7,13]","8.714285714285714","three giraffes","12","","",""
"instructions","43","290632","0.0-43.0","573b8bc2f3580b0006ce0986","7938.300000000745","","[{""page_index"":0,""viewing_time"":7938.10000000149}]","","","","","","","","","","","","","","","","","","","","","","","","","","","","","","",""
"survey-text","44","299547","0.0-44.0-0.0","573b8bc2f3580b0006ce0986","8912.800000000745","","","{""Q0"":""rock""}","","","","","","","","","","","","","","","","","","","","","","","","","","","","","",""
"html-keyboard-response","45","300048","0.0-45.0","573b8bc2f3580b0006ce0986","null","","","","<p style=""font-size: 48px;""> + </p>","null","fixation","","","","","","","","","","","","","","","","","","","","","","","","","blue","",""
"html-keyboard-response","46","301560","0.0-46.0","573b8bc2f3580b0006ce0986","null","","","","<span class='grid'><div class='blue' style='background-position:2800% 0%;margin-top:43px'></div> <div class='blue' style='background-position:2900% 0%;margin-top:31px'></div> <div class='blue' style='background-position:1800% 0%;margin-top:41px'></div> <div class='blue' style='background-position:2100% 0%;margin-top:43px'></div> <div class='blue' style='background-position:2700% 0%;margin-top:20px'></div> <div class='blue' style='background-position:2900% 0%;margin-top:45px'></div> <div class='blue' style='background-position:3400% 0%;margin-top:31px'></div> <div class='blue' style='background-position:2100% 0%;margin-top:22px'></div> <div> </div> <div class='blue' style='background-position:2800% 0%;margin-top:43px'></div> <div> </div> <div class='blue' style='background-position:2700% 0%;margin-top:36px'></div> <div class='blue' style='background-position:3700% 0%;margin-top:29px'></div> <div class='blue' style='background-position:2100% 0%;margin-top:50px'></div> <div> </div> <div class='blue' style='background-position:3700% 0%;margin-top:44px'></div> <div class='blue' style='background-position:3300% 0%;margin-top:30px'></div> <div class='blue' style='background-position:2500% 0%;margin-top:43px'></div> <div class='blue' style='background-position:2100% 0%;margin-top:33px'></div> <div class='blue' style='background-position:2000% 0%;margin-top:46px'></div> <div class='blue' style='background-position:2100% 0%;margin-top:34px'></div> <div class='blue' style='background-position:2600% 0%;margin-top:32px'></div> <div class='blue' style='background-position:2700% 0%;margin-top:42px'></div></span>","null","stimulus","{""index"":11,""type"":""practice"",""color"":""red""}","","","","","","","","","","","","","","","","","","","","","","","","blue","",""
"image-slider-response_noButton","47","311222","0.0-47.0","573b8bc2f3580b0006ce0986","9660","","","","img/blue1.jpg,img/blue2.jpg,img/blue3.jpg,img/blue4.jpg,img/blue5.jpg,img/blue6.jpg,img/blue7.jpg,img/blue8.jpg,img/blue9.jpg,img/blue10.jpg,img/blue11.jpg,img/blue12.jpg,img/blue13.jpg,img/blue14.jpg,img/blue15.jpg,img/blue16.jpg,img/blue17.jpg,img/blue18.jpg,img/blue19.jpg,img/blue20.jpg,img/blue21.jpg,img/blue22.jpg,img/blue23.jpg,img/blue24.jpg,img/blue25.jpg,img/blue26.jpg,img/blue27.jpg,img/blue28.jpg,img/blue29.jpg,img/blue30.jpg,img/blue31.jpg,img/blue32.jpg,img/blue33.jpg,img/blue34.jpg,img/blue35.jpg,img/blue36.jpg,img/blue37.jpg,img/blue38.jpg,img/blue39.jpg,img/blue40.jpg,img/blue41.jpg,img/blue42.jpg,img/blue43.jpg,img/blue44.jpg,img/blue45.jpg,img/blue46.jpg,img/blue47.jpg,img/blue48.jpg,img/blue49.jpg,img/blue50.jpg","","response","{""index"":0,""type"":""experimental"",""array_length"":20,""meanVal"":28,""color"":""blue""}","image-slider-response_noButton","<p>what was the average blueness of the array?</p>","1","50","0","function morphedScaleBlue() {
  // defining a few helper functions
  function nrange(size, startAt = 0) {
    return [...Array(size).keys()].map(i => i + startAt);
  };

  function fillArray(value, len) {
    var arr = [];
    for (var i = 0; i < len; i++) {
      arr.push(value);
    }
    return arr;
  };

  function generateSlices(vWidth, nSlices) {
    var step = vWidth*0.6/(nSlices-2);
    var stepArray = fillArray(step,nSlices-2)
    stepArray.unshift(0.2*vWidth)
    stepArray.push(0.2*vWidth)

    var bounds = [];
    
    for (var i = 0; i < nSlices; i++) {
      if (i==0) {
        bounds.push([(i*stepArray[i]), (i*stepArray[i])+stepArray[i]])
      } else if (i>0 && i!=nSlices-1) {
        bounds.push([(i*stepArray[i]+0.2*vWidth), (i*stepArray[i])+stepArray[i]+0.2*vWidth])
      } else {
        bounds.push([(vWidth-0.2*vWidth), vWidth])  
      }
    };
    return bounds;
  };
  
  // start trial timer
  var startTime = (new Date()).getTime();
  // get trial data
  var trialData = jsPsych.currentTrial();

  // remove the picture scales and the slider
  $('.jspsych-image-slider-response_noButton-container').css(""visibility"", ""hidden"");
  $('img').remove();
  
  // Remove mondrian background for rating phase
  $('body').css('background-image', 'none');

  var imgScale = getScaleBlue();
  
  // derive the letter of the image filenames
  var imgBase = imgScale[0].split('img/')[1].split('.jpg')[0].replace(/\d+/g, '');
  
  // split the number of the image filenames off from the rest of it
  var nScale = [];
  for (var i = 0; i < imgScale.length-1; i++) {
    var n = imgScale[i].split('img/')[1].split('.jpg')[0].split(imgBase)[1];
    nScale.push(n);
  };
  
  // calculate the element width, and slice it up into sections
  var vWidth = $(document).width();
  var nSlices = nScale.length;
  var slices = generateSlices(vWidth, nSlices);

  // setting up initial vertical line to start the mousemove functionality
  var vHeight = $(document).height()-8;
  var lineSlice = vWidth / 10;
  var vertLine = `<div style=""border-left:black;border-style:solid;margin-left:${lineSlice}px; height:${vHeight}px;width:0px;position:absolute;"" id=""vertLine""></div>`;
  var linePrompt = `<div id=""linePrompt""><div style=""font-size:50px;position:absolute;margin-left:${lineSlice*1.3}px;margin-top:${vHeight/2}px""></div><div style=""position:absolute;margin-left:${lineSlice*1.2}px;margin-top:${vHeight/2}px;z-index:5;"">Move mouse left of the line to begin</div></div>`;
  $("".jspsych-content-wrapper"").prepend(vertLine);
  $("".jspsych-content-wrapper"").prepend(linePrompt);
  
  // hide prompt until the trial is begun
  $('#jspsych-content > p').css(""visibility"", ""hidden"");

  // initialize the central image with the most neutral one (i.e. from
  // the middle of the scale) and set the image to be blurred
  var initialImage = imgScale[0];
  $('#jspsych-image-slider-response_noButton-stimulus').append(`<img src=""${initialImage}"" style=""filter:blur(4px);visibility:hidden;"" id=""changeable-image""/>`);

  // ADD VISUAL SCALE SHOWING MIN/MAX
  var scaleWidth = vWidth * 0.6;
  var scaleLeft = vWidth * 0.2;
  var scaleHtml = `
    <div id=""scale-container"" style=""position:absolute; bottom:120px; left:${scaleLeft}px; width:${scaleWidth}px; height:30px; background-color:rgba(220,220,220,0.7); border-radius:5px; display:none; z-index:10;"">
      <div style=""position:absolute; left:0px; width:2px; height:30px; background-color:black;""></div>
      <div style=""position:absolute; left:0px; top:32px; font-size:12px; color:black;"">Min (1)</div>
      <div style=""position:absolute; right:0px; width:2px; height:30px; background-color:black;""></div>
      <div style=""position:absolute; right:0px; top:32px; font-size:12px; color:black;"">Max (50)</div>
      <div id=""current-marker"" style=""position:absolute; left:0px; width:2px; height:30px; background-color:blue; display:none;""></div>
    </div>
  `;
  $("".jspsych-content-wrapper"").append(scaleHtml);

  // workaround with a global variable
  window.__imageMouseOver = {
    lineSlice: lineSlice,
    slices: slices,
    nScale: nScale,
    imgBase: imgBase,
    startTime: startTime,
    trialData: trialData,
    sliceSelected: 0,
  };
  var __listenerBools = {};

  // define mousemove event listener that changes image
  function changeImg(event) {
    var mouseX = Math.floor(event.pageX);
    
    // Show the scale after interaction begins
    $(""#scale-container"").css(""display"", ""block"");
    
    // Update current marker position based on mouse position
    var scaleWidth = $(""#scale-container"").width();
    var relativePos = Math.max(0, Math.min(mouseX - scaleLeft, scaleWidth));
    var percentPos = (relativePos / scaleWidth) * 100;
    
    $(""#current-marker"").css({
      ""left"": `${relativePos}px`,
      ""display"": ""block""
    });
    
    for (var i = 0; i < __imageMouseOver.slices.length; i++) {
      // if mouse X position is within the bounds of the X axis slice,
      // change the image to one that is indexed to that slice
      if (mouseX >= __imageMouseOver.slices[i][0] && mouseX <= __imageMouseOver.slices[i][1]) {
        // capture which slice is selected
        __imageMouseOver.sliceSelected = i;
        // update img src to the picture that corresponds to that slice
        $('#changeable-image').attr('src', `img/${__imageMouseOver.imgBase}${__imageMouseOver.nScale[i]}.jpg`);
      }
    };
  };
  
  // define the click listener that ends trial
  function clickHandler(event) {
    if (__listenerBools['mousemove']) {
      // derive trial data
      var trialData = __imageMouseOver.trialData;
      var end_time = (new Date()).getTime();
      var rt = end_time - __imageMouseOver.startTime;
      trialData['rt'] = rt;
      trialData['stimulus_duration'] = rt;
      trialData['trial_duration'] = rt;
      trialData['imageSelected'] = `${__imageMouseOver.imgBase}${__imageMouseOver.nScale[__imageMouseOver.sliceSelected]}.jpg`
      trialData['indexSelected'] = __imageMouseOver.sliceSelected;
      // turn off listeners
      $(document).off('mousemove');
      $(document).off('click');
      // clean up variable namespaces
      delete window.__imageMouseOver
      delete __listenerBools;
      // clean up scale
      $(""#scale-container"").remove();
      // finish the trial with trial data
      jsPsych.finishTrial(trialData);
    };
  };

  function verticalLineInit(event) {
    var mouseX = Math.floor(event.pageX);
    if (mouseX <= __imageMouseOver.lineSlice) {
      $(""#vertLine"").remove();
      $(""#linePrompt"").remove();
      $(""#jspsych-image-slider-response_noButton-stimulus > img"").css({
        ""filter"":""blur(0px)"",
        ""visibility"": ""visible"",
      });
      $('#jspsych-content > p').css(""visibility"", ""visible"");
      $('.jspsych-image-slider-response_noButton-').css(""visibility"", ""visible"");
      
      __listenerBools['mousemove'] = true;
      // turn off THIS mouse move listener
      $(document).off(""mousemove"");
      // turn on the mouse move listener that changes the image
      $(document).mousemove(changeImg);
      // add mouse click listener
      $(document).on('click', clickHandler);
    };
  };

  // turn on the vertical line mouse move listener
  $(document).mousemove(verticalLineInit);
}","[object Object]","0","","Continue","9660","9660","true","blue26.jpg","25","avg","500","blue","20","[18,20,21,21,21,21,21,25,26,27,27,27,28,28,29,29,33,34,37,37]","28","three giraffes","13","blue","",""
"html-keyboard-response","48","311825","0.0-48.0","573b8bc2f3580b0006ce0986","null","","","","<p style=""font-size: 48px;""> + </p>","null","fixation","","","","","","","","","","","","","","","","","","","","","","","","","blue","",""
"html-keyboard-response","49","313336","0.0-49.0","573b8bc2f3580b0006ce0986","null","","","","<span class='grid'><div> </div> <div> </div> <div> </div> <div> </div> <div> </div> <div class='blue' style='background-position:1800% 0%;margin-top:50px'></div> <div> </div> <div> </div> <div> </div> <div> </div> <div> </div> <div> </div> <div> </div> <div class='blue' style='background-position:2600% 0%;margin-top:33px'></div></span>","null","stimulus","{""index"":0,""type"":""experimental"",""array_length"":20,""meanVal"":28,""color"":""blue""}","","","","","","","","","","","","","","","","","","","","","","","","blue","",""
"image-slider-response_noButton","50","319279","0.0-50.0","573b8bc2f3580b0006ce0986","5942","","","","img/blue1.jpg,img/blue2.jpg,img/blue3.jpg,img/blue4.jpg,img/blue5.jpg,img/blue6.jpg,img/blue7.jpg,img/blue8.jpg,img/blue9.jpg,img/blue10.jpg,img/blue11.jpg,img/blue12.jpg,img/blue13.jpg,img/blue14.jpg,img/blue15.jpg,img/blue16.jpg,img/blue17.jpg,img/blue18.jpg,img/blue19.jpg,img/blue20.jpg,img/blue21.jpg,img/blue22.jpg,img/blue23.jpg,img/blue24.jpg,img/blue25.jpg,img/blue26.jpg,img/blue27.jpg,img/blue28.jpg,img/blue29.jpg,img/blue30.jpg,img/blue31.jpg,img/blue32.jpg,img/blue33.jpg,img/blue34.jpg,img/blue35.jpg,img/blue36.jpg,img/blue37.jpg,img/blue38.jpg,img/blue39.jpg,img/blue40.jpg,img/blue41.jpg,img/blue42.jpg,img/blue43.jpg,img/blue44.jpg,img/blue45.jpg,img/blue46.jpg,img/blue47.jpg,img/blue48.jpg,img/blue49.jpg,img/blue50.jpg","","response","{""index"":1,""type"":""experimental"",""array_length"":2,""meanVal"":22,""color"":""blue""}","image-slider-response_noButton","<p>what was the average blueness of the array?</p>","1","50","0","function morphedScaleBlue() {
  // defining a few helper functions
  function nrange(size, startAt = 0) {
    return [...Array(size).keys()].map(i => i + startAt);
  };

  function fillArray(value, len) {
    var arr = [];
    for (var i = 0; i < len; i++) {
      arr.push(value);
    }
    return arr;
  };

  function generateSlices(vWidth, nSlices) {
    var step = vWidth*0.6/(nSlices-2);
    var stepArray = fillArray(step,nSlices-2)
    stepArray.unshift(0.2*vWidth)
    stepArray.push(0.2*vWidth)

    var bounds = [];
    
    for (var i = 0; i < nSlices; i++) {
      if (i==0) {
        bounds.push([(i*stepArray[i]), (i*stepArray[i])+stepArray[i]])
      } else if (i>0 && i!=nSlices-1) {
        bounds.push([(i*stepArray[i]+0.2*vWidth), (i*stepArray[i])+stepArray[i]+0.2*vWidth])
      } else {
        bounds.push([(vWidth-0.2*vWidth), vWidth])  
      }
    };
    return bounds;
  };
  
  // start trial timer
  var startTime = (new Date()).getTime();
  // get trial data
  var trialData = jsPsych.currentTrial();

  // remove the picture scales and the slider
  $('.jspsych-image-slider-response_noButton-container').css(""visibility"", ""hidden"");
  $('img').remove();
  
  // Remove mondrian background for rating phase
  $('body').css('background-image', 'none');

  var imgScale = getScaleBlue();
  
  // derive the letter of the image filenames
  var imgBase = imgScale[0].split('img/')[1].split('.jpg')[0].replace(/\d+/g, '');
  
  // split the number of the image filenames off from the rest of it
  var nScale = [];
  for (var i = 0; i < imgScale.length-1; i++) {
    var n = imgScale[i].split('img/')[1].split('.jpg')[0].split(imgBase)[1];
    nScale.push(n);
  };
  
  // calculate the element width, and slice it up into sections
  var vWidth = $(document).width();
  var nSlices = nScale.length;
  var slices = generateSlices(vWidth, nSlices);

  // setting up initial vertical line to start the mousemove functionality
  var vHeight = $(document).height()-8;
  var lineSlice = vWidth / 10;
  var vertLine = `<div style=""border-left:black;border-style:solid;margin-left:${lineSlice}px; height:${vHeight}px;width:0px;position:absolute;"" id=""vertLine""></div>`;
  var linePrompt = `<div id=""linePrompt""><div style=""font-size:50px;position:absolute;margin-left:${lineSlice*1.3}px;margin-top:${vHeight/2}px""></div><div style=""position:absolute;margin-left:${lineSlice*1.2}px;margin-top:${vHeight/2}px;z-index:5;"">Move mouse left of the line to begin</div></div>`;
  $("".jspsych-content-wrapper"").prepend(vertLine);
  $("".jspsych-content-wrapper"").prepend(linePrompt);
  
  // hide prompt until the trial is begun
  $('#jspsych-content > p').css(""visibility"", ""hidden"");

  // initialize the central image with the most neutral one (i.e. from
  // the middle of the scale) and set the image to be blurred
  var initialImage = imgScale[0];
  $('#jspsych-image-slider-response_noButton-stimulus').append(`<img src=""${initialImage}"" style=""filter:blur(4px);visibility:hidden;"" id=""changeable-image""/>`);

  // ADD VISUAL SCALE SHOWING MIN/MAX
  var scaleWidth = vWidth * 0.6;
  var scaleLeft = vWidth * 0.2;
  var scaleHtml = `
    <div id=""scale-container"" style=""position:absolute; bottom:120px; left:${scaleLeft}px; width:${scaleWidth}px; height:30px; background-color:rgba(220,220,220,0.7); border-radius:5px; display:none; z-index:10;"">
      <div style=""position:absolute; left:0px; width:2px; height:30px; background-color:black;""></div>
      <div style=""position:absolute; left:0px; top:32px; font-size:12px; color:black;"">Min (1)</div>
      <div style=""position:absolute; right:0px; width:2px; height:30px; background-color:black;""></div>
      <div style=""position:absolute; right:0px; top:32px; font-size:12px; color:black;"">Max (50)</div>
      <div id=""current-marker"" style=""position:absolute; left:0px; width:2px; height:30px; background-color:blue; display:none;""></div>
    </div>
  `;
  $("".jspsych-content-wrapper"").append(scaleHtml);

  // workaround with a global variable
  window.__imageMouseOver = {
    lineSlice: lineSlice,
    slices: slices,
    nScale: nScale,
    imgBase: imgBase,
    startTime: startTime,
    trialData: trialData,
    sliceSelected: 0,
  };
  var __listenerBools = {};

  // define mousemove event listener that changes image
  function changeImg(event) {
    var mouseX = Math.floor(event.pageX);
    
    // Show the scale after interaction begins
    $(""#scale-container"").css(""display"", ""block"");
    
    // Update current marker position based on mouse position
    var scaleWidth = $(""#scale-container"").width();
    var relativePos = Math.max(0, Math.min(mouseX - scaleLeft, scaleWidth));
    var percentPos = (relativePos / scaleWidth) * 100;
    
    $(""#current-marker"").css({
      ""left"": `${relativePos}px`,
      ""display"": ""block""
    });
    
    for (var i = 0; i < __imageMouseOver.slices.length; i++) {
      // if mouse X position is within the bounds of the X axis slice,
      // change the image to one that is indexed to that slice
      if (mouseX >= __imageMouseOver.slices[i][0] && mouseX <= __imageMouseOver.slices[i][1]) {
        // capture which slice is selected
        __imageMouseOver.sliceSelected = i;
        // update img src to the picture that corresponds to that slice
        $('#changeable-image').attr('src', `img/${__imageMouseOver.imgBase}${__imageMouseOver.nScale[i]}.jpg`);
      }
    };
  };
  
  // define the click listener that ends trial
  function clickHandler(event) {
    if (__listenerBools['mousemove']) {
      // derive trial data
      var trialData = __imageMouseOver.trialData;
      var end_time = (new Date()).getTime();
      var rt = end_time - __imageMouseOver.startTime;
      trialData['rt'] = rt;
      trialData['stimulus_duration'] = rt;
      trialData['trial_duration'] = rt;
      trialData['imageSelected'] = `${__imageMouseOver.imgBase}${__imageMouseOver.nScale[__imageMouseOver.sliceSelected]}.jpg`
      trialData['indexSelected'] = __imageMouseOver.sliceSelected;
      // turn off listeners
      $(document).off('mousemove');
      $(document).off('click');
      // clean up variable namespaces
      delete window.__imageMouseOver
      delete __listenerBools;
      // clean up scale
      $(""#scale-container"").remove();
      // finish the trial with trial data
      jsPsych.finishTrial(trialData);
    };
  };

  function verticalLineInit(event) {
    var mouseX = Math.floor(event.pageX);
    if (mouseX <= __imageMouseOver.lineSlice) {
      $(""#vertLine"").remove();
      $(""#linePrompt"").remove();
      $(""#jspsych-image-slider-response_noButton-stimulus > img"").css({
        ""filter"":""blur(0px)"",
        ""visibility"": ""visible"",
      });
      $('#jspsych-content > p').css(""visibility"", ""visible"");
      $('.jspsych-image-slider-response_noButton-').css(""visibility"", ""visible"");
      
      __listenerBools['mousemove'] = true;
      // turn off THIS mouse move listener
      $(document).off(""mousemove"");
      // turn on the mouse move listener that changes the image
      $(document).mousemove(changeImg);
      // add mouse click listener
      $(document).on('click', clickHandler);
    };
  };

  // turn on the vertical line mouse move listener
  $(document).mousemove(verticalLineInit);
}","[object Object]","0","","Continue","5942","5942","true","blue21.jpg","20","avg","600","blue","2","[18,26]","22","three giraffes","14","blue","",""
"html-keyboard-response","51","319888","0.0-51.0","573b8bc2f3580b0006ce0986","null","","","","<p style=""font-size: 48px;""> + </p>","null","fixation","","","","","","","","","","","","","","","","","","","","","","","","","blue","",""
"html-keyboard-response","52","321394","0.0-52.0","573b8bc2f3580b0006ce0986","null","","","","<span class='grid'><div> </div> <div class='blue' style='background-position:2700% 0%;margin-top:24px'></div> <div> </div> <div class='blue' style='background-position:1900% 0%;margin-top:39px'></div> <div class='blue' style='background-position:1100% 0%;margin-top:30px'></div> <div class='blue' style='background-position:1100% 0%;margin-top:29px'></div> <div class='blue' style='background-position:1600% 0%;margin-top:27px'></div> <div class='blue' style='background-position:1700% 0%;margin-top:35px'></div> <div class='blue' style='background-position:1700% 0%;margin-top:37px'></div> <div class='blue' style='background-position:2700% 0%;margin-top:31px'></div> <div class='blue' style='background-position:1800% 0%;margin-top:23px'></div> <div class='blue' style='background-position:1000% 0%;margin-top:40px'></div> <div class='blue' style='background-position:1100% 0%;margin-top:31px'></div> <div class='blue' style='background-position:2300% 0%;margin-top:41px'></div> <div class='blue' style='background-position:1500% 0%;margin-top:37px'></div> <div class='blue' style='background-position:2400% 0%;margin-top:35px'></div> <div class='blue' style='background-position:1900% 0%;margin-top:36px'></div> <div class='blue' style='background-position:800% 0%;margin-top:22px'></div> <div class='blue' style='background-position:1800% 0%;margin-top:32px'></div> <div class='blue' style='background-position:1100% 0%;margin-top:31px'></div> <div class='blue' style='background-position:1700% 0%;margin-top:45px'></div> <div> </div> <div class='blue' style='background-position:1100% 0%;margin-top:25px'></div></span>","null","stimulus","{""index"":1,""type"":""experimental"",""array_length"":2,""meanVal"":22,""color"":""blue""}","","","","","","","","","","","","","","","","","","","","","","","","blue","",""
"image-slider-response_noButton","53","328020","0.0-53.0","573b8bc2f3580b0006ce0986","6625","","","","img/blue1.jpg,img/blue2.jpg,img/blue3.jpg,img/blue4.jpg,img/blue5.jpg,img/blue6.jpg,img/blue7.jpg,img/blue8.jpg,img/blue9.jpg,img/blue10.jpg,img/blue11.jpg,img/blue12.jpg,img/blue13.jpg,img/blue14.jpg,img/blue15.jpg,img/blue16.jpg,img/blue17.jpg,img/blue18.jpg,img/blue19.jpg,img/blue20.jpg,img/blue21.jpg,img/blue22.jpg,img/blue23.jpg,img/blue24.jpg,img/blue25.jpg,img/blue26.jpg,img/blue27.jpg,img/blue28.jpg,img/blue29.jpg,img/blue30.jpg,img/blue31.jpg,img/blue32.jpg,img/blue33.jpg,img/blue34.jpg,img/blue35.jpg,img/blue36.jpg,img/blue37.jpg,img/blue38.jpg,img/blue39.jpg,img/blue40.jpg,img/blue41.jpg,img/blue42.jpg,img/blue43.jpg,img/blue44.jpg,img/blue45.jpg,img/blue46.jpg,img/blue47.jpg,img/blue48.jpg,img/blue49.jpg,img/blue50.jpg","","response","{""index"":2,""type"":""experimental"",""array_length"":20,""meanVal"":18,""color"":""blue""}","image-slider-response_noButton","<p>what was the average blueness of the array?</p>","1","50","0","function morphedScaleBlue() {
  // defining a few helper functions
  function nrange(size, startAt = 0) {
    return [...Array(size).keys()].map(i => i + startAt);
  };

  function fillArray(value, len) {
    var arr = [];
    for (var i = 0; i < len; i++) {
      arr.push(value);
    }
    return arr;
  };

  function generateSlices(vWidth, nSlices) {
    var step = vWidth*0.6/(nSlices-2);
    var stepArray = fillArray(step,nSlices-2)
    stepArray.unshift(0.2*vWidth)
    stepArray.push(0.2*vWidth)

    var bounds = [];
    
    for (var i = 0; i < nSlices; i++) {
      if (i==0) {
        bounds.push([(i*stepArray[i]), (i*stepArray[i])+stepArray[i]])
      } else if (i>0 && i!=nSlices-1) {
        bounds.push([(i*stepArray[i]+0.2*vWidth), (i*stepArray[i])+stepArray[i]+0.2*vWidth])
      } else {
        bounds.push([(vWidth-0.2*vWidth), vWidth])  
      }
    };
    return bounds;
  };
  
  // start trial timer
  var startTime = (new Date()).getTime();
  // get trial data
  var trialData = jsPsych.currentTrial();

  // remove the picture scales and the slider
  $('.jspsych-image-slider-response_noButton-container').css(""visibility"", ""hidden"");
  $('img').remove();
  
  // Remove mondrian background for rating phase
  $('body').css('background-image', 'none');

  var imgScale = getScaleBlue();
  
  // derive the letter of the image filenames
  var imgBase = imgScale[0].split('img/')[1].split('.jpg')[0].replace(/\d+/g, '');
  
  // split the number of the image filenames off from the rest of it
  var nScale = [];
  for (var i = 0; i < imgScale.length-1; i++) {
    var n = imgScale[i].split('img/')[1].split('.jpg')[0].split(imgBase)[1];
    nScale.push(n);
  };
  
  // calculate the element width, and slice it up into sections
  var vWidth = $(document).width();
  var nSlices = nScale.length;
  var slices = generateSlices(vWidth, nSlices);

  // setting up initial vertical line to start the mousemove functionality
  var vHeight = $(document).height()-8;
  var lineSlice = vWidth / 10;
  var vertLine = `<div style=""border-left:black;border-style:solid;margin-left:${lineSlice}px; height:${vHeight}px;width:0px;position:absolute;"" id=""vertLine""></div>`;
  var linePrompt = `<div id=""linePrompt""><div style=""font-size:50px;position:absolute;margin-left:${lineSlice*1.3}px;margin-top:${vHeight/2}px""></div><div style=""position:absolute;margin-left:${lineSlice*1.2}px;margin-top:${vHeight/2}px;z-index:5;"">Move mouse left of the line to begin</div></div>`;
  $("".jspsych-content-wrapper"").prepend(vertLine);
  $("".jspsych-content-wrapper"").prepend(linePrompt);
  
  // hide prompt until the trial is begun
  $('#jspsych-content > p').css(""visibility"", ""hidden"");

  // initialize the central image with the most neutral one (i.e. from
  // the middle of the scale) and set the image to be blurred
  var initialImage = imgScale[0];
  $('#jspsych-image-slider-response_noButton-stimulus').append(`<img src=""${initialImage}"" style=""filter:blur(4px);visibility:hidden;"" id=""changeable-image""/>`);

  // ADD VISUAL SCALE SHOWING MIN/MAX
  var scaleWidth = vWidth * 0.6;
  var scaleLeft = vWidth * 0.2;
  var scaleHtml = `
    <div id=""scale-container"" style=""position:absolute; bottom:120px; left:${scaleLeft}px; width:${scaleWidth}px; height:30px; background-color:rgba(220,220,220,0.7); border-radius:5px; display:none; z-index:10;"">
      <div style=""position:absolute; left:0px; width:2px; height:30px; background-color:black;""></div>
      <div style=""position:absolute; left:0px; top:32px; font-size:12px; color:black;"">Min (1)</div>
      <div style=""position:absolute; right:0px; width:2px; height:30px; background-color:black;""></div>
      <div style=""position:absolute; right:0px; top:32px; font-size:12px; color:black;"">Max (50)</div>
      <div id=""current-marker"" style=""position:absolute; left:0px; width:2px; height:30px; background-color:blue; display:none;""></div>
    </div>
  `;
  $("".jspsych-content-wrapper"").append(scaleHtml);

  // workaround with a global variable
  window.__imageMouseOver = {
    lineSlice: lineSlice,
    slices: slices,
    nScale: nScale,
    imgBase: imgBase,
    startTime: startTime,
    trialData: trialData,
    sliceSelected: 0,
  };
  var __listenerBools = {};

  // define mousemove event listener that changes image
  function changeImg(event) {
    var mouseX = Math.floor(event.pageX);
    
    // Show the scale after interaction begins
    $(""#scale-container"").css(""display"", ""block"");
    
    // Update current marker position based on mouse position
    var scaleWidth = $(""#scale-container"").width();
    var relativePos = Math.max(0, Math.min(mouseX - scaleLeft, scaleWidth));
    var percentPos = (relativePos / scaleWidth) * 100;
    
    $(""#current-marker"").css({
      ""left"": `${relativePos}px`,
      ""display"": ""block""
    });
    
    for (var i = 0; i < __imageMouseOver.slices.length; i++) {
      // if mouse X position is within the bounds of the X axis slice,
      // change the image to one that is indexed to that slice
      if (mouseX >= __imageMouseOver.slices[i][0] && mouseX <= __imageMouseOver.slices[i][1]) {
        // capture which slice is selected
        __imageMouseOver.sliceSelected = i;
        // update img src to the picture that corresponds to that slice
        $('#changeable-image').attr('src', `img/${__imageMouseOver.imgBase}${__imageMouseOver.nScale[i]}.jpg`);
      }
    };
  };
  
  // define the click listener that ends trial
  function clickHandler(event) {
    if (__listenerBools['mousemove']) {
      // derive trial data
      var trialData = __imageMouseOver.trialData;
      var end_time = (new Date()).getTime();
      var rt = end_time - __imageMouseOver.startTime;
      trialData['rt'] = rt;
      trialData['stimulus_duration'] = rt;
      trialData['trial_duration'] = rt;
      trialData['imageSelected'] = `${__imageMouseOver.imgBase}${__imageMouseOver.nScale[__imageMouseOver.sliceSelected]}.jpg`
      trialData['indexSelected'] = __imageMouseOver.sliceSelected;
      // turn off listeners
      $(document).off('mousemove');
      $(document).off('click');
      // clean up variable namespaces
      delete window.__imageMouseOver
      delete __listenerBools;
      // clean up scale
      $(""#scale-container"").remove();
      // finish the trial with trial data
      jsPsych.finishTrial(trialData);
    };
  };

  function verticalLineInit(event) {
    var mouseX = Math.floor(event.pageX);
    if (mouseX <= __imageMouseOver.lineSlice) {
      $(""#vertLine"").remove();
      $(""#linePrompt"").remove();
      $(""#jspsych-image-slider-response_noButton-stimulus > img"").css({
        ""filter"":""blur(0px)"",
        ""visibility"": ""visible"",
      });
      $('#jspsych-content > p').css(""visibility"", ""visible"");
      $('.jspsych-image-slider-response_noButton-').css(""visibility"", ""visible"");
      
      __listenerBools['mousemove'] = true;
      // turn off THIS mouse move listener
      $(document).off(""mousemove"");
      // turn on the mouse move listener that changes the image
      $(document).mousemove(changeImg);
      // add mouse click listener
      $(document).on('click', clickHandler);
    };
  };

  // turn on the vertical line mouse move listener
  $(document).mousemove(verticalLineInit);
}","[object Object]","0","","Continue","6625","6625","true","blue18.jpg","17","avg","600","blue","20","[8,10,11,11,11,11,11,15,16,17,17,17,18,18,19,19,23,24,27,27]","18","three giraffes","15","blue","",""
"html-keyboard-response","54","328624","0.0-54.0","573b8bc2f3580b0006ce0986","null","","","","<p style=""font-size: 48px;""> + </p>","null","fixation","","","","","","","","","","","","","","","","","","","","","","","","","blue","",""
"html-keyboard-response","55","330129","0.0-55.0","573b8bc2f3580b0006ce0986","null","","","","<span class='grid'><div class='blue' style='background-position:2800% 0%;margin-top:34px'></div> <div class='blue' style='background-position:2200% 0%;margin-top:39px'></div> <div class='blue' style='background-position:3700% 0%;margin-top:40px'></div> <div> </div> <div class='blue' style='background-position:2100% 0%;margin-top:39px'></div> <div> </div> <div> </div> <div> </div> <div> </div> <div class='blue' style='background-position:3600% 0%;margin-top:26px'></div> <div> </div> <div class='blue' style='background-position:2900% 0%;margin-top:34px'></div> <div class='blue' style='background-position:3900% 0%;margin-top:40px'></div> <div class='blue' style='background-position:3200% 0%;margin-top:38px'></div> <div> </div> <div class='blue' style='background-position:3300% 0%;margin-top:29px'></div> <div class='blue' style='background-position:2500% 0%;margin-top:32px'></div> <div> </div></span>","null","stimulus","{""index"":2,""type"":""experimental"",""array_length"":20,""meanVal"":18,""color"":""blue""}","","","","","","","","","","","","","","","","","","","","","","","","blue","",""
"image-slider-response_noButton","56","335285","0.0-56.0","573b8bc2f3580b0006ce0986","5156","","","","img/blue1.jpg,img/blue2.jpg,img/blue3.jpg,img/blue4.jpg,img/blue5.jpg,img/blue6.jpg,img/blue7.jpg,img/blue8.jpg,img/blue9.jpg,img/blue10.jpg,img/blue11.jpg,img/blue12.jpg,img/blue13.jpg,img/blue14.jpg,img/blue15.jpg,img/blue16.jpg,img/blue17.jpg,img/blue18.jpg,img/blue19.jpg,img/blue20.jpg,img/blue21.jpg,img/blue22.jpg,img/blue23.jpg,img/blue24.jpg,img/blue25.jpg,img/blue26.jpg,img/blue27.jpg,img/blue28.jpg,img/blue29.jpg,img/blue30.jpg,img/blue31.jpg,img/blue32.jpg,img/blue33.jpg,img/blue34.jpg,img/blue35.jpg,img/blue36.jpg,img/blue37.jpg,img/blue38.jpg,img/blue39.jpg,img/blue40.jpg,img/blue41.jpg,img/blue42.jpg,img/blue43.jpg,img/blue44.jpg,img/blue45.jpg,img/blue46.jpg,img/blue47.jpg,img/blue48.jpg,img/blue49.jpg,img/blue50.jpg","","response","{""index"":3,""type"":""experimental"",""array_length"":10,""meanVal"":30,""color"":""blue""}","image-slider-response_noButton","<p>what was the average blueness of the array?</p>","1","50","0","function morphedScaleBlue() {
  // defining a few helper functions
  function nrange(size, startAt = 0) {
    return [...Array(size).keys()].map(i => i + startAt);
  };

  function fillArray(value, len) {
    var arr = [];
    for (var i = 0; i < len; i++) {
      arr.push(value);
    }
    return arr;
  };

  function generateSlices(vWidth, nSlices) {
    var step = vWidth*0.6/(nSlices-2);
    var stepArray = fillArray(step,nSlices-2)
    stepArray.unshift(0.2*vWidth)
    stepArray.push(0.2*vWidth)

    var bounds = [];
    
    for (var i = 0; i < nSlices; i++) {
      if (i==0) {
        bounds.push([(i*stepArray[i]), (i*stepArray[i])+stepArray[i]])
      } else if (i>0 && i!=nSlices-1) {
        bounds.push([(i*stepArray[i]+0.2*vWidth), (i*stepArray[i])+stepArray[i]+0.2*vWidth])
      } else {
        bounds.push([(vWidth-0.2*vWidth), vWidth])  
      }
    };
    return bounds;
  };
  
  // start trial timer
  var startTime = (new Date()).getTime();
  // get trial data
  var trialData = jsPsych.currentTrial();

  // remove the picture scales and the slider
  $('.jspsych-image-slider-response_noButton-container').css(""visibility"", ""hidden"");
  $('img').remove();
  
  // Remove mondrian background for rating phase
  $('body').css('background-image', 'none');

  var imgScale = getScaleBlue();
  
  // derive the letter of the image filenames
  var imgBase = imgScale[0].split('img/')[1].split('.jpg')[0].replace(/\d+/g, '');
  
  // split the number of the image filenames off from the rest of it
  var nScale = [];
  for (var i = 0; i < imgScale.length-1; i++) {
    var n = imgScale[i].split('img/')[1].split('.jpg')[0].split(imgBase)[1];
    nScale.push(n);
  };
  
  // calculate the element width, and slice it up into sections
  var vWidth = $(document).width();
  var nSlices = nScale.length;
  var slices = generateSlices(vWidth, nSlices);

  // setting up initial vertical line to start the mousemove functionality
  var vHeight = $(document).height()-8;
  var lineSlice = vWidth / 10;
  var vertLine = `<div style=""border-left:black;border-style:solid;margin-left:${lineSlice}px; height:${vHeight}px;width:0px;position:absolute;"" id=""vertLine""></div>`;
  var linePrompt = `<div id=""linePrompt""><div style=""font-size:50px;position:absolute;margin-left:${lineSlice*1.3}px;margin-top:${vHeight/2}px""></div><div style=""position:absolute;margin-left:${lineSlice*1.2}px;margin-top:${vHeight/2}px;z-index:5;"">Move mouse left of the line to begin</div></div>`;
  $("".jspsych-content-wrapper"").prepend(vertLine);
  $("".jspsych-content-wrapper"").prepend(linePrompt);
  
  // hide prompt until the trial is begun
  $('#jspsych-content > p').css(""visibility"", ""hidden"");

  // initialize the central image with the most neutral one (i.e. from
  // the middle of the scale) and set the image to be blurred
  var initialImage = imgScale[0];
  $('#jspsych-image-slider-response_noButton-stimulus').append(`<img src=""${initialImage}"" style=""filter:blur(4px);visibility:hidden;"" id=""changeable-image""/>`);

  // ADD VISUAL SCALE SHOWING MIN/MAX
  var scaleWidth = vWidth * 0.6;
  var scaleLeft = vWidth * 0.2;
  var scaleHtml = `
    <div id=""scale-container"" style=""position:absolute; bottom:120px; left:${scaleLeft}px; width:${scaleWidth}px; height:30px; background-color:rgba(220,220,220,0.7); border-radius:5px; display:none; z-index:10;"">
      <div style=""position:absolute; left:0px; width:2px; height:30px; background-color:black;""></div>
      <div style=""position:absolute; left:0px; top:32px; font-size:12px; color:black;"">Min (1)</div>
      <div style=""position:absolute; right:0px; width:2px; height:30px; background-color:black;""></div>
      <div style=""position:absolute; right:0px; top:32px; font-size:12px; color:black;"">Max (50)</div>
      <div id=""current-marker"" style=""position:absolute; left:0px; width:2px; height:30px; background-color:blue; display:none;""></div>
    </div>
  `;
  $("".jspsych-content-wrapper"").append(scaleHtml);

  // workaround with a global variable
  window.__imageMouseOver = {
    lineSlice: lineSlice,
    slices: slices,
    nScale: nScale,
    imgBase: imgBase,
    startTime: startTime,
    trialData: trialData,
    sliceSelected: 0,
  };
  var __listenerBools = {};

  // define mousemove event listener that changes image
  function changeImg(event) {
    var mouseX = Math.floor(event.pageX);
    
    // Show the scale after interaction begins
    $(""#scale-container"").css(""display"", ""block"");
    
    // Update current marker position based on mouse position
    var scaleWidth = $(""#scale-container"").width();
    var relativePos = Math.max(0, Math.min(mouseX - scaleLeft, scaleWidth));
    var percentPos = (relativePos / scaleWidth) * 100;
    
    $(""#current-marker"").css({
      ""left"": `${relativePos}px`,
      ""display"": ""block""
    });
    
    for (var i = 0; i < __imageMouseOver.slices.length; i++) {
      // if mouse X position is within the bounds of the X axis slice,
      // change the image to one that is indexed to that slice
      if (mouseX >= __imageMouseOver.slices[i][0] && mouseX <= __imageMouseOver.slices[i][1]) {
        // capture which slice is selected
        __imageMouseOver.sliceSelected = i;
        // update img src to the picture that corresponds to that slice
        $('#changeable-image').attr('src', `img/${__imageMouseOver.imgBase}${__imageMouseOver.nScale[i]}.jpg`);
      }
    };
  };
  
  // define the click listener that ends trial
  function clickHandler(event) {
    if (__listenerBools['mousemove']) {
      // derive trial data
      var trialData = __imageMouseOver.trialData;
      var end_time = (new Date()).getTime();
      var rt = end_time - __imageMouseOver.startTime;
      trialData['rt'] = rt;
      trialData['stimulus_duration'] = rt;
      trialData['trial_duration'] = rt;
      trialData['imageSelected'] = `${__imageMouseOver.imgBase}${__imageMouseOver.nScale[__imageMouseOver.sliceSelected]}.jpg`
      trialData['indexSelected'] = __imageMouseOver.sliceSelected;
      // turn off listeners
      $(document).off('mousemove');
      $(document).off('click');
      // clean up variable namespaces
      delete window.__imageMouseOver
      delete __listenerBools;
      // clean up scale
      $(""#scale-container"").remove();
      // finish the trial with trial data
      jsPsych.finishTrial(trialData);
    };
  };

  function verticalLineInit(event) {
    var mouseX = Math.floor(event.pageX);
    if (mouseX <= __imageMouseOver.lineSlice) {
      $(""#vertLine"").remove();
      $(""#linePrompt"").remove();
      $(""#jspsych-image-slider-response_noButton-stimulus > img"").css({
        ""filter"":""blur(0px)"",
        ""visibility"": ""visible"",
      });
      $('#jspsych-content > p').css(""visibility"", ""visible"");
      $('.jspsych-image-slider-response_noButton-').css(""visibility"", ""visible"");
      
      __listenerBools['mousemove'] = true;
      // turn off THIS mouse move listener
      $(document).off(""mousemove"");
      // turn on the mouse move listener that changes the image
      $(document).mousemove(changeImg);
      // add mouse click listener
      $(document).on('click', clickHandler);
    };
  };

  // turn on the vertical line mouse move listener
  $(document).mousemove(verticalLineInit);
}","[object Object]","0","","Continue","5156","5156","true","blue31.jpg","30","avg","600","blue","10","[21,25,22,28,29,32,33,36,37,39]","30","three giraffes","16","blue","",""
"html-keyboard-response","57","335788","0.0-57.0","573b8bc2f3580b0006ce0986","null","","","","<p style=""font-size: 48px;""> + </p>","null","fixation","","","","","","","","","","","","","","","","","","","","","","","","","blue","",""
"html-keyboard-response","58","337300","0.0-58.0","573b8bc2f3580b0006ce0986","null","","","","<span class='grid'><div> </div> <div> </div> <div> </div> <div> </div> <div> </div> <div> </div> <div class='blue' style='background-position:2600% 0%;margin-top:45px'></div> <div> </div> <div> </div> <div class='blue' style='background-position:1800% 0%;margin-top:35px'></div> <div> </div> <div> </div> <div> </div> <div> </div></span>","null","stimulus","{""index"":3,""type"":""experimental"",""array_length"":10,""meanVal"":30,""color"":""blue""}","","","","","","","","","","","","","","","","","","","","","","","","blue","",""
"image-slider-response_noButton","59","344583","0.0-59.0","573b8bc2f3580b0006ce0986","7283","","","","img/blue1.jpg,img/blue2.jpg,img/blue3.jpg,img/blue4.jpg,img/blue5.jpg,img/blue6.jpg,img/blue7.jpg,img/blue8.jpg,img/blue9.jpg,img/blue10.jpg,img/blue11.jpg,img/blue12.jpg,img/blue13.jpg,img/blue14.jpg,img/blue15.jpg,img/blue16.jpg,img/blue17.jpg,img/blue18.jpg,img/blue19.jpg,img/blue20.jpg,img/blue21.jpg,img/blue22.jpg,img/blue23.jpg,img/blue24.jpg,img/blue25.jpg,img/blue26.jpg,img/blue27.jpg,img/blue28.jpg,img/blue29.jpg,img/blue30.jpg,img/blue31.jpg,img/blue32.jpg,img/blue33.jpg,img/blue34.jpg,img/blue35.jpg,img/blue36.jpg,img/blue37.jpg,img/blue38.jpg,img/blue39.jpg,img/blue40.jpg,img/blue41.jpg,img/blue42.jpg,img/blue43.jpg,img/blue44.jpg,img/blue45.jpg,img/blue46.jpg,img/blue47.jpg,img/blue48.jpg,img/blue49.jpg,img/blue50.jpg","","response","{""index"":4,""type"":""experimental"",""array_length"":2,""meanVal"":22,""color"":""blue""}","image-slider-response_noButton","<p>what was the average blueness of the array?</p>","1","50","0","function morphedScaleBlue() {
  // defining a few helper functions
  function nrange(size, startAt = 0) {
    return [...Array(size).keys()].map(i => i + startAt);
  };

  function fillArray(value, len) {
    var arr = [];
    for (var i = 0; i < len; i++) {
      arr.push(value);
    }
    return arr;
  };

  function generateSlices(vWidth, nSlices) {
    var step = vWidth*0.6/(nSlices-2);
    var stepArray = fillArray(step,nSlices-2)
    stepArray.unshift(0.2*vWidth)
    stepArray.push(0.2*vWidth)

    var bounds = [];
    
    for (var i = 0; i < nSlices; i++) {
      if (i==0) {
        bounds.push([(i*stepArray[i]), (i*stepArray[i])+stepArray[i]])
      } else if (i>0 && i!=nSlices-1) {
        bounds.push([(i*stepArray[i]+0.2*vWidth), (i*stepArray[i])+stepArray[i]+0.2*vWidth])
      } else {
        bounds.push([(vWidth-0.2*vWidth), vWidth])  
      }
    };
    return bounds;
  };
  
  // start trial timer
  var startTime = (new Date()).getTime();
  // get trial data
  var trialData = jsPsych.currentTrial();

  // remove the picture scales and the slider
  $('.jspsych-image-slider-response_noButton-container').css(""visibility"", ""hidden"");
  $('img').remove();
  
  // Remove mondrian background for rating phase
  $('body').css('background-image', 'none');

  var imgScale = getScaleBlue();
  
  // derive the letter of the image filenames
  var imgBase = imgScale[0].split('img/')[1].split('.jpg')[0].replace(/\d+/g, '');
  
  // split the number of the image filenames off from the rest of it
  var nScale = [];
  for (var i = 0; i < imgScale.length-1; i++) {
    var n = imgScale[i].split('img/')[1].split('.jpg')[0].split(imgBase)[1];
    nScale.push(n);
  };
  
  // calculate the element width, and slice it up into sections
  var vWidth = $(document).width();
  var nSlices = nScale.length;
  var slices = generateSlices(vWidth, nSlices);

  // setting up initial vertical line to start the mousemove functionality
  var vHeight = $(document).height()-8;
  var lineSlice = vWidth / 10;
  var vertLine = `<div style=""border-left:black;border-style:solid;margin-left:${lineSlice}px; height:${vHeight}px;width:0px;position:absolute;"" id=""vertLine""></div>`;
  var linePrompt = `<div id=""linePrompt""><div style=""font-size:50px;position:absolute;margin-left:${lineSlice*1.3}px;margin-top:${vHeight/2}px""></div><div style=""position:absolute;margin-left:${lineSlice*1.2}px;margin-top:${vHeight/2}px;z-index:5;"">Move mouse left of the line to begin</div></div>`;
  $("".jspsych-content-wrapper"").prepend(vertLine);
  $("".jspsych-content-wrapper"").prepend(linePrompt);
  
  // hide prompt until the trial is begun
  $('#jspsych-content > p').css(""visibility"", ""hidden"");

  // initialize the central image with the most neutral one (i.e. from
  // the middle of the scale) and set the image to be blurred
  var initialImage = imgScale[0];
  $('#jspsych-image-slider-response_noButton-stimulus').append(`<img src=""${initialImage}"" style=""filter:blur(4px);visibility:hidden;"" id=""changeable-image""/>`);

  // ADD VISUAL SCALE SHOWING MIN/MAX
  var scaleWidth = vWidth * 0.6;
  var scaleLeft = vWidth * 0.2;
  var scaleHtml = `
    <div id=""scale-container"" style=""position:absolute; bottom:120px; left:${scaleLeft}px; width:${scaleWidth}px; height:30px; background-color:rgba(220,220,220,0.7); border-radius:5px; display:none; z-index:10;"">
      <div style=""position:absolute; left:0px; width:2px; height:30px; background-color:black;""></div>
      <div style=""position:absolute; left:0px; top:32px; font-size:12px; color:black;"">Min (1)</div>
      <div style=""position:absolute; right:0px; width:2px; height:30px; background-color:black;""></div>
      <div style=""position:absolute; right:0px; top:32px; font-size:12px; color:black;"">Max (50)</div>
      <div id=""current-marker"" style=""position:absolute; left:0px; width:2px; height:30px; background-color:blue; display:none;""></div>
    </div>
  `;
  $("".jspsych-content-wrapper"").append(scaleHtml);

  // workaround with a global variable
  window.__imageMouseOver = {
    lineSlice: lineSlice,
    slices: slices,
    nScale: nScale,
    imgBase: imgBase,
    startTime: startTime,
    trialData: trialData,
    sliceSelected: 0,
  };
  var __listenerBools = {};

  // define mousemove event listener that changes image
  function changeImg(event) {
    var mouseX = Math.floor(event.pageX);
    
    // Show the scale after interaction begins
    $(""#scale-container"").css(""display"", ""block"");
    
    // Update current marker position based on mouse position
    var scaleWidth = $(""#scale-container"").width();
    var relativePos = Math.max(0, Math.min(mouseX - scaleLeft, scaleWidth));
    var percentPos = (relativePos / scaleWidth) * 100;
    
    $(""#current-marker"").css({
      ""left"": `${relativePos}px`,
      ""display"": ""block""
    });
    
    for (var i = 0; i < __imageMouseOver.slices.length; i++) {
      // if mouse X position is within the bounds of the X axis slice,
      // change the image to one that is indexed to that slice
      if (mouseX >= __imageMouseOver.slices[i][0] && mouseX <= __imageMouseOver.slices[i][1]) {
        // capture which slice is selected
        __imageMouseOver.sliceSelected = i;
        // update img src to the picture that corresponds to that slice
        $('#changeable-image').attr('src', `img/${__imageMouseOver.imgBase}${__imageMouseOver.nScale[i]}.jpg`);
      }
    };
  };
  
  // define the click listener that ends trial
  function clickHandler(event) {
    if (__listenerBools['mousemove']) {
      // derive trial data
      var trialData = __imageMouseOver.trialData;
      var end_time = (new Date()).getTime();
      var rt = end_time - __imageMouseOver.startTime;
      trialData['rt'] = rt;
      trialData['stimulus_duration'] = rt;
      trialData['trial_duration'] = rt;
      trialData['imageSelected'] = `${__imageMouseOver.imgBase}${__imageMouseOver.nScale[__imageMouseOver.sliceSelected]}.jpg`
      trialData['indexSelected'] = __imageMouseOver.sliceSelected;
      // turn off listeners
      $(document).off('mousemove');
      $(document).off('click');
      // clean up variable namespaces
      delete window.__imageMouseOver
      delete __listenerBools;
      // clean up scale
      $(""#scale-container"").remove();
      // finish the trial with trial data
      jsPsych.finishTrial(trialData);
    };
  };

  function verticalLineInit(event) {
    var mouseX = Math.floor(event.pageX);
    if (mouseX <= __imageMouseOver.lineSlice) {
      $(""#vertLine"").remove();
      $(""#linePrompt"").remove();
      $(""#jspsych-image-slider-response_noButton-stimulus > img"").css({
        ""filter"":""blur(0px)"",
        ""visibility"": ""visible"",
      });
      $('#jspsych-content > p').css(""visibility"", ""visible"");
      $('.jspsych-image-slider-response_noButton-').css(""visibility"", ""visible"");
      
      __listenerBools['mousemove'] = true;
      // turn off THIS mouse move listener
      $(document).off(""mousemove"");
      // turn on the mouse move listener that changes the image
      $(document).mousemove(changeImg);
      // add mouse click listener
      $(document).on('click', clickHandler);
    };
  };

  // turn on the vertical line mouse move listener
  $(document).mousemove(verticalLineInit);
}","[object Object]","0","","Continue","7283","7283","true","blue23.jpg","22","avg","500","blue","2","[18,26]","22","three giraffes","17","blue","",""
"html-keyboard-response","60","344986","0.0-60.0","573b8bc2f3580b0006ce0986","null","","","","<p style=""font-size: 48px;""> + </p>","null","fixation","","","","","","","","","","","","","","","","","","","","","","","","","blue","",""
"html-keyboard-response","61","346499","0.0-61.0","573b8bc2f3580b0006ce0986","null","","","","<span class='grid'><div> </div> <div> </div> <div> </div> <div> </div> <div> </div> <div> </div> <div> </div> <div> </div> <div> </div> <div> </div> <div> </div> <div class='blue' style='background-position:1400% 0%;margin-top:36px'></div> <div> </div> <div class='blue' style='background-position:2200% 0%;margin-top:40px'></div></span>","null","stimulus","{""index"":4,""type"":""experimental"",""array_length"":2,""meanVal"":22,""color"":""blue""}","","","","","","","","","","","","","","","","","","","","","","","","blue","",""
"image-slider-response_noButton","62","354494","0.0-62.0","573b8bc2f3580b0006ce0986","7994","","","","img/blue1.jpg,img/blue2.jpg,img/blue3.jpg,img/blue4.jpg,img/blue5.jpg,img/blue6.jpg,img/blue7.jpg,img/blue8.jpg,img/blue9.jpg,img/blue10.jpg,img/blue11.jpg,img/blue12.jpg,img/blue13.jpg,img/blue14.jpg,img/blue15.jpg,img/blue16.jpg,img/blue17.jpg,img/blue18.jpg,img/blue19.jpg,img/blue20.jpg,img/blue21.jpg,img/blue22.jpg,img/blue23.jpg,img/blue24.jpg,img/blue25.jpg,img/blue26.jpg,img/blue27.jpg,img/blue28.jpg,img/blue29.jpg,img/blue30.jpg,img/blue31.jpg,img/blue32.jpg,img/blue33.jpg,img/blue34.jpg,img/blue35.jpg,img/blue36.jpg,img/blue37.jpg,img/blue38.jpg,img/blue39.jpg,img/blue40.jpg,img/blue41.jpg,img/blue42.jpg,img/blue43.jpg,img/blue44.jpg,img/blue45.jpg,img/blue46.jpg,img/blue47.jpg,img/blue48.jpg,img/blue49.jpg,img/blue50.jpg","","response","{""index"":5,""type"":""experimental"",""array_length"":2,""meanVal"":18,""color"":""blue""}","image-slider-response_noButton","<p>what was the average blueness of the array?</p>","1","50","0","function morphedScaleBlue() {
  // defining a few helper functions
  function nrange(size, startAt = 0) {
    return [...Array(size).keys()].map(i => i + startAt);
  };

  function fillArray(value, len) {
    var arr = [];
    for (var i = 0; i < len; i++) {
      arr.push(value);
    }
    return arr;
  };

  function generateSlices(vWidth, nSlices) {
    var step = vWidth*0.6/(nSlices-2);
    var stepArray = fillArray(step,nSlices-2)
    stepArray.unshift(0.2*vWidth)
    stepArray.push(0.2*vWidth)

    var bounds = [];
    
    for (var i = 0; i < nSlices; i++) {
      if (i==0) {
        bounds.push([(i*stepArray[i]), (i*stepArray[i])+stepArray[i]])
      } else if (i>0 && i!=nSlices-1) {
        bounds.push([(i*stepArray[i]+0.2*vWidth), (i*stepArray[i])+stepArray[i]+0.2*vWidth])
      } else {
        bounds.push([(vWidth-0.2*vWidth), vWidth])  
      }
    };
    return bounds;
  };
  
  // start trial timer
  var startTime = (new Date()).getTime();
  // get trial data
  var trialData = jsPsych.currentTrial();

  // remove the picture scales and the slider
  $('.jspsych-image-slider-response_noButton-container').css(""visibility"", ""hidden"");
  $('img').remove();
  
  // Remove mondrian background for rating phase
  $('body').css('background-image', 'none');

  var imgScale = getScaleBlue();
  
  // derive the letter of the image filenames
  var imgBase = imgScale[0].split('img/')[1].split('.jpg')[0].replace(/\d+/g, '');
  
  // split the number of the image filenames off from the rest of it
  var nScale = [];
  for (var i = 0; i < imgScale.length-1; i++) {
    var n = imgScale[i].split('img/')[1].split('.jpg')[0].split(imgBase)[1];
    nScale.push(n);
  };
  
  // calculate the element width, and slice it up into sections
  var vWidth = $(document).width();
  var nSlices = nScale.length;
  var slices = generateSlices(vWidth, nSlices);

  // setting up initial vertical line to start the mousemove functionality
  var vHeight = $(document).height()-8;
  var lineSlice = vWidth / 10;
  var vertLine = `<div style=""border-left:black;border-style:solid;margin-left:${lineSlice}px; height:${vHeight}px;width:0px;position:absolute;"" id=""vertLine""></div>`;
  var linePrompt = `<div id=""linePrompt""><div style=""font-size:50px;position:absolute;margin-left:${lineSlice*1.3}px;margin-top:${vHeight/2}px""></div><div style=""position:absolute;margin-left:${lineSlice*1.2}px;margin-top:${vHeight/2}px;z-index:5;"">Move mouse left of the line to begin</div></div>`;
  $("".jspsych-content-wrapper"").prepend(vertLine);
  $("".jspsych-content-wrapper"").prepend(linePrompt);
  
  // hide prompt until the trial is begun
  $('#jspsych-content > p').css(""visibility"", ""hidden"");

  // initialize the central image with the most neutral one (i.e. from
  // the middle of the scale) and set the image to be blurred
  var initialImage = imgScale[0];
  $('#jspsych-image-slider-response_noButton-stimulus').append(`<img src=""${initialImage}"" style=""filter:blur(4px);visibility:hidden;"" id=""changeable-image""/>`);

  // ADD VISUAL SCALE SHOWING MIN/MAX
  var scaleWidth = vWidth * 0.6;
  var scaleLeft = vWidth * 0.2;
  var scaleHtml = `
    <div id=""scale-container"" style=""position:absolute; bottom:120px; left:${scaleLeft}px; width:${scaleWidth}px; height:30px; background-color:rgba(220,220,220,0.7); border-radius:5px; display:none; z-index:10;"">
      <div style=""position:absolute; left:0px; width:2px; height:30px; background-color:black;""></div>
      <div style=""position:absolute; left:0px; top:32px; font-size:12px; color:black;"">Min (1)</div>
      <div style=""position:absolute; right:0px; width:2px; height:30px; background-color:black;""></div>
      <div style=""position:absolute; right:0px; top:32px; font-size:12px; color:black;"">Max (50)</div>
      <div id=""current-marker"" style=""position:absolute; left:0px; width:2px; height:30px; background-color:blue; display:none;""></div>
    </div>
  `;
  $("".jspsych-content-wrapper"").append(scaleHtml);

  // workaround with a global variable
  window.__imageMouseOver = {
    lineSlice: lineSlice,
    slices: slices,
    nScale: nScale,
    imgBase: imgBase,
    startTime: startTime,
    trialData: trialData,
    sliceSelected: 0,
  };
  var __listenerBools = {};

  // define mousemove event listener that changes image
  function changeImg(event) {
    var mouseX = Math.floor(event.pageX);
    
    // Show the scale after interaction begins
    $(""#scale-container"").css(""display"", ""block"");
    
    // Update current marker position based on mouse position
    var scaleWidth = $(""#scale-container"").width();
    var relativePos = Math.max(0, Math.min(mouseX - scaleLeft, scaleWidth));
    var percentPos = (relativePos / scaleWidth) * 100;
    
    $(""#current-marker"").css({
      ""left"": `${relativePos}px`,
      ""display"": ""block""
    });
    
    for (var i = 0; i < __imageMouseOver.slices.length; i++) {
      // if mouse X position is within the bounds of the X axis slice,
      // change the image to one that is indexed to that slice
      if (mouseX >= __imageMouseOver.slices[i][0] && mouseX <= __imageMouseOver.slices[i][1]) {
        // capture which slice is selected
        __imageMouseOver.sliceSelected = i;
        // update img src to the picture that corresponds to that slice
        $('#changeable-image').attr('src', `img/${__imageMouseOver.imgBase}${__imageMouseOver.nScale[i]}.jpg`);
      }
    };
  };
  
  // define the click listener that ends trial
  function clickHandler(event) {
    if (__listenerBools['mousemove']) {
      // derive trial data
      var trialData = __imageMouseOver.trialData;
      var end_time = (new Date()).getTime();
      var rt = end_time - __imageMouseOver.startTime;
      trialData['rt'] = rt;
      trialData['stimulus_duration'] = rt;
      trialData['trial_duration'] = rt;
      trialData['imageSelected'] = `${__imageMouseOver.imgBase}${__imageMouseOver.nScale[__imageMouseOver.sliceSelected]}.jpg`
      trialData['indexSelected'] = __imageMouseOver.sliceSelected;
      // turn off listeners
      $(document).off('mousemove');
      $(document).off('click');
      // clean up variable namespaces
      delete window.__imageMouseOver
      delete __listenerBools;
      // clean up scale
      $(""#scale-container"").remove();
      // finish the trial with trial data
      jsPsych.finishTrial(trialData);
    };
  };

  function verticalLineInit(event) {
    var mouseX = Math.floor(event.pageX);
    if (mouseX <= __imageMouseOver.lineSlice) {
      $(""#vertLine"").remove();
      $(""#linePrompt"").remove();
      $(""#jspsych-image-slider-response_noButton-stimulus > img"").css({
        ""filter"":""blur(0px)"",
        ""visibility"": ""visible"",
      });
      $('#jspsych-content > p').css(""visibility"", ""visible"");
      $('.jspsych-image-slider-response_noButton-').css(""visibility"", ""visible"");
      
      __listenerBools['mousemove'] = true;
      // turn off THIS mouse move listener
      $(document).off(""mousemove"");
      // turn on the mouse move listener that changes the image
      $(document).mousemove(changeImg);
      // add mouse click listener
      $(document).on('click', clickHandler);
    };
  };

  // turn on the vertical line mouse move listener
  $(document).mousemove(verticalLineInit);
}","[object Object]","0","","Continue","7994","7994","true","blue19.jpg","18","avg","400","blue","2","[14,22]","18","three giraffes","18","blue","",""
"html-keyboard-response","63","354895","0.0-63.0","573b8bc2f3580b0006ce0986","null","","","","<p style=""font-size: 48px;""> + </p>","null","fixation","","","","","","","","","","","","","","","","","","","","","","","","","blue","",""
"html-keyboard-response","64","356403","0.0-64.0","573b8bc2f3580b0006ce0986","null","","","","<span class='grid'><div class='blue' style='background-position:3500% 0%;margin-top:40px'></div> <div> </div> <div class='blue' style='background-position:1800% 0%;margin-top:47px'></div> <div> </div> <div class='blue' style='background-position:2500% 0%;margin-top:50px'></div> <div> </div> <div class='blue' style='background-position:2400% 0%;margin-top:31px'></div> <div class='blue' style='background-position:1700% 0%;margin-top:26px'></div> <div class='blue' style='background-position:2900% 0%;margin-top:20px'></div> <div> </div> <div> </div> <div> </div> <div class='blue' style='background-position:3300% 0%;margin-top:25px'></div> <div class='blue' style='background-position:2100% 0%;margin-top:21px'></div> <div> </div> <div class='blue' style='background-position:2800% 0%;margin-top:34px'></div> <div> </div> <div class='blue' style='background-position:3200% 0%;margin-top:24px'></div></span>","null","stimulus","{""index"":5,""type"":""experimental"",""array_length"":2,""meanVal"":18,""color"":""blue""}","","","","","","","","","","","","","","","","","","","","","","","","blue","",""
"image-slider-response_noButton","65","367654","0.0-65.0","573b8bc2f3580b0006ce0986","11249","","","","img/blue1.jpg,img/blue2.jpg,img/blue3.jpg,img/blue4.jpg,img/blue5.jpg,img/blue6.jpg,img/blue7.jpg,img/blue8.jpg,img/blue9.jpg,img/blue10.jpg,img/blue11.jpg,img/blue12.jpg,img/blue13.jpg,img/blue14.jpg,img/blue15.jpg,img/blue16.jpg,img/blue17.jpg,img/blue18.jpg,img/blue19.jpg,img/blue20.jpg,img/blue21.jpg,img/blue22.jpg,img/blue23.jpg,img/blue24.jpg,img/blue25.jpg,img/blue26.jpg,img/blue27.jpg,img/blue28.jpg,img/blue29.jpg,img/blue30.jpg,img/blue31.jpg,img/blue32.jpg,img/blue33.jpg,img/blue34.jpg,img/blue35.jpg,img/blue36.jpg,img/blue37.jpg,img/blue38.jpg,img/blue39.jpg,img/blue40.jpg,img/blue41.jpg,img/blue42.jpg,img/blue43.jpg,img/blue44.jpg,img/blue45.jpg,img/blue46.jpg,img/blue47.jpg,img/blue48.jpg,img/blue49.jpg,img/blue50.jpg","","response","{""index"":6,""type"":""experimental"",""array_length"":10,""meanVal"":26,""color"":""blue""}","image-slider-response_noButton","<p>what was the average blueness of the array?</p>","1","50","0","function morphedScaleBlue() {
  // defining a few helper functions
  function nrange(size, startAt = 0) {
    return [...Array(size).keys()].map(i => i + startAt);
  };

  function fillArray(value, len) {
    var arr = [];
    for (var i = 0; i < len; i++) {
      arr.push(value);
    }
    return arr;
  };

  function generateSlices(vWidth, nSlices) {
    var step = vWidth*0.6/(nSlices-2);
    var stepArray = fillArray(step,nSlices-2)
    stepArray.unshift(0.2*vWidth)
    stepArray.push(0.2*vWidth)

    var bounds = [];
    
    for (var i = 0; i < nSlices; i++) {
      if (i==0) {
        bounds.push([(i*stepArray[i]), (i*stepArray[i])+stepArray[i]])
      } else if (i>0 && i!=nSlices-1) {
        bounds.push([(i*stepArray[i]+0.2*vWidth), (i*stepArray[i])+stepArray[i]+0.2*vWidth])
      } else {
        bounds.push([(vWidth-0.2*vWidth), vWidth])  
      }
    };
    return bounds;
  };
  
  // start trial timer
  var startTime = (new Date()).getTime();
  // get trial data
  var trialData = jsPsych.currentTrial();

  // remove the picture scales and the slider
  $('.jspsych-image-slider-response_noButton-container').css(""visibility"", ""hidden"");
  $('img').remove();
  
  // Remove mondrian background for rating phase
  $('body').css('background-image', 'none');

  var imgScale = getScaleBlue();
  
  // derive the letter of the image filenames
  var imgBase = imgScale[0].split('img/')[1].split('.jpg')[0].replace(/\d+/g, '');
  
  // split the number of the image filenames off from the rest of it
  var nScale = [];
  for (var i = 0; i < imgScale.length-1; i++) {
    var n = imgScale[i].split('img/')[1].split('.jpg')[0].split(imgBase)[1];
    nScale.push(n);
  };
  
  // calculate the element width, and slice it up into sections
  var vWidth = $(document).width();
  var nSlices = nScale.length;
  var slices = generateSlices(vWidth, nSlices);

  // setting up initial vertical line to start the mousemove functionality
  var vHeight = $(document).height()-8;
  var lineSlice = vWidth / 10;
  var vertLine = `<div style=""border-left:black;border-style:solid;margin-left:${lineSlice}px; height:${vHeight}px;width:0px;position:absolute;"" id=""vertLine""></div>`;
  var linePrompt = `<div id=""linePrompt""><div style=""font-size:50px;position:absolute;margin-left:${lineSlice*1.3}px;margin-top:${vHeight/2}px""></div><div style=""position:absolute;margin-left:${lineSlice*1.2}px;margin-top:${vHeight/2}px;z-index:5;"">Move mouse left of the line to begin</div></div>`;
  $("".jspsych-content-wrapper"").prepend(vertLine);
  $("".jspsych-content-wrapper"").prepend(linePrompt);
  
  // hide prompt until the trial is begun
  $('#jspsych-content > p').css(""visibility"", ""hidden"");

  // initialize the central image with the most neutral one (i.e. from
  // the middle of the scale) and set the image to be blurred
  var initialImage = imgScale[0];
  $('#jspsych-image-slider-response_noButton-stimulus').append(`<img src=""${initialImage}"" style=""filter:blur(4px);visibility:hidden;"" id=""changeable-image""/>`);

  // ADD VISUAL SCALE SHOWING MIN/MAX
  var scaleWidth = vWidth * 0.6;
  var scaleLeft = vWidth * 0.2;
  var scaleHtml = `
    <div id=""scale-container"" style=""position:absolute; bottom:120px; left:${scaleLeft}px; width:${scaleWidth}px; height:30px; background-color:rgba(220,220,220,0.7); border-radius:5px; display:none; z-index:10;"">
      <div style=""position:absolute; left:0px; width:2px; height:30px; background-color:black;""></div>
      <div style=""position:absolute; left:0px; top:32px; font-size:12px; color:black;"">Min (1)</div>
      <div style=""position:absolute; right:0px; width:2px; height:30px; background-color:black;""></div>
      <div style=""position:absolute; right:0px; top:32px; font-size:12px; color:black;"">Max (50)</div>
      <div id=""current-marker"" style=""position:absolute; left:0px; width:2px; height:30px; background-color:blue; display:none;""></div>
    </div>
  `;
  $("".jspsych-content-wrapper"").append(scaleHtml);

  // workaround with a global variable
  window.__imageMouseOver = {
    lineSlice: lineSlice,
    slices: slices,
    nScale: nScale,
    imgBase: imgBase,
    startTime: startTime,
    trialData: trialData,
    sliceSelected: 0,
  };
  var __listenerBools = {};

  // define mousemove event listener that changes image
  function changeImg(event) {
    var mouseX = Math.floor(event.pageX);
    
    // Show the scale after interaction begins
    $(""#scale-container"").css(""display"", ""block"");
    
    // Update current marker position based on mouse position
    var scaleWidth = $(""#scale-container"").width();
    var relativePos = Math.max(0, Math.min(mouseX - scaleLeft, scaleWidth));
    var percentPos = (relativePos / scaleWidth) * 100;
    
    $(""#current-marker"").css({
      ""left"": `${relativePos}px`,
      ""display"": ""block""
    });
    
    for (var i = 0; i < __imageMouseOver.slices.length; i++) {
      // if mouse X position is within the bounds of the X axis slice,
      // change the image to one that is indexed to that slice
      if (mouseX >= __imageMouseOver.slices[i][0] && mouseX <= __imageMouseOver.slices[i][1]) {
        // capture which slice is selected
        __imageMouseOver.sliceSelected = i;
        // update img src to the picture that corresponds to that slice
        $('#changeable-image').attr('src', `img/${__imageMouseOver.imgBase}${__imageMouseOver.nScale[i]}.jpg`);
      }
    };
  };
  
  // define the click listener that ends trial
  function clickHandler(event) {
    if (__listenerBools['mousemove']) {
      // derive trial data
      var trialData = __imageMouseOver.trialData;
      var end_time = (new Date()).getTime();
      var rt = end_time - __imageMouseOver.startTime;
      trialData['rt'] = rt;
      trialData['stimulus_duration'] = rt;
      trialData['trial_duration'] = rt;
      trialData['imageSelected'] = `${__imageMouseOver.imgBase}${__imageMouseOver.nScale[__imageMouseOver.sliceSelected]}.jpg`
      trialData['indexSelected'] = __imageMouseOver.sliceSelected;
      // turn off listeners
      $(document).off('mousemove');
      $(document).off('click');
      // clean up variable namespaces
      delete window.__imageMouseOver
      delete __listenerBools;
      // clean up scale
      $(""#scale-container"").remove();
      // finish the trial with trial data
      jsPsych.finishTrial(trialData);
    };
  };

  function verticalLineInit(event) {
    var mouseX = Math.floor(event.pageX);
    if (mouseX <= __imageMouseOver.lineSlice) {
      $(""#vertLine"").remove();
      $(""#linePrompt"").remove();
      $(""#jspsych-image-slider-response_noButton-stimulus > img"").css({
        ""filter"":""blur(0px)"",
        ""visibility"": ""visible"",
      });
      $('#jspsych-content > p').css(""visibility"", ""visible"");
      $('.jspsych-image-slider-response_noButton-').css(""visibility"", ""visible"");
      
      __listenerBools['mousemove'] = true;
      // turn off THIS mouse move listener
      $(document).off(""mousemove"");
      // turn on the mouse move listener that changes the image
      $(document).mousemove(changeImg);
      // add mouse click listener
      $(document).on('click', clickHandler);
    };
  };

  // turn on the vertical line mouse move listener
  $(document).mousemove(verticalLineInit);
}","[object Object]","0","","Continue","11249","11249","true","blue26.jpg","25","avg","400","blue","10","[17,21,18,24,25,28,29,32,33,35]","26","three giraffes","19","blue","",""
"html-keyboard-response","66","368163","0.0-66.0","573b8bc2f3580b0006ce0986","null","","","","<p style=""font-size: 48px;""> + </p>","null","fixation","","","","","","","","","","","","","","","","","","","","","","","","","blue","",""
"html-keyboard-response","67","369676","0.0-67.0","573b8bc2f3580b0006ce0986","null","","","","<span class='grid'><div> </div> <div> </div> <div> </div> <div> </div> <div class='blue' style='background-position:2800% 0%;margin-top:31px'></div> <div> </div> <div> </div> <div> </div> <div> </div> <div> </div> <div class='blue' style='background-position:2000% 0%;margin-top:24px'></div> <div> </div> <div> </div> <div> </div></span>","null","stimulus","{""index"":6,""type"":""experimental"",""array_length"":10,""meanVal"":26,""color"":""blue""}","","","","","","","","","","","","","","","","","","","","","","","","blue","",""
"image-slider-response_noButton","68","375334","0.0-68.0","573b8bc2f3580b0006ce0986","5657","","","","img/blue1.jpg,img/blue2.jpg,img/blue3.jpg,img/blue4.jpg,img/blue5.jpg,img/blue6.jpg,img/blue7.jpg,img/blue8.jpg,img/blue9.jpg,img/blue10.jpg,img/blue11.jpg,img/blue12.jpg,img/blue13.jpg,img/blue14.jpg,img/blue15.jpg,img/blue16.jpg,img/blue17.jpg,img/blue18.jpg,img/blue19.jpg,img/blue20.jpg,img/blue21.jpg,img/blue22.jpg,img/blue23.jpg,img/blue24.jpg,img/blue25.jpg,img/blue26.jpg,img/blue27.jpg,img/blue28.jpg,img/blue29.jpg,img/blue30.jpg,img/blue31.jpg,img/blue32.jpg,img/blue33.jpg,img/blue34.jpg,img/blue35.jpg,img/blue36.jpg,img/blue37.jpg,img/blue38.jpg,img/blue39.jpg,img/blue40.jpg,img/blue41.jpg,img/blue42.jpg,img/blue43.jpg,img/blue44.jpg,img/blue45.jpg,img/blue46.jpg,img/blue47.jpg,img/blue48.jpg,img/blue49.jpg,img/blue50.jpg","","response","{""index"":7,""type"":""experimental"",""array_length"":2,""meanVal"":24,""color"":""blue""}","image-slider-response_noButton","<p>what was the average blueness of the array?</p>","1","50","0","function morphedScaleBlue() {
  // defining a few helper functions
  function nrange(size, startAt = 0) {
    return [...Array(size).keys()].map(i => i + startAt);
  };

  function fillArray(value, len) {
    var arr = [];
    for (var i = 0; i < len; i++) {
      arr.push(value);
    }
    return arr;
  };

  function generateSlices(vWidth, nSlices) {
    var step = vWidth*0.6/(nSlices-2);
    var stepArray = fillArray(step,nSlices-2)
    stepArray.unshift(0.2*vWidth)
    stepArray.push(0.2*vWidth)

    var bounds = [];
    
    for (var i = 0; i < nSlices; i++) {
      if (i==0) {
        bounds.push([(i*stepArray[i]), (i*stepArray[i])+stepArray[i]])
      } else if (i>0 && i!=nSlices-1) {
        bounds.push([(i*stepArray[i]+0.2*vWidth), (i*stepArray[i])+stepArray[i]+0.2*vWidth])
      } else {
        bounds.push([(vWidth-0.2*vWidth), vWidth])  
      }
    };
    return bounds;
  };
  
  // start trial timer
  var startTime = (new Date()).getTime();
  // get trial data
  var trialData = jsPsych.currentTrial();

  // remove the picture scales and the slider
  $('.jspsych-image-slider-response_noButton-container').css(""visibility"", ""hidden"");
  $('img').remove();
  
  // Remove mondrian background for rating phase
  $('body').css('background-image', 'none');

  var imgScale = getScaleBlue();
  
  // derive the letter of the image filenames
  var imgBase = imgScale[0].split('img/')[1].split('.jpg')[0].replace(/\d+/g, '');
  
  // split the number of the image filenames off from the rest of it
  var nScale = [];
  for (var i = 0; i < imgScale.length-1; i++) {
    var n = imgScale[i].split('img/')[1].split('.jpg')[0].split(imgBase)[1];
    nScale.push(n);
  };
  
  // calculate the element width, and slice it up into sections
  var vWidth = $(document).width();
  var nSlices = nScale.length;
  var slices = generateSlices(vWidth, nSlices);

  // setting up initial vertical line to start the mousemove functionality
  var vHeight = $(document).height()-8;
  var lineSlice = vWidth / 10;
  var vertLine = `<div style=""border-left:black;border-style:solid;margin-left:${lineSlice}px; height:${vHeight}px;width:0px;position:absolute;"" id=""vertLine""></div>`;
  var linePrompt = `<div id=""linePrompt""><div style=""font-size:50px;position:absolute;margin-left:${lineSlice*1.3}px;margin-top:${vHeight/2}px""></div><div style=""position:absolute;margin-left:${lineSlice*1.2}px;margin-top:${vHeight/2}px;z-index:5;"">Move mouse left of the line to begin</div></div>`;
  $("".jspsych-content-wrapper"").prepend(vertLine);
  $("".jspsych-content-wrapper"").prepend(linePrompt);
  
  // hide prompt until the trial is begun
  $('#jspsych-content > p').css(""visibility"", ""hidden"");

  // initialize the central image with the most neutral one (i.e. from
  // the middle of the scale) and set the image to be blurred
  var initialImage = imgScale[0];
  $('#jspsych-image-slider-response_noButton-stimulus').append(`<img src=""${initialImage}"" style=""filter:blur(4px);visibility:hidden;"" id=""changeable-image""/>`);

  // ADD VISUAL SCALE SHOWING MIN/MAX
  var scaleWidth = vWidth * 0.6;
  var scaleLeft = vWidth * 0.2;
  var scaleHtml = `
    <div id=""scale-container"" style=""position:absolute; bottom:120px; left:${scaleLeft}px; width:${scaleWidth}px; height:30px; background-color:rgba(220,220,220,0.7); border-radius:5px; display:none; z-index:10;"">
      <div style=""position:absolute; left:0px; width:2px; height:30px; background-color:black;""></div>
      <div style=""position:absolute; left:0px; top:32px; font-size:12px; color:black;"">Min (1)</div>
      <div style=""position:absolute; right:0px; width:2px; height:30px; background-color:black;""></div>
      <div style=""position:absolute; right:0px; top:32px; font-size:12px; color:black;"">Max (50)</div>
      <div id=""current-marker"" style=""position:absolute; left:0px; width:2px; height:30px; background-color:blue; display:none;""></div>
    </div>
  `;
  $("".jspsych-content-wrapper"").append(scaleHtml);

  // workaround with a global variable
  window.__imageMouseOver = {
    lineSlice: lineSlice,
    slices: slices,
    nScale: nScale,
    imgBase: imgBase,
    startTime: startTime,
    trialData: trialData,
    sliceSelected: 0,
  };
  var __listenerBools = {};

  // define mousemove event listener that changes image
  function changeImg(event) {
    var mouseX = Math.floor(event.pageX);
    
    // Show the scale after interaction begins
    $(""#scale-container"").css(""display"", ""block"");
    
    // Update current marker position based on mouse position
    var scaleWidth = $(""#scale-container"").width();
    var relativePos = Math.max(0, Math.min(mouseX - scaleLeft, scaleWidth));
    var percentPos = (relativePos / scaleWidth) * 100;
    
    $(""#current-marker"").css({
      ""left"": `${relativePos}px`,
      ""display"": ""block""
    });
    
    for (var i = 0; i < __imageMouseOver.slices.length; i++) {
      // if mouse X position is within the bounds of the X axis slice,
      // change the image to one that is indexed to that slice
      if (mouseX >= __imageMouseOver.slices[i][0] && mouseX <= __imageMouseOver.slices[i][1]) {
        // capture which slice is selected
        __imageMouseOver.sliceSelected = i;
        // update img src to the picture that corresponds to that slice
        $('#changeable-image').attr('src', `img/${__imageMouseOver.imgBase}${__imageMouseOver.nScale[i]}.jpg`);
      }
    };
  };
  
  // define the click listener that ends trial
  function clickHandler(event) {
    if (__listenerBools['mousemove']) {
      // derive trial data
      var trialData = __imageMouseOver.trialData;
      var end_time = (new Date()).getTime();
      var rt = end_time - __imageMouseOver.startTime;
      trialData['rt'] = rt;
      trialData['stimulus_duration'] = rt;
      trialData['trial_duration'] = rt;
      trialData['imageSelected'] = `${__imageMouseOver.imgBase}${__imageMouseOver.nScale[__imageMouseOver.sliceSelected]}.jpg`
      trialData['indexSelected'] = __imageMouseOver.sliceSelected;
      // turn off listeners
      $(document).off('mousemove');
      $(document).off('click');
      // clean up variable namespaces
      delete window.__imageMouseOver
      delete __listenerBools;
      // clean up scale
      $(""#scale-container"").remove();
      // finish the trial with trial data
      jsPsych.finishTrial(trialData);
    };
  };

  function verticalLineInit(event) {
    var mouseX = Math.floor(event.pageX);
    if (mouseX <= __imageMouseOver.lineSlice) {
      $(""#vertLine"").remove();
      $(""#linePrompt"").remove();
      $(""#jspsych-image-slider-response_noButton-stimulus > img"").css({
        ""filter"":""blur(0px)"",
        ""visibility"": ""visible"",
      });
      $('#jspsych-content > p').css(""visibility"", ""visible"");
      $('.jspsych-image-slider-response_noButton-').css(""visibility"", ""visible"");
      
      __listenerBools['mousemove'] = true;
      // turn off THIS mouse move listener
      $(document).off(""mousemove"");
      // turn on the mouse move listener that changes the image
      $(document).mousemove(changeImg);
      // add mouse click listener
      $(document).on('click', clickHandler);
    };
  };

  // turn on the vertical line mouse move listener
  $(document).mousemove(verticalLineInit);
}","[object Object]","0","","Continue","5657","5657","true","blue24.jpg","23","avg","500","blue","2","[20,28]","24","three giraffes","20","blue","",""
"html-keyboard-response","69","375839","0.0-69.0","573b8bc2f3580b0006ce0986","null","","","","<p style=""font-size: 48px;""> + </p>","null","fixation","","","","","","","","","","","","","","","","","","","","","","","","","blue","",""
"html-keyboard-response","70","377348","0.0-70.0","573b8bc2f3580b0006ce0986","null","","","","<span class='grid'><div class='blue' style='background-position:2600% 0%;margin-top:30px'></div> <div> </div> <div class='blue' style='background-position:3800% 0%;margin-top:20px'></div> <div class='blue' style='background-position:3300% 0%;margin-top:44px'></div> <div class='blue' style='background-position:4000% 0%;margin-top:49px'></div> <div> </div> <div> </div> <div class='blue' style='background-position:3400% 0%;margin-top:35px'></div> <div class='blue' style='background-position:2900% 0%;margin-top:39px'></div> <div class='blue' style='background-position:3000% 0%;margin-top:33px'></div> <div> </div> <div class='blue' style='background-position:2300% 0%;margin-top:32px'></div> <div class='blue' style='background-position:3700% 0%;margin-top:20px'></div> <div> </div> <div> </div> <div> </div> <div> </div> <div class='blue' style='background-position:2200% 0%;margin-top:27px'></div></span>","null","stimulus","{""index"":7,""type"":""experimental"",""array_length"":2,""meanVal"":24,""color"":""blue""}","","","","","","","","","","","","","","","","","","","","","","","","blue","",""
"image-slider-response_noButton","71","386628","0.0-71.0","573b8bc2f3580b0006ce0986","9279","","","","img/blue1.jpg,img/blue2.jpg,img/blue3.jpg,img/blue4.jpg,img/blue5.jpg,img/blue6.jpg,img/blue7.jpg,img/blue8.jpg,img/blue9.jpg,img/blue10.jpg,img/blue11.jpg,img/blue12.jpg,img/blue13.jpg,img/blue14.jpg,img/blue15.jpg,img/blue16.jpg,img/blue17.jpg,img/blue18.jpg,img/blue19.jpg,img/blue20.jpg,img/blue21.jpg,img/blue22.jpg,img/blue23.jpg,img/blue24.jpg,img/blue25.jpg,img/blue26.jpg,img/blue27.jpg,img/blue28.jpg,img/blue29.jpg,img/blue30.jpg,img/blue31.jpg,img/blue32.jpg,img/blue33.jpg,img/blue34.jpg,img/blue35.jpg,img/blue36.jpg,img/blue37.jpg,img/blue38.jpg,img/blue39.jpg,img/blue40.jpg,img/blue41.jpg,img/blue42.jpg,img/blue43.jpg,img/blue44.jpg,img/blue45.jpg,img/blue46.jpg,img/blue47.jpg,img/blue48.jpg,img/blue49.jpg,img/blue50.jpg","","response","{""index"":8,""type"":""experimental"",""array_length"":10,""meanVal"":31,""color"":""blue""}","image-slider-response_noButton","<p>what was the average blueness of the array?</p>","1","50","0","function morphedScaleBlue() {
  // defining a few helper functions
  function nrange(size, startAt = 0) {
    return [...Array(size).keys()].map(i => i + startAt);
  };

  function fillArray(value, len) {
    var arr = [];
    for (var i = 0; i < len; i++) {
      arr.push(value);
    }
    return arr;
  };

  function generateSlices(vWidth, nSlices) {
    var step = vWidth*0.6/(nSlices-2);
    var stepArray = fillArray(step,nSlices-2)
    stepArray.unshift(0.2*vWidth)
    stepArray.push(0.2*vWidth)

    var bounds = [];
    
    for (var i = 0; i < nSlices; i++) {
      if (i==0) {
        bounds.push([(i*stepArray[i]), (i*stepArray[i])+stepArray[i]])
      } else if (i>0 && i!=nSlices-1) {
        bounds.push([(i*stepArray[i]+0.2*vWidth), (i*stepArray[i])+stepArray[i]+0.2*vWidth])
      } else {
        bounds.push([(vWidth-0.2*vWidth), vWidth])  
      }
    };
    return bounds;
  };
  
  // start trial timer
  var startTime = (new Date()).getTime();
  // get trial data
  var trialData = jsPsych.currentTrial();

  // remove the picture scales and the slider
  $('.jspsych-image-slider-response_noButton-container').css(""visibility"", ""hidden"");
  $('img').remove();
  
  // Remove mondrian background for rating phase
  $('body').css('background-image', 'none');

  var imgScale = getScaleBlue();
  
  // derive the letter of the image filenames
  var imgBase = imgScale[0].split('img/')[1].split('.jpg')[0].replace(/\d+/g, '');
  
  // split the number of the image filenames off from the rest of it
  var nScale = [];
  for (var i = 0; i < imgScale.length-1; i++) {
    var n = imgScale[i].split('img/')[1].split('.jpg')[0].split(imgBase)[1];
    nScale.push(n);
  };
  
  // calculate the element width, and slice it up into sections
  var vWidth = $(document).width();
  var nSlices = nScale.length;
  var slices = generateSlices(vWidth, nSlices);

  // setting up initial vertical line to start the mousemove functionality
  var vHeight = $(document).height()-8;
  var lineSlice = vWidth / 10;
  var vertLine = `<div style=""border-left:black;border-style:solid;margin-left:${lineSlice}px; height:${vHeight}px;width:0px;position:absolute;"" id=""vertLine""></div>`;
  var linePrompt = `<div id=""linePrompt""><div style=""font-size:50px;position:absolute;margin-left:${lineSlice*1.3}px;margin-top:${vHeight/2}px""></div><div style=""position:absolute;margin-left:${lineSlice*1.2}px;margin-top:${vHeight/2}px;z-index:5;"">Move mouse left of the line to begin</div></div>`;
  $("".jspsych-content-wrapper"").prepend(vertLine);
  $("".jspsych-content-wrapper"").prepend(linePrompt);
  
  // hide prompt until the trial is begun
  $('#jspsych-content > p').css(""visibility"", ""hidden"");

  // initialize the central image with the most neutral one (i.e. from
  // the middle of the scale) and set the image to be blurred
  var initialImage = imgScale[0];
  $('#jspsych-image-slider-response_noButton-stimulus').append(`<img src=""${initialImage}"" style=""filter:blur(4px);visibility:hidden;"" id=""changeable-image""/>`);

  // ADD VISUAL SCALE SHOWING MIN/MAX
  var scaleWidth = vWidth * 0.6;
  var scaleLeft = vWidth * 0.2;
  var scaleHtml = `
    <div id=""scale-container"" style=""position:absolute; bottom:120px; left:${scaleLeft}px; width:${scaleWidth}px; height:30px; background-color:rgba(220,220,220,0.7); border-radius:5px; display:none; z-index:10;"">
      <div style=""position:absolute; left:0px; width:2px; height:30px; background-color:black;""></div>
      <div style=""position:absolute; left:0px; top:32px; font-size:12px; color:black;"">Min (1)</div>
      <div style=""position:absolute; right:0px; width:2px; height:30px; background-color:black;""></div>
      <div style=""position:absolute; right:0px; top:32px; font-size:12px; color:black;"">Max (50)</div>
      <div id=""current-marker"" style=""position:absolute; left:0px; width:2px; height:30px; background-color:blue; display:none;""></div>
    </div>
  `;
  $("".jspsych-content-wrapper"").append(scaleHtml);

  // workaround with a global variable
  window.__imageMouseOver = {
    lineSlice: lineSlice,
    slices: slices,
    nScale: nScale,
    imgBase: imgBase,
    startTime: startTime,
    trialData: trialData,
    sliceSelected: 0,
  };
  var __listenerBools = {};

  // define mousemove event listener that changes image
  function changeImg(event) {
    var mouseX = Math.floor(event.pageX);
    
    // Show the scale after interaction begins
    $(""#scale-container"").css(""display"", ""block"");
    
    // Update current marker position based on mouse position
    var scaleWidth = $(""#scale-container"").width();
    var relativePos = Math.max(0, Math.min(mouseX - scaleLeft, scaleWidth));
    var percentPos = (relativePos / scaleWidth) * 100;
    
    $(""#current-marker"").css({
      ""left"": `${relativePos}px`,
      ""display"": ""block""
    });
    
    for (var i = 0; i < __imageMouseOver.slices.length; i++) {
      // if mouse X position is within the bounds of the X axis slice,
      // change the image to one that is indexed to that slice
      if (mouseX >= __imageMouseOver.slices[i][0] && mouseX <= __imageMouseOver.slices[i][1]) {
        // capture which slice is selected
        __imageMouseOver.sliceSelected = i;
        // update img src to the picture that corresponds to that slice
        $('#changeable-image').attr('src', `img/${__imageMouseOver.imgBase}${__imageMouseOver.nScale[i]}.jpg`);
      }
    };
  };
  
  // define the click listener that ends trial
  function clickHandler(event) {
    if (__listenerBools['mousemove']) {
      // derive trial data
      var trialData = __imageMouseOver.trialData;
      var end_time = (new Date()).getTime();
      var rt = end_time - __imageMouseOver.startTime;
      trialData['rt'] = rt;
      trialData['stimulus_duration'] = rt;
      trialData['trial_duration'] = rt;
      trialData['imageSelected'] = `${__imageMouseOver.imgBase}${__imageMouseOver.nScale[__imageMouseOver.sliceSelected]}.jpg`
      trialData['indexSelected'] = __imageMouseOver.sliceSelected;
      // turn off listeners
      $(document).off('mousemove');
      $(document).off('click');
      // clean up variable namespaces
      delete window.__imageMouseOver
      delete __listenerBools;
      // clean up scale
      $(""#scale-container"").remove();
      // finish the trial with trial data
      jsPsych.finishTrial(trialData);
    };
  };

  function verticalLineInit(event) {
    var mouseX = Math.floor(event.pageX);
    if (mouseX <= __imageMouseOver.lineSlice) {
      $(""#vertLine"").remove();
      $(""#linePrompt"").remove();
      $(""#jspsych-image-slider-response_noButton-stimulus > img"").css({
        ""filter"":""blur(0px)"",
        ""visibility"": ""visible"",
      });
      $('#jspsych-content > p').css(""visibility"", ""visible"");
      $('.jspsych-image-slider-response_noButton-').css(""visibility"", ""visible"");
      
      __listenerBools['mousemove'] = true;
      // turn off THIS mouse move listener
      $(document).off(""mousemove"");
      // turn on the mouse move listener that changes the image
      $(document).mousemove(changeImg);
      // add mouse click listener
      $(document).on('click', clickHandler);
    };
  };

  // turn on the vertical line mouse move listener
  $(document).mousemove(verticalLineInit);
}","[object Object]","0","","Continue","9279","9279","true","blue25.jpg","24","avg","500","blue","10","[22,26,23,29,30,33,34,37,38,40]","31","three giraffes","21","blue","",""
"html-keyboard-response","72","387239","0.0-72.0","573b8bc2f3580b0006ce0986","null","","","","<p style=""font-size: 48px;""> + </p>","null","fixation","","","","","","","","","","","","","","","","","","","","","","","","","blue","",""
"html-keyboard-response","73","388747","0.0-73.0","573b8bc2f3580b0006ce0986","null","","","","<span class='grid'><div class='blue' style='background-position:2200% 0%;margin-top:47px'></div> <div> </div> <div class='blue' style='background-position:1400% 0%;margin-top:23px'></div> <div class='blue' style='background-position:2600% 0%;margin-top:35px'></div> <div> </div> <div class='blue' style='background-position:1000% 0%;margin-top:31px'></div> <div> </div> <div class='blue' style='background-position:2500% 0%;margin-top:23px'></div> <div class='blue' style='background-position:1800% 0%;margin-top:30px'></div> <div class='blue' style='background-position:1100% 0%;margin-top:23px'></div> <div> </div> <div class='blue' style='background-position:2100% 0%;margin-top:50px'></div> <div class='blue' style='background-position:2800% 0%;margin-top:44px'></div> <div> </div> <div> </div> <div> </div> <div> </div> <div class='blue' style='background-position:1700% 0%;margin-top:41px'></div></span>","null","stimulus","{""index"":8,""type"":""experimental"",""array_length"":10,""meanVal"":31,""color"":""blue""}","","","","","","","","","","","","","","","","","","","","","","","","blue","",""
"image-slider-response_noButton","74","395314","0.0-74.0","573b8bc2f3580b0006ce0986","6565","","","","img/blue1.jpg,img/blue2.jpg,img/blue3.jpg,img/blue4.jpg,img/blue5.jpg,img/blue6.jpg,img/blue7.jpg,img/blue8.jpg,img/blue9.jpg,img/blue10.jpg,img/blue11.jpg,img/blue12.jpg,img/blue13.jpg,img/blue14.jpg,img/blue15.jpg,img/blue16.jpg,img/blue17.jpg,img/blue18.jpg,img/blue19.jpg,img/blue20.jpg,img/blue21.jpg,img/blue22.jpg,img/blue23.jpg,img/blue24.jpg,img/blue25.jpg,img/blue26.jpg,img/blue27.jpg,img/blue28.jpg,img/blue29.jpg,img/blue30.jpg,img/blue31.jpg,img/blue32.jpg,img/blue33.jpg,img/blue34.jpg,img/blue35.jpg,img/blue36.jpg,img/blue37.jpg,img/blue38.jpg,img/blue39.jpg,img/blue40.jpg,img/blue41.jpg,img/blue42.jpg,img/blue43.jpg,img/blue44.jpg,img/blue45.jpg,img/blue46.jpg,img/blue47.jpg,img/blue48.jpg,img/blue49.jpg,img/blue50.jpg","","response","{""index"":9,""type"":""experimental"",""array_length"":10,""meanVal"":19,""color"":""blue""}","image-slider-response_noButton","<p>what was the average blueness of the array?</p>","1","50","0","function morphedScaleBlue() {
  // defining a few helper functions
  function nrange(size, startAt = 0) {
    return [...Array(size).keys()].map(i => i + startAt);
  };

  function fillArray(value, len) {
    var arr = [];
    for (var i = 0; i < len; i++) {
      arr.push(value);
    }
    return arr;
  };

  function generateSlices(vWidth, nSlices) {
    var step = vWidth*0.6/(nSlices-2);
    var stepArray = fillArray(step,nSlices-2)
    stepArray.unshift(0.2*vWidth)
    stepArray.push(0.2*vWidth)

    var bounds = [];
    
    for (var i = 0; i < nSlices; i++) {
      if (i==0) {
        bounds.push([(i*stepArray[i]), (i*stepArray[i])+stepArray[i]])
      } else if (i>0 && i!=nSlices-1) {
        bounds.push([(i*stepArray[i]+0.2*vWidth), (i*stepArray[i])+stepArray[i]+0.2*vWidth])
      } else {
        bounds.push([(vWidth-0.2*vWidth), vWidth])  
      }
    };
    return bounds;
  };
  
  // start trial timer
  var startTime = (new Date()).getTime();
  // get trial data
  var trialData = jsPsych.currentTrial();

  // remove the picture scales and the slider
  $('.jspsych-image-slider-response_noButton-container').css(""visibility"", ""hidden"");
  $('img').remove();
  
  // Remove mondrian background for rating phase
  $('body').css('background-image', 'none');

  var imgScale = getScaleBlue();
  
  // derive the letter of the image filenames
  var imgBase = imgScale[0].split('img/')[1].split('.jpg')[0].replace(/\d+/g, '');
  
  // split the number of the image filenames off from the rest of it
  var nScale = [];
  for (var i = 0; i < imgScale.length-1; i++) {
    var n = imgScale[i].split('img/')[1].split('.jpg')[0].split(imgBase)[1];
    nScale.push(n);
  };
  
  // calculate the element width, and slice it up into sections
  var vWidth = $(document).width();
  var nSlices = nScale.length;
  var slices = generateSlices(vWidth, nSlices);

  // setting up initial vertical line to start the mousemove functionality
  var vHeight = $(document).height()-8;
  var lineSlice = vWidth / 10;
  var vertLine = `<div style=""border-left:black;border-style:solid;margin-left:${lineSlice}px; height:${vHeight}px;width:0px;position:absolute;"" id=""vertLine""></div>`;
  var linePrompt = `<div id=""linePrompt""><div style=""font-size:50px;position:absolute;margin-left:${lineSlice*1.3}px;margin-top:${vHeight/2}px""></div><div style=""position:absolute;margin-left:${lineSlice*1.2}px;margin-top:${vHeight/2}px;z-index:5;"">Move mouse left of the line to begin</div></div>`;
  $("".jspsych-content-wrapper"").prepend(vertLine);
  $("".jspsych-content-wrapper"").prepend(linePrompt);
  
  // hide prompt until the trial is begun
  $('#jspsych-content > p').css(""visibility"", ""hidden"");

  // initialize the central image with the most neutral one (i.e. from
  // the middle of the scale) and set the image to be blurred
  var initialImage = imgScale[0];
  $('#jspsych-image-slider-response_noButton-stimulus').append(`<img src=""${initialImage}"" style=""filter:blur(4px);visibility:hidden;"" id=""changeable-image""/>`);

  // ADD VISUAL SCALE SHOWING MIN/MAX
  var scaleWidth = vWidth * 0.6;
  var scaleLeft = vWidth * 0.2;
  var scaleHtml = `
    <div id=""scale-container"" style=""position:absolute; bottom:120px; left:${scaleLeft}px; width:${scaleWidth}px; height:30px; background-color:rgba(220,220,220,0.7); border-radius:5px; display:none; z-index:10;"">
      <div style=""position:absolute; left:0px; width:2px; height:30px; background-color:black;""></div>
      <div style=""position:absolute; left:0px; top:32px; font-size:12px; color:black;"">Min (1)</div>
      <div style=""position:absolute; right:0px; width:2px; height:30px; background-color:black;""></div>
      <div style=""position:absolute; right:0px; top:32px; font-size:12px; color:black;"">Max (50)</div>
      <div id=""current-marker"" style=""position:absolute; left:0px; width:2px; height:30px; background-color:blue; display:none;""></div>
    </div>
  `;
  $("".jspsych-content-wrapper"").append(scaleHtml);

  // workaround with a global variable
  window.__imageMouseOver = {
    lineSlice: lineSlice,
    slices: slices,
    nScale: nScale,
    imgBase: imgBase,
    startTime: startTime,
    trialData: trialData,
    sliceSelected: 0,
  };
  var __listenerBools = {};

  // define mousemove event listener that changes image
  function changeImg(event) {
    var mouseX = Math.floor(event.pageX);
    
    // Show the scale after interaction begins
    $(""#scale-container"").css(""display"", ""block"");
    
    // Update current marker position based on mouse position
    var scaleWidth = $(""#scale-container"").width();
    var relativePos = Math.max(0, Math.min(mouseX - scaleLeft, scaleWidth));
    var percentPos = (relativePos / scaleWidth) * 100;
    
    $(""#current-marker"").css({
      ""left"": `${relativePos}px`,
      ""display"": ""block""
    });
    
    for (var i = 0; i < __imageMouseOver.slices.length; i++) {
      // if mouse X position is within the bounds of the X axis slice,
      // change the image to one that is indexed to that slice
      if (mouseX >= __imageMouseOver.slices[i][0] && mouseX <= __imageMouseOver.slices[i][1]) {
        // capture which slice is selected
        __imageMouseOver.sliceSelected = i;
        // update img src to the picture that corresponds to that slice
        $('#changeable-image').attr('src', `img/${__imageMouseOver.imgBase}${__imageMouseOver.nScale[i]}.jpg`);
      }
    };
  };
  
  // define the click listener that ends trial
  function clickHandler(event) {
    if (__listenerBools['mousemove']) {
      // derive trial data
      var trialData = __imageMouseOver.trialData;
      var end_time = (new Date()).getTime();
      var rt = end_time - __imageMouseOver.startTime;
      trialData['rt'] = rt;
      trialData['stimulus_duration'] = rt;
      trialData['trial_duration'] = rt;
      trialData['imageSelected'] = `${__imageMouseOver.imgBase}${__imageMouseOver.nScale[__imageMouseOver.sliceSelected]}.jpg`
      trialData['indexSelected'] = __imageMouseOver.sliceSelected;
      // turn off listeners
      $(document).off('mousemove');
      $(document).off('click');
      // clean up variable namespaces
      delete window.__imageMouseOver
      delete __listenerBools;
      // clean up scale
      $(""#scale-container"").remove();
      // finish the trial with trial data
      jsPsych.finishTrial(trialData);
    };
  };

  function verticalLineInit(event) {
    var mouseX = Math.floor(event.pageX);
    if (mouseX <= __imageMouseOver.lineSlice) {
      $(""#vertLine"").remove();
      $(""#linePrompt"").remove();
      $(""#jspsych-image-slider-response_noButton-stimulus > img"").css({
        ""filter"":""blur(0px)"",
        ""visibility"": ""visible"",
      });
      $('#jspsych-content > p').css(""visibility"", ""visible"");
      $('.jspsych-image-slider-response_noButton-').css(""visibility"", ""visible"");
      
      __listenerBools['mousemove'] = true;
      // turn off THIS mouse move listener
      $(document).off(""mousemove"");
      // turn on the mouse move listener that changes the image
      $(document).mousemove(changeImg);
      // add mouse click listener
      $(document).on('click', clickHandler);
    };
  };

  // turn on the vertical line mouse move listener
  $(document).mousemove(verticalLineInit);
}","[object Object]","0","","Continue","6565","6565","true","blue23.jpg","22","avg","600","blue","10","[10,14,11,17,18,21,22,25,26,28]","19","three giraffes","22","blue","",""
"html-keyboard-response","75","395821","0.0-75.0","573b8bc2f3580b0006ce0986","null","","","","<p style=""font-size: 48px;""> + </p>","null","fixation","","","","","","","","","","","","","","","","","","","","","","","","","blue","",""
"html-keyboard-response","76","397333","0.0-76.0","573b8bc2f3580b0006ce0986","null","","","","<span class='grid'><div class='blue' style='background-position:2500% 0%;margin-top:46px'></div> <div> </div> <div class='blue' style='background-position:1800% 0%;margin-top:47px'></div> <div class='blue' style='background-position:700% 0%;margin-top:40px'></div> <div> </div> <div class='blue' style='background-position:1100% 0%;margin-top:35px'></div> <div> </div> <div> </div> <div> </div> <div class='blue' style='background-position:1500% 0%;margin-top:41px'></div> <div class='blue' style='background-position:2200% 0%;margin-top:33px'></div> <div> </div> <div> </div> <div class='blue' style='background-position:1900% 0%;margin-top:28px'></div> <div class='blue' style='background-position:2300% 0%;margin-top:45px'></div> <div class='blue' style='background-position:800% 0%;margin-top:35px'></div> <div class='blue' style='background-position:1400% 0%;margin-top:36px'></div> <div> </div></span>","null","stimulus","{""index"":9,""type"":""experimental"",""array_length"":10,""meanVal"":19,""color"":""blue""}","","","","","","","","","","","","","","","","","","","","","","","","blue","",""
"image-slider-response_noButton","77","406471","0.0-77.0","573b8bc2f3580b0006ce0986","9137","","","","img/blue1.jpg,img/blue2.jpg,img/blue3.jpg,img/blue4.jpg,img/blue5.jpg,img/blue6.jpg,img/blue7.jpg,img/blue8.jpg,img/blue9.jpg,img/blue10.jpg,img/blue11.jpg,img/blue12.jpg,img/blue13.jpg,img/blue14.jpg,img/blue15.jpg,img/blue16.jpg,img/blue17.jpg,img/blue18.jpg,img/blue19.jpg,img/blue20.jpg,img/blue21.jpg,img/blue22.jpg,img/blue23.jpg,img/blue24.jpg,img/blue25.jpg,img/blue26.jpg,img/blue27.jpg,img/blue28.jpg,img/blue29.jpg,img/blue30.jpg,img/blue31.jpg,img/blue32.jpg,img/blue33.jpg,img/blue34.jpg,img/blue35.jpg,img/blue36.jpg,img/blue37.jpg,img/blue38.jpg,img/blue39.jpg,img/blue40.jpg,img/blue41.jpg,img/blue42.jpg,img/blue43.jpg,img/blue44.jpg,img/blue45.jpg,img/blue46.jpg,img/blue47.jpg,img/blue48.jpg,img/blue49.jpg,img/blue50.jpg","","response","{""index"":10,""type"":""experimental"",""array_length"":10,""meanVal"":16,""color"":""blue""}","image-slider-response_noButton","<p>what was the average blueness of the array?</p>","1","50","0","function morphedScaleBlue() {
  // defining a few helper functions
  function nrange(size, startAt = 0) {
    return [...Array(size).keys()].map(i => i + startAt);
  };

  function fillArray(value, len) {
    var arr = [];
    for (var i = 0; i < len; i++) {
      arr.push(value);
    }
    return arr;
  };

  function generateSlices(vWidth, nSlices) {
    var step = vWidth*0.6/(nSlices-2);
    var stepArray = fillArray(step,nSlices-2)
    stepArray.unshift(0.2*vWidth)
    stepArray.push(0.2*vWidth)

    var bounds = [];
    
    for (var i = 0; i < nSlices; i++) {
      if (i==0) {
        bounds.push([(i*stepArray[i]), (i*stepArray[i])+stepArray[i]])
      } else if (i>0 && i!=nSlices-1) {
        bounds.push([(i*stepArray[i]+0.2*vWidth), (i*stepArray[i])+stepArray[i]+0.2*vWidth])
      } else {
        bounds.push([(vWidth-0.2*vWidth), vWidth])  
      }
    };
    return bounds;
  };
  
  // start trial timer
  var startTime = (new Date()).getTime();
  // get trial data
  var trialData = jsPsych.currentTrial();

  // remove the picture scales and the slider
  $('.jspsych-image-slider-response_noButton-container').css(""visibility"", ""hidden"");
  $('img').remove();
  
  // Remove mondrian background for rating phase
  $('body').css('background-image', 'none');

  var imgScale = getScaleBlue();
  
  // derive the letter of the image filenames
  var imgBase = imgScale[0].split('img/')[1].split('.jpg')[0].replace(/\d+/g, '');
  
  // split the number of the image filenames off from the rest of it
  var nScale = [];
  for (var i = 0; i < imgScale.length-1; i++) {
    var n = imgScale[i].split('img/')[1].split('.jpg')[0].split(imgBase)[1];
    nScale.push(n);
  };
  
  // calculate the element width, and slice it up into sections
  var vWidth = $(document).width();
  var nSlices = nScale.length;
  var slices = generateSlices(vWidth, nSlices);

  // setting up initial vertical line to start the mousemove functionality
  var vHeight = $(document).height()-8;
  var lineSlice = vWidth / 10;
  var vertLine = `<div style=""border-left:black;border-style:solid;margin-left:${lineSlice}px; height:${vHeight}px;width:0px;position:absolute;"" id=""vertLine""></div>`;
  var linePrompt = `<div id=""linePrompt""><div style=""font-size:50px;position:absolute;margin-left:${lineSlice*1.3}px;margin-top:${vHeight/2}px""></div><div style=""position:absolute;margin-left:${lineSlice*1.2}px;margin-top:${vHeight/2}px;z-index:5;"">Move mouse left of the line to begin</div></div>`;
  $("".jspsych-content-wrapper"").prepend(vertLine);
  $("".jspsych-content-wrapper"").prepend(linePrompt);
  
  // hide prompt until the trial is begun
  $('#jspsych-content > p').css(""visibility"", ""hidden"");

  // initialize the central image with the most neutral one (i.e. from
  // the middle of the scale) and set the image to be blurred
  var initialImage = imgScale[0];
  $('#jspsych-image-slider-response_noButton-stimulus').append(`<img src=""${initialImage}"" style=""filter:blur(4px);visibility:hidden;"" id=""changeable-image""/>`);

  // ADD VISUAL SCALE SHOWING MIN/MAX
  var scaleWidth = vWidth * 0.6;
  var scaleLeft = vWidth * 0.2;
  var scaleHtml = `
    <div id=""scale-container"" style=""position:absolute; bottom:120px; left:${scaleLeft}px; width:${scaleWidth}px; height:30px; background-color:rgba(220,220,220,0.7); border-radius:5px; display:none; z-index:10;"">
      <div style=""position:absolute; left:0px; width:2px; height:30px; background-color:black;""></div>
      <div style=""position:absolute; left:0px; top:32px; font-size:12px; color:black;"">Min (1)</div>
      <div style=""position:absolute; right:0px; width:2px; height:30px; background-color:black;""></div>
      <div style=""position:absolute; right:0px; top:32px; font-size:12px; color:black;"">Max (50)</div>
      <div id=""current-marker"" style=""position:absolute; left:0px; width:2px; height:30px; background-color:blue; display:none;""></div>
    </div>
  `;
  $("".jspsych-content-wrapper"").append(scaleHtml);

  // workaround with a global variable
  window.__imageMouseOver = {
    lineSlice: lineSlice,
    slices: slices,
    nScale: nScale,
    imgBase: imgBase,
    startTime: startTime,
    trialData: trialData,
    sliceSelected: 0,
  };
  var __listenerBools = {};

  // define mousemove event listener that changes image
  function changeImg(event) {
    var mouseX = Math.floor(event.pageX);
    
    // Show the scale after interaction begins
    $(""#scale-container"").css(""display"", ""block"");
    
    // Update current marker position based on mouse position
    var scaleWidth = $(""#scale-container"").width();
    var relativePos = Math.max(0, Math.min(mouseX - scaleLeft, scaleWidth));
    var percentPos = (relativePos / scaleWidth) * 100;
    
    $(""#current-marker"").css({
      ""left"": `${relativePos}px`,
      ""display"": ""block""
    });
    
    for (var i = 0; i < __imageMouseOver.slices.length; i++) {
      // if mouse X position is within the bounds of the X axis slice,
      // change the image to one that is indexed to that slice
      if (mouseX >= __imageMouseOver.slices[i][0] && mouseX <= __imageMouseOver.slices[i][1]) {
        // capture which slice is selected
        __imageMouseOver.sliceSelected = i;
        // update img src to the picture that corresponds to that slice
        $('#changeable-image').attr('src', `img/${__imageMouseOver.imgBase}${__imageMouseOver.nScale[i]}.jpg`);
      }
    };
  };
  
  // define the click listener that ends trial
  function clickHandler(event) {
    if (__listenerBools['mousemove']) {
      // derive trial data
      var trialData = __imageMouseOver.trialData;
      var end_time = (new Date()).getTime();
      var rt = end_time - __imageMouseOver.startTime;
      trialData['rt'] = rt;
      trialData['stimulus_duration'] = rt;
      trialData['trial_duration'] = rt;
      trialData['imageSelected'] = `${__imageMouseOver.imgBase}${__imageMouseOver.nScale[__imageMouseOver.sliceSelected]}.jpg`
      trialData['indexSelected'] = __imageMouseOver.sliceSelected;
      // turn off listeners
      $(document).off('mousemove');
      $(document).off('click');
      // clean up variable namespaces
      delete window.__imageMouseOver
      delete __listenerBools;
      // clean up scale
      $(""#scale-container"").remove();
      // finish the trial with trial data
      jsPsych.finishTrial(trialData);
    };
  };

  function verticalLineInit(event) {
    var mouseX = Math.floor(event.pageX);
    if (mouseX <= __imageMouseOver.lineSlice) {
      $(""#vertLine"").remove();
      $(""#linePrompt"").remove();
      $(""#jspsych-image-slider-response_noButton-stimulus > img"").css({
        ""filter"":""blur(0px)"",
        ""visibility"": ""visible"",
      });
      $('#jspsych-content > p').css(""visibility"", ""visible"");
      $('.jspsych-image-slider-response_noButton-').css(""visibility"", ""visible"");
      
      __listenerBools['mousemove'] = true;
      // turn off THIS mouse move listener
      $(document).off(""mousemove"");
      // turn on the mouse move listener that changes the image
      $(document).mousemove(changeImg);
      // add mouse click listener
      $(document).on('click', clickHandler);
    };
  };

  // turn on the vertical line mouse move listener
  $(document).mousemove(verticalLineInit);
}","[object Object]","0","","Continue","9137","9137","true","blue17.jpg","16","avg","500","blue","10","[7,11,8,14,15,18,19,22,23,25]","16","three giraffes","23","blue","",""
"html-keyboard-response","78","406979","0.0-78.0","573b8bc2f3580b0006ce0986","null","","","","<p style=""font-size: 48px;""> + </p>","null","fixation","","","","","","","","","","","","","","","","","","","","","","","","","blue","",""
"html-keyboard-response","79","408490","0.0-79.0","573b8bc2f3580b0006ce0986","null","","","","<span class='grid'><div class='blue' style='background-position:2200% 0%;margin-top:44px'></div> <div class='blue' style='background-position:3200% 0%;margin-top:42px'></div> <div class='blue' style='background-position:3000% 0%;margin-top:46px'></div> <div class='blue' style='background-position:2500% 0%;margin-top:50px'></div> <div class='blue' style='background-position:2500% 0%;margin-top:43px'></div> <div> </div> <div class='blue' style='background-position:4100% 0%;margin-top:33px'></div> <div class='blue' style='background-position:2400% 0%;margin-top:27px'></div> <div class='blue' style='background-position:4100% 0%;margin-top:23px'></div> <div class='blue' style='background-position:2500% 0%;margin-top:34px'></div> <div class='blue' style='background-position:3300% 0%;margin-top:32px'></div> <div class='blue' style='background-position:3100% 0%;margin-top:21px'></div> <div> </div> <div class='blue' style='background-position:3200% 0%;margin-top:20px'></div> <div> </div> <div class='blue' style='background-position:2500% 0%;margin-top:32px'></div> <div class='blue' style='background-position:3100% 0%;margin-top:43px'></div> <div class='blue' style='background-position:3800% 0%;margin-top:27px'></div> <div class='blue' style='background-position:3700% 0%;margin-top:22px'></div> <div class='blue' style='background-position:2900% 0%;margin-top:43px'></div> <div class='blue' style='background-position:3100% 0%;margin-top:42px'></div> <div class='blue' style='background-position:2500% 0%;margin-top:33px'></div> <div class='blue' style='background-position:3300% 0%;margin-top:26px'></div></span>","null","stimulus","{""index"":10,""type"":""experimental"",""array_length"":10,""meanVal"":16,""color"":""blue""}","","","","","","","","","","","","","","","","","","","","","","","","blue","",""
"image-slider-response_noButton","80","418419","0.0-80.0","573b8bc2f3580b0006ce0986","9928","","","","img/blue1.jpg,img/blue2.jpg,img/blue3.jpg,img/blue4.jpg,img/blue5.jpg,img/blue6.jpg,img/blue7.jpg,img/blue8.jpg,img/blue9.jpg,img/blue10.jpg,img/blue11.jpg,img/blue12.jpg,img/blue13.jpg,img/blue14.jpg,img/blue15.jpg,img/blue16.jpg,img/blue17.jpg,img/blue18.jpg,img/blue19.jpg,img/blue20.jpg,img/blue21.jpg,img/blue22.jpg,img/blue23.jpg,img/blue24.jpg,img/blue25.jpg,img/blue26.jpg,img/blue27.jpg,img/blue28.jpg,img/blue29.jpg,img/blue30.jpg,img/blue31.jpg,img/blue32.jpg,img/blue33.jpg,img/blue34.jpg,img/blue35.jpg,img/blue36.jpg,img/blue37.jpg,img/blue38.jpg,img/blue39.jpg,img/blue40.jpg,img/blue41.jpg,img/blue42.jpg,img/blue43.jpg,img/blue44.jpg,img/blue45.jpg,img/blue46.jpg,img/blue47.jpg,img/blue48.jpg,img/blue49.jpg,img/blue50.jpg","","response","{""index"":11,""type"":""experimental"",""array_length"":20,""meanVal"":32,""color"":""blue""}","image-slider-response_noButton","<p>what was the average blueness of the array?</p>","1","50","0","function morphedScaleBlue() {
  // defining a few helper functions
  function nrange(size, startAt = 0) {
    return [...Array(size).keys()].map(i => i + startAt);
  };

  function fillArray(value, len) {
    var arr = [];
    for (var i = 0; i < len; i++) {
      arr.push(value);
    }
    return arr;
  };

  function generateSlices(vWidth, nSlices) {
    var step = vWidth*0.6/(nSlices-2);
    var stepArray = fillArray(step,nSlices-2)
    stepArray.unshift(0.2*vWidth)
    stepArray.push(0.2*vWidth)

    var bounds = [];
    
    for (var i = 0; i < nSlices; i++) {
      if (i==0) {
        bounds.push([(i*stepArray[i]), (i*stepArray[i])+stepArray[i]])
      } else if (i>0 && i!=nSlices-1) {
        bounds.push([(i*stepArray[i]+0.2*vWidth), (i*stepArray[i])+stepArray[i]+0.2*vWidth])
      } else {
        bounds.push([(vWidth-0.2*vWidth), vWidth])  
      }
    };
    return bounds;
  };
  
  // start trial timer
  var startTime = (new Date()).getTime();
  // get trial data
  var trialData = jsPsych.currentTrial();

  // remove the picture scales and the slider
  $('.jspsych-image-slider-response_noButton-container').css(""visibility"", ""hidden"");
  $('img').remove();
  
  // Remove mondrian background for rating phase
  $('body').css('background-image', 'none');

  var imgScale = getScaleBlue();
  
  // derive the letter of the image filenames
  var imgBase = imgScale[0].split('img/')[1].split('.jpg')[0].replace(/\d+/g, '');
  
  // split the number of the image filenames off from the rest of it
  var nScale = [];
  for (var i = 0; i < imgScale.length-1; i++) {
    var n = imgScale[i].split('img/')[1].split('.jpg')[0].split(imgBase)[1];
    nScale.push(n);
  };
  
  // calculate the element width, and slice it up into sections
  var vWidth = $(document).width();
  var nSlices = nScale.length;
  var slices = generateSlices(vWidth, nSlices);

  // setting up initial vertical line to start the mousemove functionality
  var vHeight = $(document).height()-8;
  var lineSlice = vWidth / 10;
  var vertLine = `<div style=""border-left:black;border-style:solid;margin-left:${lineSlice}px; height:${vHeight}px;width:0px;position:absolute;"" id=""vertLine""></div>`;
  var linePrompt = `<div id=""linePrompt""><div style=""font-size:50px;position:absolute;margin-left:${lineSlice*1.3}px;margin-top:${vHeight/2}px""></div><div style=""position:absolute;margin-left:${lineSlice*1.2}px;margin-top:${vHeight/2}px;z-index:5;"">Move mouse left of the line to begin</div></div>`;
  $("".jspsych-content-wrapper"").prepend(vertLine);
  $("".jspsych-content-wrapper"").prepend(linePrompt);
  
  // hide prompt until the trial is begun
  $('#jspsych-content > p').css(""visibility"", ""hidden"");

  // initialize the central image with the most neutral one (i.e. from
  // the middle of the scale) and set the image to be blurred
  var initialImage = imgScale[0];
  $('#jspsych-image-slider-response_noButton-stimulus').append(`<img src=""${initialImage}"" style=""filter:blur(4px);visibility:hidden;"" id=""changeable-image""/>`);

  // ADD VISUAL SCALE SHOWING MIN/MAX
  var scaleWidth = vWidth * 0.6;
  var scaleLeft = vWidth * 0.2;
  var scaleHtml = `
    <div id=""scale-container"" style=""position:absolute; bottom:120px; left:${scaleLeft}px; width:${scaleWidth}px; height:30px; background-color:rgba(220,220,220,0.7); border-radius:5px; display:none; z-index:10;"">
      <div style=""position:absolute; left:0px; width:2px; height:30px; background-color:black;""></div>
      <div style=""position:absolute; left:0px; top:32px; font-size:12px; color:black;"">Min (1)</div>
      <div style=""position:absolute; right:0px; width:2px; height:30px; background-color:black;""></div>
      <div style=""position:absolute; right:0px; top:32px; font-size:12px; color:black;"">Max (50)</div>
      <div id=""current-marker"" style=""position:absolute; left:0px; width:2px; height:30px; background-color:blue; display:none;""></div>
    </div>
  `;
  $("".jspsych-content-wrapper"").append(scaleHtml);

  // workaround with a global variable
  window.__imageMouseOver = {
    lineSlice: lineSlice,
    slices: slices,
    nScale: nScale,
    imgBase: imgBase,
    startTime: startTime,
    trialData: trialData,
    sliceSelected: 0,
  };
  var __listenerBools = {};

  // define mousemove event listener that changes image
  function changeImg(event) {
    var mouseX = Math.floor(event.pageX);
    
    // Show the scale after interaction begins
    $(""#scale-container"").css(""display"", ""block"");
    
    // Update current marker position based on mouse position
    var scaleWidth = $(""#scale-container"").width();
    var relativePos = Math.max(0, Math.min(mouseX - scaleLeft, scaleWidth));
    var percentPos = (relativePos / scaleWidth) * 100;
    
    $(""#current-marker"").css({
      ""left"": `${relativePos}px`,
      ""display"": ""block""
    });
    
    for (var i = 0; i < __imageMouseOver.slices.length; i++) {
      // if mouse X position is within the bounds of the X axis slice,
      // change the image to one that is indexed to that slice
      if (mouseX >= __imageMouseOver.slices[i][0] && mouseX <= __imageMouseOver.slices[i][1]) {
        // capture which slice is selected
        __imageMouseOver.sliceSelected = i;
        // update img src to the picture that corresponds to that slice
        $('#changeable-image').attr('src', `img/${__imageMouseOver.imgBase}${__imageMouseOver.nScale[i]}.jpg`);
      }
    };
  };
  
  // define the click listener that ends trial
  function clickHandler(event) {
    if (__listenerBools['mousemove']) {
      // derive trial data
      var trialData = __imageMouseOver.trialData;
      var end_time = (new Date()).getTime();
      var rt = end_time - __imageMouseOver.startTime;
      trialData['rt'] = rt;
      trialData['stimulus_duration'] = rt;
      trialData['trial_duration'] = rt;
      trialData['imageSelected'] = `${__imageMouseOver.imgBase}${__imageMouseOver.nScale[__imageMouseOver.sliceSelected]}.jpg`
      trialData['indexSelected'] = __imageMouseOver.sliceSelected;
      // turn off listeners
      $(document).off('mousemove');
      $(document).off('click');
      // clean up variable namespaces
      delete window.__imageMouseOver
      delete __listenerBools;
      // clean up scale
      $(""#scale-container"").remove();
      // finish the trial with trial data
      jsPsych.finishTrial(trialData);
    };
  };

  function verticalLineInit(event) {
    var mouseX = Math.floor(event.pageX);
    if (mouseX <= __imageMouseOver.lineSlice) {
      $(""#vertLine"").remove();
      $(""#linePrompt"").remove();
      $(""#jspsych-image-slider-response_noButton-stimulus > img"").css({
        ""filter"":""blur(0px)"",
        ""visibility"": ""visible"",
      });
      $('#jspsych-content > p').css(""visibility"", ""visible"");
      $('.jspsych-image-slider-response_noButton-').css(""visibility"", ""visible"");
      
      __listenerBools['mousemove'] = true;
      // turn off THIS mouse move listener
      $(document).off(""mousemove"");
      // turn on the mouse move listener that changes the image
      $(document).mousemove(changeImg);
      // add mouse click listener
      $(document).on('click', clickHandler);
    };
  };

  // turn on the vertical line mouse move listener
  $(document).mousemove(verticalLineInit);
}","[object Object]","0","","Continue","9928","9928","true","blue28.jpg","27","avg","500","blue","20","[22,24,25,25,25,25,25,29,30,31,31,31,32,32,33,33,37,38,41,41]","32","three giraffes","24","blue","",""
"html-keyboard-response","81","418824","0.0-81.0","573b8bc2f3580b0006ce0986","null","","","","<p style=""font-size: 48px;""> + </p>","null","fixation","","","","","","","","","","","","","","","","","","","","","","","","","blue","",""
"html-keyboard-response","82","420330","0.0-82.0","573b8bc2f3580b0006ce0986","null","","","","<span class='grid'><div class='blue' style='background-position:1800% 0%;margin-top:46px'></div> <div class='blue' style='background-position:3300% 0%;margin-top:28px'></div> <div class='blue' style='background-position:2100% 0%;margin-top:20px'></div> <div> </div> <div class='blue' style='background-position:2500% 0%;margin-top:28px'></div> <div> </div> <div class='blue' style='background-position:2400% 0%;margin-top:30px'></div> <div> </div> <div> </div> <div> </div> <div> </div> <div> </div> <div class='blue' style='background-position:2900% 0%;margin-top:30px'></div> <div> </div> <div class='blue' style='background-position:3500% 0%;margin-top:30px'></div> <div class='blue' style='background-position:3200% 0%;margin-top:36px'></div> <div class='blue' style='background-position:2800% 0%;margin-top:20px'></div> <div class='blue' style='background-position:1700% 0%;margin-top:21px'></div></span>","null","stimulus","{""index"":11,""type"":""experimental"",""array_length"":20,""meanVal"":32,""color"":""blue""}","","","","","","","","","","","","","","","","","","","","","","","","blue","",""
"image-slider-response_noButton","83","428335","0.0-83.0","573b8bc2f3580b0006ce0986","8004","","","","img/blue1.jpg,img/blue2.jpg,img/blue3.jpg,img/blue4.jpg,img/blue5.jpg,img/blue6.jpg,img/blue7.jpg,img/blue8.jpg,img/blue9.jpg,img/blue10.jpg,img/blue11.jpg,img/blue12.jpg,img/blue13.jpg,img/blue14.jpg,img/blue15.jpg,img/blue16.jpg,img/blue17.jpg,img/blue18.jpg,img/blue19.jpg,img/blue20.jpg,img/blue21.jpg,img/blue22.jpg,img/blue23.jpg,img/blue24.jpg,img/blue25.jpg,img/blue26.jpg,img/blue27.jpg,img/blue28.jpg,img/blue29.jpg,img/blue30.jpg,img/blue31.jpg,img/blue32.jpg,img/blue33.jpg,img/blue34.jpg,img/blue35.jpg,img/blue36.jpg,img/blue37.jpg,img/blue38.jpg,img/blue39.jpg,img/blue40.jpg,img/blue41.jpg,img/blue42.jpg,img/blue43.jpg,img/blue44.jpg,img/blue45.jpg,img/blue46.jpg,img/blue47.jpg,img/blue48.jpg,img/blue49.jpg,img/blue50.jpg","","response","{""index"":12,""type"":""experimental"",""array_length"":10,""meanVal"":26,""color"":""blue""}","image-slider-response_noButton","<p>what was the average blueness of the array?</p>","1","50","0","function morphedScaleBlue() {
  // defining a few helper functions
  function nrange(size, startAt = 0) {
    return [...Array(size).keys()].map(i => i + startAt);
  };

  function fillArray(value, len) {
    var arr = [];
    for (var i = 0; i < len; i++) {
      arr.push(value);
    }
    return arr;
  };

  function generateSlices(vWidth, nSlices) {
    var step = vWidth*0.6/(nSlices-2);
    var stepArray = fillArray(step,nSlices-2)
    stepArray.unshift(0.2*vWidth)
    stepArray.push(0.2*vWidth)

    var bounds = [];
    
    for (var i = 0; i < nSlices; i++) {
      if (i==0) {
        bounds.push([(i*stepArray[i]), (i*stepArray[i])+stepArray[i]])
      } else if (i>0 && i!=nSlices-1) {
        bounds.push([(i*stepArray[i]+0.2*vWidth), (i*stepArray[i])+stepArray[i]+0.2*vWidth])
      } else {
        bounds.push([(vWidth-0.2*vWidth), vWidth])  
      }
    };
    return bounds;
  };
  
  // start trial timer
  var startTime = (new Date()).getTime();
  // get trial data
  var trialData = jsPsych.currentTrial();

  // remove the picture scales and the slider
  $('.jspsych-image-slider-response_noButton-container').css(""visibility"", ""hidden"");
  $('img').remove();
  
  // Remove mondrian background for rating phase
  $('body').css('background-image', 'none');

  var imgScale = getScaleBlue();
  
  // derive the letter of the image filenames
  var imgBase = imgScale[0].split('img/')[1].split('.jpg')[0].replace(/\d+/g, '');
  
  // split the number of the image filenames off from the rest of it
  var nScale = [];
  for (var i = 0; i < imgScale.length-1; i++) {
    var n = imgScale[i].split('img/')[1].split('.jpg')[0].split(imgBase)[1];
    nScale.push(n);
  };
  
  // calculate the element width, and slice it up into sections
  var vWidth = $(document).width();
  var nSlices = nScale.length;
  var slices = generateSlices(vWidth, nSlices);

  // setting up initial vertical line to start the mousemove functionality
  var vHeight = $(document).height()-8;
  var lineSlice = vWidth / 10;
  var vertLine = `<div style=""border-left:black;border-style:solid;margin-left:${lineSlice}px; height:${vHeight}px;width:0px;position:absolute;"" id=""vertLine""></div>`;
  var linePrompt = `<div id=""linePrompt""><div style=""font-size:50px;position:absolute;margin-left:${lineSlice*1.3}px;margin-top:${vHeight/2}px""></div><div style=""position:absolute;margin-left:${lineSlice*1.2}px;margin-top:${vHeight/2}px;z-index:5;"">Move mouse left of the line to begin</div></div>`;
  $("".jspsych-content-wrapper"").prepend(vertLine);
  $("".jspsych-content-wrapper"").prepend(linePrompt);
  
  // hide prompt until the trial is begun
  $('#jspsych-content > p').css(""visibility"", ""hidden"");

  // initialize the central image with the most neutral one (i.e. from
  // the middle of the scale) and set the image to be blurred
  var initialImage = imgScale[0];
  $('#jspsych-image-slider-response_noButton-stimulus').append(`<img src=""${initialImage}"" style=""filter:blur(4px);visibility:hidden;"" id=""changeable-image""/>`);

  // ADD VISUAL SCALE SHOWING MIN/MAX
  var scaleWidth = vWidth * 0.6;
  var scaleLeft = vWidth * 0.2;
  var scaleHtml = `
    <div id=""scale-container"" style=""position:absolute; bottom:120px; left:${scaleLeft}px; width:${scaleWidth}px; height:30px; background-color:rgba(220,220,220,0.7); border-radius:5px; display:none; z-index:10;"">
      <div style=""position:absolute; left:0px; width:2px; height:30px; background-color:black;""></div>
      <div style=""position:absolute; left:0px; top:32px; font-size:12px; color:black;"">Min (1)</div>
      <div style=""position:absolute; right:0px; width:2px; height:30px; background-color:black;""></div>
      <div style=""position:absolute; right:0px; top:32px; font-size:12px; color:black;"">Max (50)</div>
      <div id=""current-marker"" style=""position:absolute; left:0px; width:2px; height:30px; background-color:blue; display:none;""></div>
    </div>
  `;
  $("".jspsych-content-wrapper"").append(scaleHtml);

  // workaround with a global variable
  window.__imageMouseOver = {
    lineSlice: lineSlice,
    slices: slices,
    nScale: nScale,
    imgBase: imgBase,
    startTime: startTime,
    trialData: trialData,
    sliceSelected: 0,
  };
  var __listenerBools = {};

  // define mousemove event listener that changes image
  function changeImg(event) {
    var mouseX = Math.floor(event.pageX);
    
    // Show the scale after interaction begins
    $(""#scale-container"").css(""display"", ""block"");
    
    // Update current marker position based on mouse position
    var scaleWidth = $(""#scale-container"").width();
    var relativePos = Math.max(0, Math.min(mouseX - scaleLeft, scaleWidth));
    var percentPos = (relativePos / scaleWidth) * 100;
    
    $(""#current-marker"").css({
      ""left"": `${relativePos}px`,
      ""display"": ""block""
    });
    
    for (var i = 0; i < __imageMouseOver.slices.length; i++) {
      // if mouse X position is within the bounds of the X axis slice,
      // change the image to one that is indexed to that slice
      if (mouseX >= __imageMouseOver.slices[i][0] && mouseX <= __imageMouseOver.slices[i][1]) {
        // capture which slice is selected
        __imageMouseOver.sliceSelected = i;
        // update img src to the picture that corresponds to that slice
        $('#changeable-image').attr('src', `img/${__imageMouseOver.imgBase}${__imageMouseOver.nScale[i]}.jpg`);
      }
    };
  };
  
  // define the click listener that ends trial
  function clickHandler(event) {
    if (__listenerBools['mousemove']) {
      // derive trial data
      var trialData = __imageMouseOver.trialData;
      var end_time = (new Date()).getTime();
      var rt = end_time - __imageMouseOver.startTime;
      trialData['rt'] = rt;
      trialData['stimulus_duration'] = rt;
      trialData['trial_duration'] = rt;
      trialData['imageSelected'] = `${__imageMouseOver.imgBase}${__imageMouseOver.nScale[__imageMouseOver.sliceSelected]}.jpg`
      trialData['indexSelected'] = __imageMouseOver.sliceSelected;
      // turn off listeners
      $(document).off('mousemove');
      $(document).off('click');
      // clean up variable namespaces
      delete window.__imageMouseOver
      delete __listenerBools;
      // clean up scale
      $(""#scale-container"").remove();
      // finish the trial with trial data
      jsPsych.finishTrial(trialData);
    };
  };

  function verticalLineInit(event) {
    var mouseX = Math.floor(event.pageX);
    if (mouseX <= __imageMouseOver.lineSlice) {
      $(""#vertLine"").remove();
      $(""#linePrompt"").remove();
      $(""#jspsych-image-slider-response_noButton-stimulus > img"").css({
        ""filter"":""blur(0px)"",
        ""visibility"": ""visible"",
      });
      $('#jspsych-content > p').css(""visibility"", ""visible"");
      $('.jspsych-image-slider-response_noButton-').css(""visibility"", ""visible"");
      
      __listenerBools['mousemove'] = true;
      // turn off THIS mouse move listener
      $(document).off(""mousemove"");
      // turn on the mouse move listener that changes the image
      $(document).mousemove(changeImg);
      // add mouse click listener
      $(document).on('click', clickHandler);
    };
  };

  // turn on the vertical line mouse move listener
  $(document).mousemove(verticalLineInit);
}","[object Object]","0","","Continue","8004","8004","true","blue29.jpg","28","avg","400","blue","10","[17,21,18,24,25,28,29,32,33,35]","26","three giraffes","25","blue","",""
"html-keyboard-response","84","428740","0.0-84.0","573b8bc2f3580b0006ce0986","null","","","","<p style=""font-size: 48px;""> + </p>","null","fixation","","","","","","","","","","","","","","","","","","","","","","","","","blue","",""
"html-keyboard-response","85","430249","0.0-85.0","573b8bc2f3580b0006ce0986","null","","","","<span class='grid'><div> </div> <div> </div> <div> </div> <div class='blue' style='background-position:3500% 0%;margin-top:34px'></div> <div> </div> <div> </div> <div> </div> <div> </div> <div> </div> <div> </div> <div> </div> <div> </div> <div class='blue' style='background-position:2700% 0%;margin-top:49px'></div> <div> </div></span>","null","stimulus","{""index"":12,""type"":""experimental"",""array_length"":10,""meanVal"":26,""color"":""blue""}","","","","","","","","","","","","","","","","","","","","","","","","blue","",""
"image-slider-response_noButton","86","435838","0.0-86.0","573b8bc2f3580b0006ce0986","5588","","","","img/blue1.jpg,img/blue2.jpg,img/blue3.jpg,img/blue4.jpg,img/blue5.jpg,img/blue6.jpg,img/blue7.jpg,img/blue8.jpg,img/blue9.jpg,img/blue10.jpg,img/blue11.jpg,img/blue12.jpg,img/blue13.jpg,img/blue14.jpg,img/blue15.jpg,img/blue16.jpg,img/blue17.jpg,img/blue18.jpg,img/blue19.jpg,img/blue20.jpg,img/blue21.jpg,img/blue22.jpg,img/blue23.jpg,img/blue24.jpg,img/blue25.jpg,img/blue26.jpg,img/blue27.jpg,img/blue28.jpg,img/blue29.jpg,img/blue30.jpg,img/blue31.jpg,img/blue32.jpg,img/blue33.jpg,img/blue34.jpg,img/blue35.jpg,img/blue36.jpg,img/blue37.jpg,img/blue38.jpg,img/blue39.jpg,img/blue40.jpg,img/blue41.jpg,img/blue42.jpg,img/blue43.jpg,img/blue44.jpg,img/blue45.jpg,img/blue46.jpg,img/blue47.jpg,img/blue48.jpg,img/blue49.jpg,img/blue50.jpg","","response","{""index"":13,""type"":""experimental"",""array_length"":2,""meanVal"":31,""color"":""blue""}","image-slider-response_noButton","<p>what was the average blueness of the array?</p>","1","50","0","function morphedScaleBlue() {
  // defining a few helper functions
  function nrange(size, startAt = 0) {
    return [...Array(size).keys()].map(i => i + startAt);
  };

  function fillArray(value, len) {
    var arr = [];
    for (var i = 0; i < len; i++) {
      arr.push(value);
    }
    return arr;
  };

  function generateSlices(vWidth, nSlices) {
    var step = vWidth*0.6/(nSlices-2);
    var stepArray = fillArray(step,nSlices-2)
    stepArray.unshift(0.2*vWidth)
    stepArray.push(0.2*vWidth)

    var bounds = [];
    
    for (var i = 0; i < nSlices; i++) {
      if (i==0) {
        bounds.push([(i*stepArray[i]), (i*stepArray[i])+stepArray[i]])
      } else if (i>0 && i!=nSlices-1) {
        bounds.push([(i*stepArray[i]+0.2*vWidth), (i*stepArray[i])+stepArray[i]+0.2*vWidth])
      } else {
        bounds.push([(vWidth-0.2*vWidth), vWidth])  
      }
    };
    return bounds;
  };
  
  // start trial timer
  var startTime = (new Date()).getTime();
  // get trial data
  var trialData = jsPsych.currentTrial();

  // remove the picture scales and the slider
  $('.jspsych-image-slider-response_noButton-container').css(""visibility"", ""hidden"");
  $('img').remove();
  
  // Remove mondrian background for rating phase
  $('body').css('background-image', 'none');

  var imgScale = getScaleBlue();
  
  // derive the letter of the image filenames
  var imgBase = imgScale[0].split('img/')[1].split('.jpg')[0].replace(/\d+/g, '');
  
  // split the number of the image filenames off from the rest of it
  var nScale = [];
  for (var i = 0; i < imgScale.length-1; i++) {
    var n = imgScale[i].split('img/')[1].split('.jpg')[0].split(imgBase)[1];
    nScale.push(n);
  };
  
  // calculate the element width, and slice it up into sections
  var vWidth = $(document).width();
  var nSlices = nScale.length;
  var slices = generateSlices(vWidth, nSlices);

  // setting up initial vertical line to start the mousemove functionality
  var vHeight = $(document).height()-8;
  var lineSlice = vWidth / 10;
  var vertLine = `<div style=""border-left:black;border-style:solid;margin-left:${lineSlice}px; height:${vHeight}px;width:0px;position:absolute;"" id=""vertLine""></div>`;
  var linePrompt = `<div id=""linePrompt""><div style=""font-size:50px;position:absolute;margin-left:${lineSlice*1.3}px;margin-top:${vHeight/2}px""></div><div style=""position:absolute;margin-left:${lineSlice*1.2}px;margin-top:${vHeight/2}px;z-index:5;"">Move mouse left of the line to begin</div></div>`;
  $("".jspsych-content-wrapper"").prepend(vertLine);
  $("".jspsych-content-wrapper"").prepend(linePrompt);
  
  // hide prompt until the trial is begun
  $('#jspsych-content > p').css(""visibility"", ""hidden"");

  // initialize the central image with the most neutral one (i.e. from
  // the middle of the scale) and set the image to be blurred
  var initialImage = imgScale[0];
  $('#jspsych-image-slider-response_noButton-stimulus').append(`<img src=""${initialImage}"" style=""filter:blur(4px);visibility:hidden;"" id=""changeable-image""/>`);

  // ADD VISUAL SCALE SHOWING MIN/MAX
  var scaleWidth = vWidth * 0.6;
  var scaleLeft = vWidth * 0.2;
  var scaleHtml = `
    <div id=""scale-container"" style=""position:absolute; bottom:120px; left:${scaleLeft}px; width:${scaleWidth}px; height:30px; background-color:rgba(220,220,220,0.7); border-radius:5px; display:none; z-index:10;"">
      <div style=""position:absolute; left:0px; width:2px; height:30px; background-color:black;""></div>
      <div style=""position:absolute; left:0px; top:32px; font-size:12px; color:black;"">Min (1)</div>
      <div style=""position:absolute; right:0px; width:2px; height:30px; background-color:black;""></div>
      <div style=""position:absolute; right:0px; top:32px; font-size:12px; color:black;"">Max (50)</div>
      <div id=""current-marker"" style=""position:absolute; left:0px; width:2px; height:30px; background-color:blue; display:none;""></div>
    </div>
  `;
  $("".jspsych-content-wrapper"").append(scaleHtml);

  // workaround with a global variable
  window.__imageMouseOver = {
    lineSlice: lineSlice,
    slices: slices,
    nScale: nScale,
    imgBase: imgBase,
    startTime: startTime,
    trialData: trialData,
    sliceSelected: 0,
  };
  var __listenerBools = {};

  // define mousemove event listener that changes image
  function changeImg(event) {
    var mouseX = Math.floor(event.pageX);
    
    // Show the scale after interaction begins
    $(""#scale-container"").css(""display"", ""block"");
    
    // Update current marker position based on mouse position
    var scaleWidth = $(""#scale-container"").width();
    var relativePos = Math.max(0, Math.min(mouseX - scaleLeft, scaleWidth));
    var percentPos = (relativePos / scaleWidth) * 100;
    
    $(""#current-marker"").css({
      ""left"": `${relativePos}px`,
      ""display"": ""block""
    });
    
    for (var i = 0; i < __imageMouseOver.slices.length; i++) {
      // if mouse X position is within the bounds of the X axis slice,
      // change the image to one that is indexed to that slice
      if (mouseX >= __imageMouseOver.slices[i][0] && mouseX <= __imageMouseOver.slices[i][1]) {
        // capture which slice is selected
        __imageMouseOver.sliceSelected = i;
        // update img src to the picture that corresponds to that slice
        $('#changeable-image').attr('src', `img/${__imageMouseOver.imgBase}${__imageMouseOver.nScale[i]}.jpg`);
      }
    };
  };
  
  // define the click listener that ends trial
  function clickHandler(event) {
    if (__listenerBools['mousemove']) {
      // derive trial data
      var trialData = __imageMouseOver.trialData;
      var end_time = (new Date()).getTime();
      var rt = end_time - __imageMouseOver.startTime;
      trialData['rt'] = rt;
      trialData['stimulus_duration'] = rt;
      trialData['trial_duration'] = rt;
      trialData['imageSelected'] = `${__imageMouseOver.imgBase}${__imageMouseOver.nScale[__imageMouseOver.sliceSelected]}.jpg`
      trialData['indexSelected'] = __imageMouseOver.sliceSelected;
      // turn off listeners
      $(document).off('mousemove');
      $(document).off('click');
      // clean up variable namespaces
      delete window.__imageMouseOver
      delete __listenerBools;
      // clean up scale
      $(""#scale-container"").remove();
      // finish the trial with trial data
      jsPsych.finishTrial(trialData);
    };
  };

  function verticalLineInit(event) {
    var mouseX = Math.floor(event.pageX);
    if (mouseX <= __imageMouseOver.lineSlice) {
      $(""#vertLine"").remove();
      $(""#linePrompt"").remove();
      $(""#jspsych-image-slider-response_noButton-stimulus > img"").css({
        ""filter"":""blur(0px)"",
        ""visibility"": ""visible"",
      });
      $('#jspsych-content > p').css(""visibility"", ""visible"");
      $('.jspsych-image-slider-response_noButton-').css(""visibility"", ""visible"");
      
      __listenerBools['mousemove'] = true;
      // turn off THIS mouse move listener
      $(document).off(""mousemove"");
      // turn on the mouse move listener that changes the image
      $(document).mousemove(changeImg);
      // add mouse click listener
      $(document).on('click', clickHandler);
    };
  };

  // turn on the vertical line mouse move listener
  $(document).mousemove(verticalLineInit);
}","[object Object]","0","","Continue","5588","5588","true","blue29.jpg","28","avg","400","blue","2","[27,35]","31","three giraffes","26","blue","",""
"html-keyboard-response","87","436241","0.0-87.0","573b8bc2f3580b0006ce0986","null","","","","<p style=""font-size: 48px;""> + </p>","null","fixation","","","","","","","","","","","","","","","","","","","","","","","","","blue","",""
"html-keyboard-response","88","437743","0.0-88.0","573b8bc2f3580b0006ce0986","null","","","","<span class='grid'><div class='blue' style='background-position:2900% 0%;margin-top:39px'></div> <div> </div> <div class='blue' style='background-position:3700% 0%;margin-top:41px'></div> <div> </div> <div> </div> <div> </div> <div> </div> <div> </div> <div> </div> <div> </div> <div> </div> <div> </div> <div> </div> <div> </div></span>","null","stimulus","{""index"":13,""type"":""experimental"",""array_length"":2,""meanVal"":31,""color"":""blue""}","","","","","","","","","","","","","","","","","","","","","","","","blue","",""
"image-slider-response_noButton","89","443790","0.0-89.0","573b8bc2f3580b0006ce0986","6047","","","","img/blue1.jpg,img/blue2.jpg,img/blue3.jpg,img/blue4.jpg,img/blue5.jpg,img/blue6.jpg,img/blue7.jpg,img/blue8.jpg,img/blue9.jpg,img/blue10.jpg,img/blue11.jpg,img/blue12.jpg,img/blue13.jpg,img/blue14.jpg,img/blue15.jpg,img/blue16.jpg,img/blue17.jpg,img/blue18.jpg,img/blue19.jpg,img/blue20.jpg,img/blue21.jpg,img/blue22.jpg,img/blue23.jpg,img/blue24.jpg,img/blue25.jpg,img/blue26.jpg,img/blue27.jpg,img/blue28.jpg,img/blue29.jpg,img/blue30.jpg,img/blue31.jpg,img/blue32.jpg,img/blue33.jpg,img/blue34.jpg,img/blue35.jpg,img/blue36.jpg,img/blue37.jpg,img/blue38.jpg,img/blue39.jpg,img/blue40.jpg,img/blue41.jpg,img/blue42.jpg,img/blue43.jpg,img/blue44.jpg,img/blue45.jpg,img/blue46.jpg,img/blue47.jpg,img/blue48.jpg,img/blue49.jpg,img/blue50.jpg","","response","{""index"":14,""type"":""experimental"",""array_length"":2,""meanVal"":33,""color"":""blue""}","image-slider-response_noButton","<p>what was the average blueness of the array?</p>","1","50","0","function morphedScaleBlue() {
  // defining a few helper functions
  function nrange(size, startAt = 0) {
    return [...Array(size).keys()].map(i => i + startAt);
  };

  function fillArray(value, len) {
    var arr = [];
    for (var i = 0; i < len; i++) {
      arr.push(value);
    }
    return arr;
  };

  function generateSlices(vWidth, nSlices) {
    var step = vWidth*0.6/(nSlices-2);
    var stepArray = fillArray(step,nSlices-2)
    stepArray.unshift(0.2*vWidth)
    stepArray.push(0.2*vWidth)

    var bounds = [];
    
    for (var i = 0; i < nSlices; i++) {
      if (i==0) {
        bounds.push([(i*stepArray[i]), (i*stepArray[i])+stepArray[i]])
      } else if (i>0 && i!=nSlices-1) {
        bounds.push([(i*stepArray[i]+0.2*vWidth), (i*stepArray[i])+stepArray[i]+0.2*vWidth])
      } else {
        bounds.push([(vWidth-0.2*vWidth), vWidth])  
      }
    };
    return bounds;
  };
  
  // start trial timer
  var startTime = (new Date()).getTime();
  // get trial data
  var trialData = jsPsych.currentTrial();

  // remove the picture scales and the slider
  $('.jspsych-image-slider-response_noButton-container').css(""visibility"", ""hidden"");
  $('img').remove();
  
  // Remove mondrian background for rating phase
  $('body').css('background-image', 'none');

  var imgScale = getScaleBlue();
  
  // derive the letter of the image filenames
  var imgBase = imgScale[0].split('img/')[1].split('.jpg')[0].replace(/\d+/g, '');
  
  // split the number of the image filenames off from the rest of it
  var nScale = [];
  for (var i = 0; i < imgScale.length-1; i++) {
    var n = imgScale[i].split('img/')[1].split('.jpg')[0].split(imgBase)[1];
    nScale.push(n);
  };
  
  // calculate the element width, and slice it up into sections
  var vWidth = $(document).width();
  var nSlices = nScale.length;
  var slices = generateSlices(vWidth, nSlices);

  // setting up initial vertical line to start the mousemove functionality
  var vHeight = $(document).height()-8;
  var lineSlice = vWidth / 10;
  var vertLine = `<div style=""border-left:black;border-style:solid;margin-left:${lineSlice}px; height:${vHeight}px;width:0px;position:absolute;"" id=""vertLine""></div>`;
  var linePrompt = `<div id=""linePrompt""><div style=""font-size:50px;position:absolute;margin-left:${lineSlice*1.3}px;margin-top:${vHeight/2}px""></div><div style=""position:absolute;margin-left:${lineSlice*1.2}px;margin-top:${vHeight/2}px;z-index:5;"">Move mouse left of the line to begin</div></div>`;
  $("".jspsych-content-wrapper"").prepend(vertLine);
  $("".jspsych-content-wrapper"").prepend(linePrompt);
  
  // hide prompt until the trial is begun
  $('#jspsych-content > p').css(""visibility"", ""hidden"");

  // initialize the central image with the most neutral one (i.e. from
  // the middle of the scale) and set the image to be blurred
  var initialImage = imgScale[0];
  $('#jspsych-image-slider-response_noButton-stimulus').append(`<img src=""${initialImage}"" style=""filter:blur(4px);visibility:hidden;"" id=""changeable-image""/>`);

  // ADD VISUAL SCALE SHOWING MIN/MAX
  var scaleWidth = vWidth * 0.6;
  var scaleLeft = vWidth * 0.2;
  var scaleHtml = `
    <div id=""scale-container"" style=""position:absolute; bottom:120px; left:${scaleLeft}px; width:${scaleWidth}px; height:30px; background-color:rgba(220,220,220,0.7); border-radius:5px; display:none; z-index:10;"">
      <div style=""position:absolute; left:0px; width:2px; height:30px; background-color:black;""></div>
      <div style=""position:absolute; left:0px; top:32px; font-size:12px; color:black;"">Min (1)</div>
      <div style=""position:absolute; right:0px; width:2px; height:30px; background-color:black;""></div>
      <div style=""position:absolute; right:0px; top:32px; font-size:12px; color:black;"">Max (50)</div>
      <div id=""current-marker"" style=""position:absolute; left:0px; width:2px; height:30px; background-color:blue; display:none;""></div>
    </div>
  `;
  $("".jspsych-content-wrapper"").append(scaleHtml);

  // workaround with a global variable
  window.__imageMouseOver = {
    lineSlice: lineSlice,
    slices: slices,
    nScale: nScale,
    imgBase: imgBase,
    startTime: startTime,
    trialData: trialData,
    sliceSelected: 0,
  };
  var __listenerBools = {};

  // define mousemove event listener that changes image
  function changeImg(event) {
    var mouseX = Math.floor(event.pageX);
    
    // Show the scale after interaction begins
    $(""#scale-container"").css(""display"", ""block"");
    
    // Update current marker position based on mouse position
    var scaleWidth = $(""#scale-container"").width();
    var relativePos = Math.max(0, Math.min(mouseX - scaleLeft, scaleWidth));
    var percentPos = (relativePos / scaleWidth) * 100;
    
    $(""#current-marker"").css({
      ""left"": `${relativePos}px`,
      ""display"": ""block""
    });
    
    for (var i = 0; i < __imageMouseOver.slices.length; i++) {
      // if mouse X position is within the bounds of the X axis slice,
      // change the image to one that is indexed to that slice
      if (mouseX >= __imageMouseOver.slices[i][0] && mouseX <= __imageMouseOver.slices[i][1]) {
        // capture which slice is selected
        __imageMouseOver.sliceSelected = i;
        // update img src to the picture that corresponds to that slice
        $('#changeable-image').attr('src', `img/${__imageMouseOver.imgBase}${__imageMouseOver.nScale[i]}.jpg`);
      }
    };
  };
  
  // define the click listener that ends trial
  function clickHandler(event) {
    if (__listenerBools['mousemove']) {
      // derive trial data
      var trialData = __imageMouseOver.trialData;
      var end_time = (new Date()).getTime();
      var rt = end_time - __imageMouseOver.startTime;
      trialData['rt'] = rt;
      trialData['stimulus_duration'] = rt;
      trialData['trial_duration'] = rt;
      trialData['imageSelected'] = `${__imageMouseOver.imgBase}${__imageMouseOver.nScale[__imageMouseOver.sliceSelected]}.jpg`
      trialData['indexSelected'] = __imageMouseOver.sliceSelected;
      // turn off listeners
      $(document).off('mousemove');
      $(document).off('click');
      // clean up variable namespaces
      delete window.__imageMouseOver
      delete __listenerBools;
      // clean up scale
      $(""#scale-container"").remove();
      // finish the trial with trial data
      jsPsych.finishTrial(trialData);
    };
  };

  function verticalLineInit(event) {
    var mouseX = Math.floor(event.pageX);
    if (mouseX <= __imageMouseOver.lineSlice) {
      $(""#vertLine"").remove();
      $(""#linePrompt"").remove();
      $(""#jspsych-image-slider-response_noButton-stimulus > img"").css({
        ""filter"":""blur(0px)"",
        ""visibility"": ""visible"",
      });
      $('#jspsych-content > p').css(""visibility"", ""visible"");
      $('.jspsych-image-slider-response_noButton-').css(""visibility"", ""visible"");
      
      __listenerBools['mousemove'] = true;
      // turn off THIS mouse move listener
      $(document).off(""mousemove"");
      // turn on the mouse move listener that changes the image
      $(document).mousemove(changeImg);
      // add mouse click listener
      $(document).on('click', clickHandler);
    };
  };

  // turn on the vertical line mouse move listener
  $(document).mousemove(verticalLineInit);
}","[object Object]","0","","Continue","6047","6047","true","blue27.jpg","26","avg","400","blue","2","[29,37]","33","three giraffes","27","blue","",""
"html-keyboard-response","90","444292","0.0-90.0","573b8bc2f3580b0006ce0986","null","","","","<p style=""font-size: 48px;""> + </p>","null","fixation","","","","","","","","","","","","","","","","","","","","","","","","","blue","",""
"html-keyboard-response","91","445808","0.0-91.0","573b8bc2f3580b0006ce0986","null","","","","<span class='grid'><div> </div> <div> </div> <div> </div> <div> </div> <div> </div> <div> </div> <div class='blue' style='background-position:3900% 0%;margin-top:41px'></div> <div> </div> <div> </div> <div> </div> <div> </div> <div> </div> <div class='blue' style='background-position:3100% 0%;margin-top:31px'></div> <div> </div></span>","null","stimulus","{""index"":14,""type"":""experimental"",""array_length"":2,""meanVal"":33,""color"":""blue""}","","","","","","","","","","","","","","","","","","","","","","","","blue","",""
"image-slider-response_noButton","92","452057","0.0-92.0","573b8bc2f3580b0006ce0986","6248","","","","img/blue1.jpg,img/blue2.jpg,img/blue3.jpg,img/blue4.jpg,img/blue5.jpg,img/blue6.jpg,img/blue7.jpg,img/blue8.jpg,img/blue9.jpg,img/blue10.jpg,img/blue11.jpg,img/blue12.jpg,img/blue13.jpg,img/blue14.jpg,img/blue15.jpg,img/blue16.jpg,img/blue17.jpg,img/blue18.jpg,img/blue19.jpg,img/blue20.jpg,img/blue21.jpg,img/blue22.jpg,img/blue23.jpg,img/blue24.jpg,img/blue25.jpg,img/blue26.jpg,img/blue27.jpg,img/blue28.jpg,img/blue29.jpg,img/blue30.jpg,img/blue31.jpg,img/blue32.jpg,img/blue33.jpg,img/blue34.jpg,img/blue35.jpg,img/blue36.jpg,img/blue37.jpg,img/blue38.jpg,img/blue39.jpg,img/blue40.jpg,img/blue41.jpg,img/blue42.jpg,img/blue43.jpg,img/blue44.jpg,img/blue45.jpg,img/blue46.jpg,img/blue47.jpg,img/blue48.jpg,img/blue49.jpg,img/blue50.jpg","","response","{""index"":15,""type"":""experimental"",""array_length"":2,""meanVal"":35,""color"":""blue""}","image-slider-response_noButton","<p>what was the average blueness of the array?</p>","1","50","0","function morphedScaleBlue() {
  // defining a few helper functions
  function nrange(size, startAt = 0) {
    return [...Array(size).keys()].map(i => i + startAt);
  };

  function fillArray(value, len) {
    var arr = [];
    for (var i = 0; i < len; i++) {
      arr.push(value);
    }
    return arr;
  };

  function generateSlices(vWidth, nSlices) {
    var step = vWidth*0.6/(nSlices-2);
    var stepArray = fillArray(step,nSlices-2)
    stepArray.unshift(0.2*vWidth)
    stepArray.push(0.2*vWidth)

    var bounds = [];
    
    for (var i = 0; i < nSlices; i++) {
      if (i==0) {
        bounds.push([(i*stepArray[i]), (i*stepArray[i])+stepArray[i]])
      } else if (i>0 && i!=nSlices-1) {
        bounds.push([(i*stepArray[i]+0.2*vWidth), (i*stepArray[i])+stepArray[i]+0.2*vWidth])
      } else {
        bounds.push([(vWidth-0.2*vWidth), vWidth])  
      }
    };
    return bounds;
  };
  
  // start trial timer
  var startTime = (new Date()).getTime();
  // get trial data
  var trialData = jsPsych.currentTrial();

  // remove the picture scales and the slider
  $('.jspsych-image-slider-response_noButton-container').css(""visibility"", ""hidden"");
  $('img').remove();
  
  // Remove mondrian background for rating phase
  $('body').css('background-image', 'none');

  var imgScale = getScaleBlue();
  
  // derive the letter of the image filenames
  var imgBase = imgScale[0].split('img/')[1].split('.jpg')[0].replace(/\d+/g, '');
  
  // split the number of the image filenames off from the rest of it
  var nScale = [];
  for (var i = 0; i < imgScale.length-1; i++) {
    var n = imgScale[i].split('img/')[1].split('.jpg')[0].split(imgBase)[1];
    nScale.push(n);
  };
  
  // calculate the element width, and slice it up into sections
  var vWidth = $(document).width();
  var nSlices = nScale.length;
  var slices = generateSlices(vWidth, nSlices);

  // setting up initial vertical line to start the mousemove functionality
  var vHeight = $(document).height()-8;
  var lineSlice = vWidth / 10;
  var vertLine = `<div style=""border-left:black;border-style:solid;margin-left:${lineSlice}px; height:${vHeight}px;width:0px;position:absolute;"" id=""vertLine""></div>`;
  var linePrompt = `<div id=""linePrompt""><div style=""font-size:50px;position:absolute;margin-left:${lineSlice*1.3}px;margin-top:${vHeight/2}px""></div><div style=""position:absolute;margin-left:${lineSlice*1.2}px;margin-top:${vHeight/2}px;z-index:5;"">Move mouse left of the line to begin</div></div>`;
  $("".jspsych-content-wrapper"").prepend(vertLine);
  $("".jspsych-content-wrapper"").prepend(linePrompt);
  
  // hide prompt until the trial is begun
  $('#jspsych-content > p').css(""visibility"", ""hidden"");

  // initialize the central image with the most neutral one (i.e. from
  // the middle of the scale) and set the image to be blurred
  var initialImage = imgScale[0];
  $('#jspsych-image-slider-response_noButton-stimulus').append(`<img src=""${initialImage}"" style=""filter:blur(4px);visibility:hidden;"" id=""changeable-image""/>`);

  // ADD VISUAL SCALE SHOWING MIN/MAX
  var scaleWidth = vWidth * 0.6;
  var scaleLeft = vWidth * 0.2;
  var scaleHtml = `
    <div id=""scale-container"" style=""position:absolute; bottom:120px; left:${scaleLeft}px; width:${scaleWidth}px; height:30px; background-color:rgba(220,220,220,0.7); border-radius:5px; display:none; z-index:10;"">
      <div style=""position:absolute; left:0px; width:2px; height:30px; background-color:black;""></div>
      <div style=""position:absolute; left:0px; top:32px; font-size:12px; color:black;"">Min (1)</div>
      <div style=""position:absolute; right:0px; width:2px; height:30px; background-color:black;""></div>
      <div style=""position:absolute; right:0px; top:32px; font-size:12px; color:black;"">Max (50)</div>
      <div id=""current-marker"" style=""position:absolute; left:0px; width:2px; height:30px; background-color:blue; display:none;""></div>
    </div>
  `;
  $("".jspsych-content-wrapper"").append(scaleHtml);

  // workaround with a global variable
  window.__imageMouseOver = {
    lineSlice: lineSlice,
    slices: slices,
    nScale: nScale,
    imgBase: imgBase,
    startTime: startTime,
    trialData: trialData,
    sliceSelected: 0,
  };
  var __listenerBools = {};

  // define mousemove event listener that changes image
  function changeImg(event) {
    var mouseX = Math.floor(event.pageX);
    
    // Show the scale after interaction begins
    $(""#scale-container"").css(""display"", ""block"");
    
    // Update current marker position based on mouse position
    var scaleWidth = $(""#scale-container"").width();
    var relativePos = Math.max(0, Math.min(mouseX - scaleLeft, scaleWidth));
    var percentPos = (relativePos / scaleWidth) * 100;
    
    $(""#current-marker"").css({
      ""left"": `${relativePos}px`,
      ""display"": ""block""
    });
    
    for (var i = 0; i < __imageMouseOver.slices.length; i++) {
      // if mouse X position is within the bounds of the X axis slice,
      // change the image to one that is indexed to that slice
      if (mouseX >= __imageMouseOver.slices[i][0] && mouseX <= __imageMouseOver.slices[i][1]) {
        // capture which slice is selected
        __imageMouseOver.sliceSelected = i;
        // update img src to the picture that corresponds to that slice
        $('#changeable-image').attr('src', `img/${__imageMouseOver.imgBase}${__imageMouseOver.nScale[i]}.jpg`);
      }
    };
  };
  
  // define the click listener that ends trial
  function clickHandler(event) {
    if (__listenerBools['mousemove']) {
      // derive trial data
      var trialData = __imageMouseOver.trialData;
      var end_time = (new Date()).getTime();
      var rt = end_time - __imageMouseOver.startTime;
      trialData['rt'] = rt;
      trialData['stimulus_duration'] = rt;
      trialData['trial_duration'] = rt;
      trialData['imageSelected'] = `${__imageMouseOver.imgBase}${__imageMouseOver.nScale[__imageMouseOver.sliceSelected]}.jpg`
      trialData['indexSelected'] = __imageMouseOver.sliceSelected;
      // turn off listeners
      $(document).off('mousemove');
      $(document).off('click');
      // clean up variable namespaces
      delete window.__imageMouseOver
      delete __listenerBools;
      // clean up scale
      $(""#scale-container"").remove();
      // finish the trial with trial data
      jsPsych.finishTrial(trialData);
    };
  };

  function verticalLineInit(event) {
    var mouseX = Math.floor(event.pageX);
    if (mouseX <= __imageMouseOver.lineSlice) {
      $(""#vertLine"").remove();
      $(""#linePrompt"").remove();
      $(""#jspsych-image-slider-response_noButton-stimulus > img"").css({
        ""filter"":""blur(0px)"",
        ""visibility"": ""visible"",
      });
      $('#jspsych-content > p').css(""visibility"", ""visible"");
      $('.jspsych-image-slider-response_noButton-').css(""visibility"", ""visible"");
      
      __listenerBools['mousemove'] = true;
      // turn off THIS mouse move listener
      $(document).off(""mousemove"");
      // turn on the mouse move listener that changes the image
      $(document).mousemove(changeImg);
      // add mouse click listener
      $(document).on('click', clickHandler);
    };
  };

  // turn on the vertical line mouse move listener
  $(document).mousemove(verticalLineInit);
}","[object Object]","0","","Continue","6248","6248","true","blue32.jpg","31","avg","500","blue","2","[31,39]","35","three giraffes","28","blue","",""
"html-keyboard-response","93","452558","0.0-93.0","573b8bc2f3580b0006ce0986","null","","","","<p style=""font-size: 48px;""> + </p>","null","fixation","","","","","","","","","","","","","","","","","","","","","","","","","blue","",""
"html-keyboard-response","94","454075","0.0-94.0","573b8bc2f3580b0006ce0986","null","","","","<span class='grid'><div class='blue' style='background-position:2300% 0%;margin-top:43px'></div> <div> </div> <div> </div> <div class='blue' style='background-position:3000% 0%;margin-top:46px'></div> <div class='blue' style='background-position:1500% 0%;margin-top:25px'></div> <div class='blue' style='background-position:2200% 0%;margin-top:49px'></div> <div class='blue' style='background-position:2600% 0%;margin-top:30px'></div> <div> </div> <div class='blue' style='background-position:2700% 0%;margin-top:22px'></div> <div> </div> <div> </div> <div> </div> <div> </div> <div> </div> <div class='blue' style='background-position:3300% 0%;margin-top:41px'></div> <div class='blue' style='background-position:1900% 0%;margin-top:45px'></div> <div class='blue' style='background-position:3100% 0%;margin-top:40px'></div> <div class='blue' style='background-position:1600% 0%;margin-top:42px'></div></span>","null","stimulus","{""index"":15,""type"":""experimental"",""array_length"":2,""meanVal"":35,""color"":""blue""}","","","","","","","","","","","","","","","","","","","","","","","","blue","",""
"image-slider-response_noButton","95","461915","0.0-95.0","573b8bc2f3580b0006ce0986","7839","","","","img/blue1.jpg,img/blue2.jpg,img/blue3.jpg,img/blue4.jpg,img/blue5.jpg,img/blue6.jpg,img/blue7.jpg,img/blue8.jpg,img/blue9.jpg,img/blue10.jpg,img/blue11.jpg,img/blue12.jpg,img/blue13.jpg,img/blue14.jpg,img/blue15.jpg,img/blue16.jpg,img/blue17.jpg,img/blue18.jpg,img/blue19.jpg,img/blue20.jpg,img/blue21.jpg,img/blue22.jpg,img/blue23.jpg,img/blue24.jpg,img/blue25.jpg,img/blue26.jpg,img/blue27.jpg,img/blue28.jpg,img/blue29.jpg,img/blue30.jpg,img/blue31.jpg,img/blue32.jpg,img/blue33.jpg,img/blue34.jpg,img/blue35.jpg,img/blue36.jpg,img/blue37.jpg,img/blue38.jpg,img/blue39.jpg,img/blue40.jpg,img/blue41.jpg,img/blue42.jpg,img/blue43.jpg,img/blue44.jpg,img/blue45.jpg,img/blue46.jpg,img/blue47.jpg,img/blue48.jpg,img/blue49.jpg,img/blue50.jpg","","response","{""index"":16,""type"":""experimental"",""array_length"":10,""meanVal"":24,""color"":""blue""}","image-slider-response_noButton","<p>what was the average blueness of the array?</p>","1","50","0","function morphedScaleBlue() {
  // defining a few helper functions
  function nrange(size, startAt = 0) {
    return [...Array(size).keys()].map(i => i + startAt);
  };

  function fillArray(value, len) {
    var arr = [];
    for (var i = 0; i < len; i++) {
      arr.push(value);
    }
    return arr;
  };

  function generateSlices(vWidth, nSlices) {
    var step = vWidth*0.6/(nSlices-2);
    var stepArray = fillArray(step,nSlices-2)
    stepArray.unshift(0.2*vWidth)
    stepArray.push(0.2*vWidth)

    var bounds = [];
    
    for (var i = 0; i < nSlices; i++) {
      if (i==0) {
        bounds.push([(i*stepArray[i]), (i*stepArray[i])+stepArray[i]])
      } else if (i>0 && i!=nSlices-1) {
        bounds.push([(i*stepArray[i]+0.2*vWidth), (i*stepArray[i])+stepArray[i]+0.2*vWidth])
      } else {
        bounds.push([(vWidth-0.2*vWidth), vWidth])  
      }
    };
    return bounds;
  };
  
  // start trial timer
  var startTime = (new Date()).getTime();
  // get trial data
  var trialData = jsPsych.currentTrial();

  // remove the picture scales and the slider
  $('.jspsych-image-slider-response_noButton-container').css(""visibility"", ""hidden"");
  $('img').remove();
  
  // Remove mondrian background for rating phase
  $('body').css('background-image', 'none');

  var imgScale = getScaleBlue();
  
  // derive the letter of the image filenames
  var imgBase = imgScale[0].split('img/')[1].split('.jpg')[0].replace(/\d+/g, '');
  
  // split the number of the image filenames off from the rest of it
  var nScale = [];
  for (var i = 0; i < imgScale.length-1; i++) {
    var n = imgScale[i].split('img/')[1].split('.jpg')[0].split(imgBase)[1];
    nScale.push(n);
  };
  
  // calculate the element width, and slice it up into sections
  var vWidth = $(document).width();
  var nSlices = nScale.length;
  var slices = generateSlices(vWidth, nSlices);

  // setting up initial vertical line to start the mousemove functionality
  var vHeight = $(document).height()-8;
  var lineSlice = vWidth / 10;
  var vertLine = `<div style=""border-left:black;border-style:solid;margin-left:${lineSlice}px; height:${vHeight}px;width:0px;position:absolute;"" id=""vertLine""></div>`;
  var linePrompt = `<div id=""linePrompt""><div style=""font-size:50px;position:absolute;margin-left:${lineSlice*1.3}px;margin-top:${vHeight/2}px""></div><div style=""position:absolute;margin-left:${lineSlice*1.2}px;margin-top:${vHeight/2}px;z-index:5;"">Move mouse left of the line to begin</div></div>`;
  $("".jspsych-content-wrapper"").prepend(vertLine);
  $("".jspsych-content-wrapper"").prepend(linePrompt);
  
  // hide prompt until the trial is begun
  $('#jspsych-content > p').css(""visibility"", ""hidden"");

  // initialize the central image with the most neutral one (i.e. from
  // the middle of the scale) and set the image to be blurred
  var initialImage = imgScale[0];
  $('#jspsych-image-slider-response_noButton-stimulus').append(`<img src=""${initialImage}"" style=""filter:blur(4px);visibility:hidden;"" id=""changeable-image""/>`);

  // ADD VISUAL SCALE SHOWING MIN/MAX
  var scaleWidth = vWidth * 0.6;
  var scaleLeft = vWidth * 0.2;
  var scaleHtml = `
    <div id=""scale-container"" style=""position:absolute; bottom:120px; left:${scaleLeft}px; width:${scaleWidth}px; height:30px; background-color:rgba(220,220,220,0.7); border-radius:5px; display:none; z-index:10;"">
      <div style=""position:absolute; left:0px; width:2px; height:30px; background-color:black;""></div>
      <div style=""position:absolute; left:0px; top:32px; font-size:12px; color:black;"">Min (1)</div>
      <div style=""position:absolute; right:0px; width:2px; height:30px; background-color:black;""></div>
      <div style=""position:absolute; right:0px; top:32px; font-size:12px; color:black;"">Max (50)</div>
      <div id=""current-marker"" style=""position:absolute; left:0px; width:2px; height:30px; background-color:blue; display:none;""></div>
    </div>
  `;
  $("".jspsych-content-wrapper"").append(scaleHtml);

  // workaround with a global variable
  window.__imageMouseOver = {
    lineSlice: lineSlice,
    slices: slices,
    nScale: nScale,
    imgBase: imgBase,
    startTime: startTime,
    trialData: trialData,
    sliceSelected: 0,
  };
  var __listenerBools = {};

  // define mousemove event listener that changes image
  function changeImg(event) {
    var mouseX = Math.floor(event.pageX);
    
    // Show the scale after interaction begins
    $(""#scale-container"").css(""display"", ""block"");
    
    // Update current marker position based on mouse position
    var scaleWidth = $(""#scale-container"").width();
    var relativePos = Math.max(0, Math.min(mouseX - scaleLeft, scaleWidth));
    var percentPos = (relativePos / scaleWidth) * 100;
    
    $(""#current-marker"").css({
      ""left"": `${relativePos}px`,
      ""display"": ""block""
    });
    
    for (var i = 0; i < __imageMouseOver.slices.length; i++) {
      // if mouse X position is within the bounds of the X axis slice,
      // change the image to one that is indexed to that slice
      if (mouseX >= __imageMouseOver.slices[i][0] && mouseX <= __imageMouseOver.slices[i][1]) {
        // capture which slice is selected
        __imageMouseOver.sliceSelected = i;
        // update img src to the picture that corresponds to that slice
        $('#changeable-image').attr('src', `img/${__imageMouseOver.imgBase}${__imageMouseOver.nScale[i]}.jpg`);
      }
    };
  };
  
  // define the click listener that ends trial
  function clickHandler(event) {
    if (__listenerBools['mousemove']) {
      // derive trial data
      var trialData = __imageMouseOver.trialData;
      var end_time = (new Date()).getTime();
      var rt = end_time - __imageMouseOver.startTime;
      trialData['rt'] = rt;
      trialData['stimulus_duration'] = rt;
      trialData['trial_duration'] = rt;
      trialData['imageSelected'] = `${__imageMouseOver.imgBase}${__imageMouseOver.nScale[__imageMouseOver.sliceSelected]}.jpg`
      trialData['indexSelected'] = __imageMouseOver.sliceSelected;
      // turn off listeners
      $(document).off('mousemove');
      $(document).off('click');
      // clean up variable namespaces
      delete window.__imageMouseOver
      delete __listenerBools;
      // clean up scale
      $(""#scale-container"").remove();
      // finish the trial with trial data
      jsPsych.finishTrial(trialData);
    };
  };

  function verticalLineInit(event) {
    var mouseX = Math.floor(event.pageX);
    if (mouseX <= __imageMouseOver.lineSlice) {
      $(""#vertLine"").remove();
      $(""#linePrompt"").remove();
      $(""#jspsych-image-slider-response_noButton-stimulus > img"").css({
        ""filter"":""blur(0px)"",
        ""visibility"": ""visible"",
      });
      $('#jspsych-content > p').css(""visibility"", ""visible"");
      $('.jspsych-image-slider-response_noButton-').css(""visibility"", ""visible"");
      
      __listenerBools['mousemove'] = true;
      // turn off THIS mouse move listener
      $(document).off(""mousemove"");
      // turn on the mouse move listener that changes the image
      $(document).mousemove(changeImg);
      // add mouse click listener
      $(document).on('click', clickHandler);
    };
  };

  // turn on the vertical line mouse move listener
  $(document).mousemove(verticalLineInit);
}","[object Object]","0","","Continue","7839","7839","true","blue31.jpg","30","avg","500","blue","10","[15,19,16,22,23,26,27,30,31,33]","24","three giraffes","29","blue","",""
"html-keyboard-response","96","462325","0.0-96.0","573b8bc2f3580b0006ce0986","null","","","","<p style=""font-size: 48px;""> + </p>","null","fixation","","","","","","","","","","","","","","","","","","","","","","","","","blue","",""
"html-keyboard-response","97","463835","0.0-97.0","573b8bc2f3580b0006ce0986","null","","","","<span class='grid'><div class='blue' style='background-position:2300% 0%;margin-top:26px'></div> <div class='blue' style='background-position:1200% 0%;margin-top:21px'></div> <div> </div> <div class='blue' style='background-position:2000% 0%;margin-top:22px'></div> <div> </div> <div class='blue' style='background-position:1700% 0%;margin-top:37px'></div> <div> </div> <div> </div> <div> </div> <div> </div> <div class='blue' style='background-position:600% 0%;margin-top:37px'></div> <div class='blue' style='background-position:500% 0%;margin-top:29px'></div> <div class='blue' style='background-position:1600% 0%;margin-top:50px'></div> <div> </div> <div class='blue' style='background-position:2100% 0%;margin-top:23px'></div> <div class='blue' style='background-position:900% 0%;margin-top:50px'></div> <div class='blue' style='background-position:1300% 0%;margin-top:41px'></div> <div> </div></span>","null","stimulus","{""index"":16,""type"":""experimental"",""array_length"":10,""meanVal"":24,""color"":""blue""}","","","","","","","","","","","","","","","","","","","","","","","","blue","",""
"image-slider-response_noButton","98","474302","0.0-98.0","573b8bc2f3580b0006ce0986","10466","","","","img/blue1.jpg,img/blue2.jpg,img/blue3.jpg,img/blue4.jpg,img/blue5.jpg,img/blue6.jpg,img/blue7.jpg,img/blue8.jpg,img/blue9.jpg,img/blue10.jpg,img/blue11.jpg,img/blue12.jpg,img/blue13.jpg,img/blue14.jpg,img/blue15.jpg,img/blue16.jpg,img/blue17.jpg,img/blue18.jpg,img/blue19.jpg,img/blue20.jpg,img/blue21.jpg,img/blue22.jpg,img/blue23.jpg,img/blue24.jpg,img/blue25.jpg,img/blue26.jpg,img/blue27.jpg,img/blue28.jpg,img/blue29.jpg,img/blue30.jpg,img/blue31.jpg,img/blue32.jpg,img/blue33.jpg,img/blue34.jpg,img/blue35.jpg,img/blue36.jpg,img/blue37.jpg,img/blue38.jpg,img/blue39.jpg,img/blue40.jpg,img/blue41.jpg,img/blue42.jpg,img/blue43.jpg,img/blue44.jpg,img/blue45.jpg,img/blue46.jpg,img/blue47.jpg,img/blue48.jpg,img/blue49.jpg,img/blue50.jpg","","response","{""index"":17,""type"":""experimental"",""array_length"":10,""meanVal"":14,""color"":""blue""}","image-slider-response_noButton","<p>what was the average blueness of the array?</p>","1","50","0","function morphedScaleBlue() {
  // defining a few helper functions
  function nrange(size, startAt = 0) {
    return [...Array(size).keys()].map(i => i + startAt);
  };

  function fillArray(value, len) {
    var arr = [];
    for (var i = 0; i < len; i++) {
      arr.push(value);
    }
    return arr;
  };

  function generateSlices(vWidth, nSlices) {
    var step = vWidth*0.6/(nSlices-2);
    var stepArray = fillArray(step,nSlices-2)
    stepArray.unshift(0.2*vWidth)
    stepArray.push(0.2*vWidth)

    var bounds = [];
    
    for (var i = 0; i < nSlices; i++) {
      if (i==0) {
        bounds.push([(i*stepArray[i]), (i*stepArray[i])+stepArray[i]])
      } else if (i>0 && i!=nSlices-1) {
        bounds.push([(i*stepArray[i]+0.2*vWidth), (i*stepArray[i])+stepArray[i]+0.2*vWidth])
      } else {
        bounds.push([(vWidth-0.2*vWidth), vWidth])  
      }
    };
    return bounds;
  };
  
  // start trial timer
  var startTime = (new Date()).getTime();
  // get trial data
  var trialData = jsPsych.currentTrial();

  // remove the picture scales and the slider
  $('.jspsych-image-slider-response_noButton-container').css(""visibility"", ""hidden"");
  $('img').remove();
  
  // Remove mondrian background for rating phase
  $('body').css('background-image', 'none');

  var imgScale = getScaleBlue();
  
  // derive the letter of the image filenames
  var imgBase = imgScale[0].split('img/')[1].split('.jpg')[0].replace(/\d+/g, '');
  
  // split the number of the image filenames off from the rest of it
  var nScale = [];
  for (var i = 0; i < imgScale.length-1; i++) {
    var n = imgScale[i].split('img/')[1].split('.jpg')[0].split(imgBase)[1];
    nScale.push(n);
  };
  
  // calculate the element width, and slice it up into sections
  var vWidth = $(document).width();
  var nSlices = nScale.length;
  var slices = generateSlices(vWidth, nSlices);

  // setting up initial vertical line to start the mousemove functionality
  var vHeight = $(document).height()-8;
  var lineSlice = vWidth / 10;
  var vertLine = `<div style=""border-left:black;border-style:solid;margin-left:${lineSlice}px; height:${vHeight}px;width:0px;position:absolute;"" id=""vertLine""></div>`;
  var linePrompt = `<div id=""linePrompt""><div style=""font-size:50px;position:absolute;margin-left:${lineSlice*1.3}px;margin-top:${vHeight/2}px""></div><div style=""position:absolute;margin-left:${lineSlice*1.2}px;margin-top:${vHeight/2}px;z-index:5;"">Move mouse left of the line to begin</div></div>`;
  $("".jspsych-content-wrapper"").prepend(vertLine);
  $("".jspsych-content-wrapper"").prepend(linePrompt);
  
  // hide prompt until the trial is begun
  $('#jspsych-content > p').css(""visibility"", ""hidden"");

  // initialize the central image with the most neutral one (i.e. from
  // the middle of the scale) and set the image to be blurred
  var initialImage = imgScale[0];
  $('#jspsych-image-slider-response_noButton-stimulus').append(`<img src=""${initialImage}"" style=""filter:blur(4px);visibility:hidden;"" id=""changeable-image""/>`);

  // ADD VISUAL SCALE SHOWING MIN/MAX
  var scaleWidth = vWidth * 0.6;
  var scaleLeft = vWidth * 0.2;
  var scaleHtml = `
    <div id=""scale-container"" style=""position:absolute; bottom:120px; left:${scaleLeft}px; width:${scaleWidth}px; height:30px; background-color:rgba(220,220,220,0.7); border-radius:5px; display:none; z-index:10;"">
      <div style=""position:absolute; left:0px; width:2px; height:30px; background-color:black;""></div>
      <div style=""position:absolute; left:0px; top:32px; font-size:12px; color:black;"">Min (1)</div>
      <div style=""position:absolute; right:0px; width:2px; height:30px; background-color:black;""></div>
      <div style=""position:absolute; right:0px; top:32px; font-size:12px; color:black;"">Max (50)</div>
      <div id=""current-marker"" style=""position:absolute; left:0px; width:2px; height:30px; background-color:blue; display:none;""></div>
    </div>
  `;
  $("".jspsych-content-wrapper"").append(scaleHtml);

  // workaround with a global variable
  window.__imageMouseOver = {
    lineSlice: lineSlice,
    slices: slices,
    nScale: nScale,
    imgBase: imgBase,
    startTime: startTime,
    trialData: trialData,
    sliceSelected: 0,
  };
  var __listenerBools = {};

  // define mousemove event listener that changes image
  function changeImg(event) {
    var mouseX = Math.floor(event.pageX);
    
    // Show the scale after interaction begins
    $(""#scale-container"").css(""display"", ""block"");
    
    // Update current marker position based on mouse position
    var scaleWidth = $(""#scale-container"").width();
    var relativePos = Math.max(0, Math.min(mouseX - scaleLeft, scaleWidth));
    var percentPos = (relativePos / scaleWidth) * 100;
    
    $(""#current-marker"").css({
      ""left"": `${relativePos}px`,
      ""display"": ""block""
    });
    
    for (var i = 0; i < __imageMouseOver.slices.length; i++) {
      // if mouse X position is within the bounds of the X axis slice,
      // change the image to one that is indexed to that slice
      if (mouseX >= __imageMouseOver.slices[i][0] && mouseX <= __imageMouseOver.slices[i][1]) {
        // capture which slice is selected
        __imageMouseOver.sliceSelected = i;
        // update img src to the picture that corresponds to that slice
        $('#changeable-image').attr('src', `img/${__imageMouseOver.imgBase}${__imageMouseOver.nScale[i]}.jpg`);
      }
    };
  };
  
  // define the click listener that ends trial
  function clickHandler(event) {
    if (__listenerBools['mousemove']) {
      // derive trial data
      var trialData = __imageMouseOver.trialData;
      var end_time = (new Date()).getTime();
      var rt = end_time - __imageMouseOver.startTime;
      trialData['rt'] = rt;
      trialData['stimulus_duration'] = rt;
      trialData['trial_duration'] = rt;
      trialData['imageSelected'] = `${__imageMouseOver.imgBase}${__imageMouseOver.nScale[__imageMouseOver.sliceSelected]}.jpg`
      trialData['indexSelected'] = __imageMouseOver.sliceSelected;
      // turn off listeners
      $(document).off('mousemove');
      $(document).off('click');
      // clean up variable namespaces
      delete window.__imageMouseOver
      delete __listenerBools;
      // clean up scale
      $(""#scale-container"").remove();
      // finish the trial with trial data
      jsPsych.finishTrial(trialData);
    };
  };

  function verticalLineInit(event) {
    var mouseX = Math.floor(event.pageX);
    if (mouseX <= __imageMouseOver.lineSlice) {
      $(""#vertLine"").remove();
      $(""#linePrompt"").remove();
      $(""#jspsych-image-slider-response_noButton-stimulus > img"").css({
        ""filter"":""blur(0px)"",
        ""visibility"": ""visible"",
      });
      $('#jspsych-content > p').css(""visibility"", ""visible"");
      $('.jspsych-image-slider-response_noButton-').css(""visibility"", ""visible"");
      
      __listenerBools['mousemove'] = true;
      // turn off THIS mouse move listener
      $(document).off(""mousemove"");
      // turn on the mouse move listener that changes the image
      $(document).mousemove(changeImg);
      // add mouse click listener
      $(document).on('click', clickHandler);
    };
  };

  // turn on the vertical line mouse move listener
  $(document).mousemove(verticalLineInit);
}","[object Object]","0","","Continue","10466","10466","true","blue20.jpg","19","avg","400","blue","10","[5,9,6,12,13,16,17,20,21,23]","14","three giraffes","30","blue","",""
"html-keyboard-response","99","474904","0.0-99.0","573b8bc2f3580b0006ce0986","null","","","","<p style=""font-size: 48px;""> + </p>","null","fixation","","","","","","","","","","","","","","","","","","","","","","","","","blue","",""
"html-keyboard-response","100","476409","0.0-100.0","573b8bc2f3580b0006ce0986","null","","","","<span class='grid'><div class='blue' style='background-position:1600% 0%;margin-top:28px'></div> <div> </div> <div> </div> <div class='blue' style='background-position:2400% 0%;margin-top:26px'></div> <div class='blue' style='background-position:2000% 0%;margin-top:30px'></div> <div> </div> <div class='blue' style='background-position:2700% 0%;margin-top:48px'></div> <div class='blue' style='background-position:2500% 0%;margin-top:42px'></div> <div class='blue' style='background-position:900% 0%;margin-top:50px'></div> <div> </div> <div class='blue' style='background-position:1700% 0%;margin-top:42px'></div> <div> </div> <div class='blue' style='background-position:1300% 0%;margin-top:21px'></div> <div> </div> <div class='blue' style='background-position:2100% 0%;margin-top:37px'></div> <div class='blue' style='background-position:1000% 0%;margin-top:35px'></div> <div> </div> <div> </div></span>","null","stimulus","{""index"":17,""type"":""experimental"",""array_length"":10,""meanVal"":14,""color"":""blue""}","","","","","","","","","","","","","","","","","","","","","","","","blue","",""
"image-slider-response_noButton","101","485097","0.0-101.0","573b8bc2f3580b0006ce0986","8687","","","","img/blue1.jpg,img/blue2.jpg,img/blue3.jpg,img/blue4.jpg,img/blue5.jpg,img/blue6.jpg,img/blue7.jpg,img/blue8.jpg,img/blue9.jpg,img/blue10.jpg,img/blue11.jpg,img/blue12.jpg,img/blue13.jpg,img/blue14.jpg,img/blue15.jpg,img/blue16.jpg,img/blue17.jpg,img/blue18.jpg,img/blue19.jpg,img/blue20.jpg,img/blue21.jpg,img/blue22.jpg,img/blue23.jpg,img/blue24.jpg,img/blue25.jpg,img/blue26.jpg,img/blue27.jpg,img/blue28.jpg,img/blue29.jpg,img/blue30.jpg,img/blue31.jpg,img/blue32.jpg,img/blue33.jpg,img/blue34.jpg,img/blue35.jpg,img/blue36.jpg,img/blue37.jpg,img/blue38.jpg,img/blue39.jpg,img/blue40.jpg,img/blue41.jpg,img/blue42.jpg,img/blue43.jpg,img/blue44.jpg,img/blue45.jpg,img/blue46.jpg,img/blue47.jpg,img/blue48.jpg,img/blue49.jpg,img/blue50.jpg","","response","{""index"":18,""type"":""experimental"",""array_length"":10,""meanVal"":18,""color"":""blue""}","image-slider-response_noButton","<p>what was the average blueness of the array?</p>","1","50","0","function morphedScaleBlue() {
  // defining a few helper functions
  function nrange(size, startAt = 0) {
    return [...Array(size).keys()].map(i => i + startAt);
  };

  function fillArray(value, len) {
    var arr = [];
    for (var i = 0; i < len; i++) {
      arr.push(value);
    }
    return arr;
  };

  function generateSlices(vWidth, nSlices) {
    var step = vWidth*0.6/(nSlices-2);
    var stepArray = fillArray(step,nSlices-2)
    stepArray.unshift(0.2*vWidth)
    stepArray.push(0.2*vWidth)

    var bounds = [];
    
    for (var i = 0; i < nSlices; i++) {
      if (i==0) {
        bounds.push([(i*stepArray[i]), (i*stepArray[i])+stepArray[i]])
      } else if (i>0 && i!=nSlices-1) {
        bounds.push([(i*stepArray[i]+0.2*vWidth), (i*stepArray[i])+stepArray[i]+0.2*vWidth])
      } else {
        bounds.push([(vWidth-0.2*vWidth), vWidth])  
      }
    };
    return bounds;
  };
  
  // start trial timer
  var startTime = (new Date()).getTime();
  // get trial data
  var trialData = jsPsych.currentTrial();

  // remove the picture scales and the slider
  $('.jspsych-image-slider-response_noButton-container').css(""visibility"", ""hidden"");
  $('img').remove();
  
  // Remove mondrian background for rating phase
  $('body').css('background-image', 'none');

  var imgScale = getScaleBlue();
  
  // derive the letter of the image filenames
  var imgBase = imgScale[0].split('img/')[1].split('.jpg')[0].replace(/\d+/g, '');
  
  // split the number of the image filenames off from the rest of it
  var nScale = [];
  for (var i = 0; i < imgScale.length-1; i++) {
    var n = imgScale[i].split('img/')[1].split('.jpg')[0].split(imgBase)[1];
    nScale.push(n);
  };
  
  // calculate the element width, and slice it up into sections
  var vWidth = $(document).width();
  var nSlices = nScale.length;
  var slices = generateSlices(vWidth, nSlices);

  // setting up initial vertical line to start the mousemove functionality
  var vHeight = $(document).height()-8;
  var lineSlice = vWidth / 10;
  var vertLine = `<div style=""border-left:black;border-style:solid;margin-left:${lineSlice}px; height:${vHeight}px;width:0px;position:absolute;"" id=""vertLine""></div>`;
  var linePrompt = `<div id=""linePrompt""><div style=""font-size:50px;position:absolute;margin-left:${lineSlice*1.3}px;margin-top:${vHeight/2}px""></div><div style=""position:absolute;margin-left:${lineSlice*1.2}px;margin-top:${vHeight/2}px;z-index:5;"">Move mouse left of the line to begin</div></div>`;
  $("".jspsych-content-wrapper"").prepend(vertLine);
  $("".jspsych-content-wrapper"").prepend(linePrompt);
  
  // hide prompt until the trial is begun
  $('#jspsych-content > p').css(""visibility"", ""hidden"");

  // initialize the central image with the most neutral one (i.e. from
  // the middle of the scale) and set the image to be blurred
  var initialImage = imgScale[0];
  $('#jspsych-image-slider-response_noButton-stimulus').append(`<img src=""${initialImage}"" style=""filter:blur(4px);visibility:hidden;"" id=""changeable-image""/>`);

  // ADD VISUAL SCALE SHOWING MIN/MAX
  var scaleWidth = vWidth * 0.6;
  var scaleLeft = vWidth * 0.2;
  var scaleHtml = `
    <div id=""scale-container"" style=""position:absolute; bottom:120px; left:${scaleLeft}px; width:${scaleWidth}px; height:30px; background-color:rgba(220,220,220,0.7); border-radius:5px; display:none; z-index:10;"">
      <div style=""position:absolute; left:0px; width:2px; height:30px; background-color:black;""></div>
      <div style=""position:absolute; left:0px; top:32px; font-size:12px; color:black;"">Min (1)</div>
      <div style=""position:absolute; right:0px; width:2px; height:30px; background-color:black;""></div>
      <div style=""position:absolute; right:0px; top:32px; font-size:12px; color:black;"">Max (50)</div>
      <div id=""current-marker"" style=""position:absolute; left:0px; width:2px; height:30px; background-color:blue; display:none;""></div>
    </div>
  `;
  $("".jspsych-content-wrapper"").append(scaleHtml);

  // workaround with a global variable
  window.__imageMouseOver = {
    lineSlice: lineSlice,
    slices: slices,
    nScale: nScale,
    imgBase: imgBase,
    startTime: startTime,
    trialData: trialData,
    sliceSelected: 0,
  };
  var __listenerBools = {};

  // define mousemove event listener that changes image
  function changeImg(event) {
    var mouseX = Math.floor(event.pageX);
    
    // Show the scale after interaction begins
    $(""#scale-container"").css(""display"", ""block"");
    
    // Update current marker position based on mouse position
    var scaleWidth = $(""#scale-container"").width();
    var relativePos = Math.max(0, Math.min(mouseX - scaleLeft, scaleWidth));
    var percentPos = (relativePos / scaleWidth) * 100;
    
    $(""#current-marker"").css({
      ""left"": `${relativePos}px`,
      ""display"": ""block""
    });
    
    for (var i = 0; i < __imageMouseOver.slices.length; i++) {
      // if mouse X position is within the bounds of the X axis slice,
      // change the image to one that is indexed to that slice
      if (mouseX >= __imageMouseOver.slices[i][0] && mouseX <= __imageMouseOver.slices[i][1]) {
        // capture which slice is selected
        __imageMouseOver.sliceSelected = i;
        // update img src to the picture that corresponds to that slice
        $('#changeable-image').attr('src', `img/${__imageMouseOver.imgBase}${__imageMouseOver.nScale[i]}.jpg`);
      }
    };
  };
  
  // define the click listener that ends trial
  function clickHandler(event) {
    if (__listenerBools['mousemove']) {
      // derive trial data
      var trialData = __imageMouseOver.trialData;
      var end_time = (new Date()).getTime();
      var rt = end_time - __imageMouseOver.startTime;
      trialData['rt'] = rt;
      trialData['stimulus_duration'] = rt;
      trialData['trial_duration'] = rt;
      trialData['imageSelected'] = `${__imageMouseOver.imgBase}${__imageMouseOver.nScale[__imageMouseOver.sliceSelected]}.jpg`
      trialData['indexSelected'] = __imageMouseOver.sliceSelected;
      // turn off listeners
      $(document).off('mousemove');
      $(document).off('click');
      // clean up variable namespaces
      delete window.__imageMouseOver
      delete __listenerBools;
      // clean up scale
      $(""#scale-container"").remove();
      // finish the trial with trial data
      jsPsych.finishTrial(trialData);
    };
  };

  function verticalLineInit(event) {
    var mouseX = Math.floor(event.pageX);
    if (mouseX <= __imageMouseOver.lineSlice) {
      $(""#vertLine"").remove();
      $(""#linePrompt"").remove();
      $(""#jspsych-image-slider-response_noButton-stimulus > img"").css({
        ""filter"":""blur(0px)"",
        ""visibility"": ""visible"",
      });
      $('#jspsych-content > p').css(""visibility"", ""visible"");
      $('.jspsych-image-slider-response_noButton-').css(""visibility"", ""visible"");
      
      __listenerBools['mousemove'] = true;
      // turn off THIS mouse move listener
      $(document).off(""mousemove"");
      // turn on the mouse move listener that changes the image
      $(document).mousemove(changeImg);
      // add mouse click listener
      $(document).on('click', clickHandler);
    };
  };

  // turn on the vertical line mouse move listener
  $(document).mousemove(verticalLineInit);
}","[object Object]","0","","Continue","8687","8687","true","blue19.jpg","18","avg","600","blue","10","[9,13,10,16,17,20,21,24,25,27]","18","three giraffes","31","blue","",""
"html-keyboard-response","102","485508","0.0-102.0","573b8bc2f3580b0006ce0986","null","","","","<p style=""font-size: 48px;""> + </p>","null","fixation","","","","","","","","","","","","","","","","","","","","","","","","","blue","",""
"html-keyboard-response","103","487010","0.0-103.0","573b8bc2f3580b0006ce0986","null","","","","<span class='grid'><div> </div> <div> </div> <div> </div> <div> </div> <div class='blue' style='background-position:2800% 0%;margin-top:26px'></div> <div> </div> <div class='blue' style='background-position:2000% 0%;margin-top:30px'></div> <div> </div> <div> </div> <div> </div> <div> </div> <div> </div> <div> </div> <div> </div></span>","null","stimulus","{""index"":18,""type"":""experimental"",""array_length"":10,""meanVal"":18,""color"":""blue""}","","","","","","","","","","","","","","","","","","","","","","","","blue","",""
"image-slider-response_noButton","104","493755","0.0-104.0","573b8bc2f3580b0006ce0986","6744","","","","img/blue1.jpg,img/blue2.jpg,img/blue3.jpg,img/blue4.jpg,img/blue5.jpg,img/blue6.jpg,img/blue7.jpg,img/blue8.jpg,img/blue9.jpg,img/blue10.jpg,img/blue11.jpg,img/blue12.jpg,img/blue13.jpg,img/blue14.jpg,img/blue15.jpg,img/blue16.jpg,img/blue17.jpg,img/blue18.jpg,img/blue19.jpg,img/blue20.jpg,img/blue21.jpg,img/blue22.jpg,img/blue23.jpg,img/blue24.jpg,img/blue25.jpg,img/blue26.jpg,img/blue27.jpg,img/blue28.jpg,img/blue29.jpg,img/blue30.jpg,img/blue31.jpg,img/blue32.jpg,img/blue33.jpg,img/blue34.jpg,img/blue35.jpg,img/blue36.jpg,img/blue37.jpg,img/blue38.jpg,img/blue39.jpg,img/blue40.jpg,img/blue41.jpg,img/blue42.jpg,img/blue43.jpg,img/blue44.jpg,img/blue45.jpg,img/blue46.jpg,img/blue47.jpg,img/blue48.jpg,img/blue49.jpg,img/blue50.jpg","","response","{""index"":19,""type"":""experimental"",""array_length"":2,""meanVal"":24,""color"":""blue""}","image-slider-response_noButton","<p>what was the average blueness of the array?</p>","1","50","0","function morphedScaleBlue() {
  // defining a few helper functions
  function nrange(size, startAt = 0) {
    return [...Array(size).keys()].map(i => i + startAt);
  };

  function fillArray(value, len) {
    var arr = [];
    for (var i = 0; i < len; i++) {
      arr.push(value);
    }
    return arr;
  };

  function generateSlices(vWidth, nSlices) {
    var step = vWidth*0.6/(nSlices-2);
    var stepArray = fillArray(step,nSlices-2)
    stepArray.unshift(0.2*vWidth)
    stepArray.push(0.2*vWidth)

    var bounds = [];
    
    for (var i = 0; i < nSlices; i++) {
      if (i==0) {
        bounds.push([(i*stepArray[i]), (i*stepArray[i])+stepArray[i]])
      } else if (i>0 && i!=nSlices-1) {
        bounds.push([(i*stepArray[i]+0.2*vWidth), (i*stepArray[i])+stepArray[i]+0.2*vWidth])
      } else {
        bounds.push([(vWidth-0.2*vWidth), vWidth])  
      }
    };
    return bounds;
  };
  
  // start trial timer
  var startTime = (new Date()).getTime();
  // get trial data
  var trialData = jsPsych.currentTrial();

  // remove the picture scales and the slider
  $('.jspsych-image-slider-response_noButton-container').css(""visibility"", ""hidden"");
  $('img').remove();
  
  // Remove mondrian background for rating phase
  $('body').css('background-image', 'none');

  var imgScale = getScaleBlue();
  
  // derive the letter of the image filenames
  var imgBase = imgScale[0].split('img/')[1].split('.jpg')[0].replace(/\d+/g, '');
  
  // split the number of the image filenames off from the rest of it
  var nScale = [];
  for (var i = 0; i < imgScale.length-1; i++) {
    var n = imgScale[i].split('img/')[1].split('.jpg')[0].split(imgBase)[1];
    nScale.push(n);
  };
  
  // calculate the element width, and slice it up into sections
  var vWidth = $(document).width();
  var nSlices = nScale.length;
  var slices = generateSlices(vWidth, nSlices);

  // setting up initial vertical line to start the mousemove functionality
  var vHeight = $(document).height()-8;
  var lineSlice = vWidth / 10;
  var vertLine = `<div style=""border-left:black;border-style:solid;margin-left:${lineSlice}px; height:${vHeight}px;width:0px;position:absolute;"" id=""vertLine""></div>`;
  var linePrompt = `<div id=""linePrompt""><div style=""font-size:50px;position:absolute;margin-left:${lineSlice*1.3}px;margin-top:${vHeight/2}px""></div><div style=""position:absolute;margin-left:${lineSlice*1.2}px;margin-top:${vHeight/2}px;z-index:5;"">Move mouse left of the line to begin</div></div>`;
  $("".jspsych-content-wrapper"").prepend(vertLine);
  $("".jspsych-content-wrapper"").prepend(linePrompt);
  
  // hide prompt until the trial is begun
  $('#jspsych-content > p').css(""visibility"", ""hidden"");

  // initialize the central image with the most neutral one (i.e. from
  // the middle of the scale) and set the image to be blurred
  var initialImage = imgScale[0];
  $('#jspsych-image-slider-response_noButton-stimulus').append(`<img src=""${initialImage}"" style=""filter:blur(4px);visibility:hidden;"" id=""changeable-image""/>`);

  // ADD VISUAL SCALE SHOWING MIN/MAX
  var scaleWidth = vWidth * 0.6;
  var scaleLeft = vWidth * 0.2;
  var scaleHtml = `
    <div id=""scale-container"" style=""position:absolute; bottom:120px; left:${scaleLeft}px; width:${scaleWidth}px; height:30px; background-color:rgba(220,220,220,0.7); border-radius:5px; display:none; z-index:10;"">
      <div style=""position:absolute; left:0px; width:2px; height:30px; background-color:black;""></div>
      <div style=""position:absolute; left:0px; top:32px; font-size:12px; color:black;"">Min (1)</div>
      <div style=""position:absolute; right:0px; width:2px; height:30px; background-color:black;""></div>
      <div style=""position:absolute; right:0px; top:32px; font-size:12px; color:black;"">Max (50)</div>
      <div id=""current-marker"" style=""position:absolute; left:0px; width:2px; height:30px; background-color:blue; display:none;""></div>
    </div>
  `;
  $("".jspsych-content-wrapper"").append(scaleHtml);

  // workaround with a global variable
  window.__imageMouseOver = {
    lineSlice: lineSlice,
    slices: slices,
    nScale: nScale,
    imgBase: imgBase,
    startTime: startTime,
    trialData: trialData,
    sliceSelected: 0,
  };
  var __listenerBools = {};

  // define mousemove event listener that changes image
  function changeImg(event) {
    var mouseX = Math.floor(event.pageX);
    
    // Show the scale after interaction begins
    $(""#scale-container"").css(""display"", ""block"");
    
    // Update current marker position based on mouse position
    var scaleWidth = $(""#scale-container"").width();
    var relativePos = Math.max(0, Math.min(mouseX - scaleLeft, scaleWidth));
    var percentPos = (relativePos / scaleWidth) * 100;
    
    $(""#current-marker"").css({
      ""left"": `${relativePos}px`,
      ""display"": ""block""
    });
    
    for (var i = 0; i < __imageMouseOver.slices.length; i++) {
      // if mouse X position is within the bounds of the X axis slice,
      // change the image to one that is indexed to that slice
      if (mouseX >= __imageMouseOver.slices[i][0] && mouseX <= __imageMouseOver.slices[i][1]) {
        // capture which slice is selected
        __imageMouseOver.sliceSelected = i;
        // update img src to the picture that corresponds to that slice
        $('#changeable-image').attr('src', `img/${__imageMouseOver.imgBase}${__imageMouseOver.nScale[i]}.jpg`);
      }
    };
  };
  
  // define the click listener that ends trial
  function clickHandler(event) {
    if (__listenerBools['mousemove']) {
      // derive trial data
      var trialData = __imageMouseOver.trialData;
      var end_time = (new Date()).getTime();
      var rt = end_time - __imageMouseOver.startTime;
      trialData['rt'] = rt;
      trialData['stimulus_duration'] = rt;
      trialData['trial_duration'] = rt;
      trialData['imageSelected'] = `${__imageMouseOver.imgBase}${__imageMouseOver.nScale[__imageMouseOver.sliceSelected]}.jpg`
      trialData['indexSelected'] = __imageMouseOver.sliceSelected;
      // turn off listeners
      $(document).off('mousemove');
      $(document).off('click');
      // clean up variable namespaces
      delete window.__imageMouseOver
      delete __listenerBools;
      // clean up scale
      $(""#scale-container"").remove();
      // finish the trial with trial data
      jsPsych.finishTrial(trialData);
    };
  };

  function verticalLineInit(event) {
    var mouseX = Math.floor(event.pageX);
    if (mouseX <= __imageMouseOver.lineSlice) {
      $(""#vertLine"").remove();
      $(""#linePrompt"").remove();
      $(""#jspsych-image-slider-response_noButton-stimulus > img"").css({
        ""filter"":""blur(0px)"",
        ""visibility"": ""visible"",
      });
      $('#jspsych-content > p').css(""visibility"", ""visible"");
      $('.jspsych-image-slider-response_noButton-').css(""visibility"", ""visible"");
      
      __listenerBools['mousemove'] = true;
      // turn off THIS mouse move listener
      $(document).off(""mousemove"");
      // turn on the mouse move listener that changes the image
      $(document).mousemove(changeImg);
      // add mouse click listener
      $(document).on('click', clickHandler);
    };
  };

  // turn on the vertical line mouse move listener
  $(document).mousemove(verticalLineInit);
}","[object Object]","0","","Continue","6744","6744","true","blue23.jpg","22","avg","400","blue","2","[20,28]","24","three giraffes","32","blue","",""
"html-keyboard-response","105","494158","0.0-105.0","573b8bc2f3580b0006ce0986","null","","","","<p style=""font-size: 48px;""> + </p>","null","fixation","","","","","","","","","","","","","","","","","","","","","","","","","blue","",""
"html-keyboard-response","106","495670","0.0-106.0","573b8bc2f3580b0006ce0986","null","","","","<span class='grid'><div> </div> <div> </div> <div> </div> <div> </div> <div> </div> <div> </div> <div class='blue' style='background-position:1300% 0%;margin-top:45px'></div> <div> </div> <div class='blue' style='background-position:2100% 0%;margin-top:34px'></div> <div> </div> <div> </div> <div> </div> <div> </div> <div> </div></span>","null","stimulus","{""index"":19,""type"":""experimental"",""array_length"":2,""meanVal"":24,""color"":""blue""}","","","","","","","","","","","","","","","","","","","","","","","","blue","",""
"image-slider-response_noButton","107","502159","0.0-107.0","573b8bc2f3580b0006ce0986","6489","","","","img/blue1.jpg,img/blue2.jpg,img/blue3.jpg,img/blue4.jpg,img/blue5.jpg,img/blue6.jpg,img/blue7.jpg,img/blue8.jpg,img/blue9.jpg,img/blue10.jpg,img/blue11.jpg,img/blue12.jpg,img/blue13.jpg,img/blue14.jpg,img/blue15.jpg,img/blue16.jpg,img/blue17.jpg,img/blue18.jpg,img/blue19.jpg,img/blue20.jpg,img/blue21.jpg,img/blue22.jpg,img/blue23.jpg,img/blue24.jpg,img/blue25.jpg,img/blue26.jpg,img/blue27.jpg,img/blue28.jpg,img/blue29.jpg,img/blue30.jpg,img/blue31.jpg,img/blue32.jpg,img/blue33.jpg,img/blue34.jpg,img/blue35.jpg,img/blue36.jpg,img/blue37.jpg,img/blue38.jpg,img/blue39.jpg,img/blue40.jpg,img/blue41.jpg,img/blue42.jpg,img/blue43.jpg,img/blue44.jpg,img/blue45.jpg,img/blue46.jpg,img/blue47.jpg,img/blue48.jpg,img/blue49.jpg,img/blue50.jpg","","response","{""index"":20,""type"":""experimental"",""array_length"":2,""meanVal"":17,""color"":""blue""}","image-slider-response_noButton","<p>what was the average blueness of the array?</p>","1","50","0","function morphedScaleBlue() {
  // defining a few helper functions
  function nrange(size, startAt = 0) {
    return [...Array(size).keys()].map(i => i + startAt);
  };

  function fillArray(value, len) {
    var arr = [];
    for (var i = 0; i < len; i++) {
      arr.push(value);
    }
    return arr;
  };

  function generateSlices(vWidth, nSlices) {
    var step = vWidth*0.6/(nSlices-2);
    var stepArray = fillArray(step,nSlices-2)
    stepArray.unshift(0.2*vWidth)
    stepArray.push(0.2*vWidth)

    var bounds = [];
    
    for (var i = 0; i < nSlices; i++) {
      if (i==0) {
        bounds.push([(i*stepArray[i]), (i*stepArray[i])+stepArray[i]])
      } else if (i>0 && i!=nSlices-1) {
        bounds.push([(i*stepArray[i]+0.2*vWidth), (i*stepArray[i])+stepArray[i]+0.2*vWidth])
      } else {
        bounds.push([(vWidth-0.2*vWidth), vWidth])  
      }
    };
    return bounds;
  };
  
  // start trial timer
  var startTime = (new Date()).getTime();
  // get trial data
  var trialData = jsPsych.currentTrial();

  // remove the picture scales and the slider
  $('.jspsych-image-slider-response_noButton-container').css(""visibility"", ""hidden"");
  $('img').remove();
  
  // Remove mondrian background for rating phase
  $('body').css('background-image', 'none');

  var imgScale = getScaleBlue();
  
  // derive the letter of the image filenames
  var imgBase = imgScale[0].split('img/')[1].split('.jpg')[0].replace(/\d+/g, '');
  
  // split the number of the image filenames off from the rest of it
  var nScale = [];
  for (var i = 0; i < imgScale.length-1; i++) {
    var n = imgScale[i].split('img/')[1].split('.jpg')[0].split(imgBase)[1];
    nScale.push(n);
  };
  
  // calculate the element width, and slice it up into sections
  var vWidth = $(document).width();
  var nSlices = nScale.length;
  var slices = generateSlices(vWidth, nSlices);

  // setting up initial vertical line to start the mousemove functionality
  var vHeight = $(document).height()-8;
  var lineSlice = vWidth / 10;
  var vertLine = `<div style=""border-left:black;border-style:solid;margin-left:${lineSlice}px; height:${vHeight}px;width:0px;position:absolute;"" id=""vertLine""></div>`;
  var linePrompt = `<div id=""linePrompt""><div style=""font-size:50px;position:absolute;margin-left:${lineSlice*1.3}px;margin-top:${vHeight/2}px""></div><div style=""position:absolute;margin-left:${lineSlice*1.2}px;margin-top:${vHeight/2}px;z-index:5;"">Move mouse left of the line to begin</div></div>`;
  $("".jspsych-content-wrapper"").prepend(vertLine);
  $("".jspsych-content-wrapper"").prepend(linePrompt);
  
  // hide prompt until the trial is begun
  $('#jspsych-content > p').css(""visibility"", ""hidden"");

  // initialize the central image with the most neutral one (i.e. from
  // the middle of the scale) and set the image to be blurred
  var initialImage = imgScale[0];
  $('#jspsych-image-slider-response_noButton-stimulus').append(`<img src=""${initialImage}"" style=""filter:blur(4px);visibility:hidden;"" id=""changeable-image""/>`);

  // ADD VISUAL SCALE SHOWING MIN/MAX
  var scaleWidth = vWidth * 0.6;
  var scaleLeft = vWidth * 0.2;
  var scaleHtml = `
    <div id=""scale-container"" style=""position:absolute; bottom:120px; left:${scaleLeft}px; width:${scaleWidth}px; height:30px; background-color:rgba(220,220,220,0.7); border-radius:5px; display:none; z-index:10;"">
      <div style=""position:absolute; left:0px; width:2px; height:30px; background-color:black;""></div>
      <div style=""position:absolute; left:0px; top:32px; font-size:12px; color:black;"">Min (1)</div>
      <div style=""position:absolute; right:0px; width:2px; height:30px; background-color:black;""></div>
      <div style=""position:absolute; right:0px; top:32px; font-size:12px; color:black;"">Max (50)</div>
      <div id=""current-marker"" style=""position:absolute; left:0px; width:2px; height:30px; background-color:blue; display:none;""></div>
    </div>
  `;
  $("".jspsych-content-wrapper"").append(scaleHtml);

  // workaround with a global variable
  window.__imageMouseOver = {
    lineSlice: lineSlice,
    slices: slices,
    nScale: nScale,
    imgBase: imgBase,
    startTime: startTime,
    trialData: trialData,
    sliceSelected: 0,
  };
  var __listenerBools = {};

  // define mousemove event listener that changes image
  function changeImg(event) {
    var mouseX = Math.floor(event.pageX);
    
    // Show the scale after interaction begins
    $(""#scale-container"").css(""display"", ""block"");
    
    // Update current marker position based on mouse position
    var scaleWidth = $(""#scale-container"").width();
    var relativePos = Math.max(0, Math.min(mouseX - scaleLeft, scaleWidth));
    var percentPos = (relativePos / scaleWidth) * 100;
    
    $(""#current-marker"").css({
      ""left"": `${relativePos}px`,
      ""display"": ""block""
    });
    
    for (var i = 0; i < __imageMouseOver.slices.length; i++) {
      // if mouse X position is within the bounds of the X axis slice,
      // change the image to one that is indexed to that slice
      if (mouseX >= __imageMouseOver.slices[i][0] && mouseX <= __imageMouseOver.slices[i][1]) {
        // capture which slice is selected
        __imageMouseOver.sliceSelected = i;
        // update img src to the picture that corresponds to that slice
        $('#changeable-image').attr('src', `img/${__imageMouseOver.imgBase}${__imageMouseOver.nScale[i]}.jpg`);
      }
    };
  };
  
  // define the click listener that ends trial
  function clickHandler(event) {
    if (__listenerBools['mousemove']) {
      // derive trial data
      var trialData = __imageMouseOver.trialData;
      var end_time = (new Date()).getTime();
      var rt = end_time - __imageMouseOver.startTime;
      trialData['rt'] = rt;
      trialData['stimulus_duration'] = rt;
      trialData['trial_duration'] = rt;
      trialData['imageSelected'] = `${__imageMouseOver.imgBase}${__imageMouseOver.nScale[__imageMouseOver.sliceSelected]}.jpg`
      trialData['indexSelected'] = __imageMouseOver.sliceSelected;
      // turn off listeners
      $(document).off('mousemove');
      $(document).off('click');
      // clean up variable namespaces
      delete window.__imageMouseOver
      delete __listenerBools;
      // clean up scale
      $(""#scale-container"").remove();
      // finish the trial with trial data
      jsPsych.finishTrial(trialData);
    };
  };

  function verticalLineInit(event) {
    var mouseX = Math.floor(event.pageX);
    if (mouseX <= __imageMouseOver.lineSlice) {
      $(""#vertLine"").remove();
      $(""#linePrompt"").remove();
      $(""#jspsych-image-slider-response_noButton-stimulus > img"").css({
        ""filter"":""blur(0px)"",
        ""visibility"": ""visible"",
      });
      $('#jspsych-content > p').css(""visibility"", ""visible"");
      $('.jspsych-image-slider-response_noButton-').css(""visibility"", ""visible"");
      
      __listenerBools['mousemove'] = true;
      // turn off THIS mouse move listener
      $(document).off(""mousemove"");
      // turn on the mouse move listener that changes the image
      $(document).mousemove(changeImg);
      // add mouse click listener
      $(document).on('click', clickHandler);
    };
  };

  // turn on the vertical line mouse move listener
  $(document).mousemove(verticalLineInit);
}","[object Object]","0","","Continue","6489","6489","true","blue18.jpg","17","avg","400","blue","2","[13,21]","17","three giraffes","33","blue","",""
"html-keyboard-response","108","502769","0.0-108.0","573b8bc2f3580b0006ce0986","null","","","","<p style=""font-size: 48px;""> + </p>","null","fixation","","","","","","","","","","","","","","","","","","","","","","","","","blue","",""
"html-keyboard-response","109","504281","0.0-109.0","573b8bc2f3580b0006ce0986","null","","","","<span class='grid'><div> </div> <div> </div> <div> </div> <div> </div> <div> </div> <div> </div> <div> </div> <div class='blue' style='background-position:1800% 0%;margin-top:23px'></div> <div> </div> <div> </div> <div> </div> <div class='blue' style='background-position:1000% 0%;margin-top:36px'></div> <div> </div> <div> </div></span>","null","stimulus","{""index"":20,""type"":""experimental"",""array_length"":2,""meanVal"":17,""color"":""blue""}","","","","","","","","","","","","","","","","","","","","","","","","blue","",""
"image-slider-response_noButton","110","509919","0.0-110.0","573b8bc2f3580b0006ce0986","5637","","","","img/blue1.jpg,img/blue2.jpg,img/blue3.jpg,img/blue4.jpg,img/blue5.jpg,img/blue6.jpg,img/blue7.jpg,img/blue8.jpg,img/blue9.jpg,img/blue10.jpg,img/blue11.jpg,img/blue12.jpg,img/blue13.jpg,img/blue14.jpg,img/blue15.jpg,img/blue16.jpg,img/blue17.jpg,img/blue18.jpg,img/blue19.jpg,img/blue20.jpg,img/blue21.jpg,img/blue22.jpg,img/blue23.jpg,img/blue24.jpg,img/blue25.jpg,img/blue26.jpg,img/blue27.jpg,img/blue28.jpg,img/blue29.jpg,img/blue30.jpg,img/blue31.jpg,img/blue32.jpg,img/blue33.jpg,img/blue34.jpg,img/blue35.jpg,img/blue36.jpg,img/blue37.jpg,img/blue38.jpg,img/blue39.jpg,img/blue40.jpg,img/blue41.jpg,img/blue42.jpg,img/blue43.jpg,img/blue44.jpg,img/blue45.jpg,img/blue46.jpg,img/blue47.jpg,img/blue48.jpg,img/blue49.jpg,img/blue50.jpg","","response","{""index"":21,""type"":""experimental"",""array_length"":2,""meanVal"":14,""color"":""blue""}","image-slider-response_noButton","<p>what was the average blueness of the array?</p>","1","50","0","function morphedScaleBlue() {
  // defining a few helper functions
  function nrange(size, startAt = 0) {
    return [...Array(size).keys()].map(i => i + startAt);
  };

  function fillArray(value, len) {
    var arr = [];
    for (var i = 0; i < len; i++) {
      arr.push(value);
    }
    return arr;
  };

  function generateSlices(vWidth, nSlices) {
    var step = vWidth*0.6/(nSlices-2);
    var stepArray = fillArray(step,nSlices-2)
    stepArray.unshift(0.2*vWidth)
    stepArray.push(0.2*vWidth)

    var bounds = [];
    
    for (var i = 0; i < nSlices; i++) {
      if (i==0) {
        bounds.push([(i*stepArray[i]), (i*stepArray[i])+stepArray[i]])
      } else if (i>0 && i!=nSlices-1) {
        bounds.push([(i*stepArray[i]+0.2*vWidth), (i*stepArray[i])+stepArray[i]+0.2*vWidth])
      } else {
        bounds.push([(vWidth-0.2*vWidth), vWidth])  
      }
    };
    return bounds;
  };
  
  // start trial timer
  var startTime = (new Date()).getTime();
  // get trial data
  var trialData = jsPsych.currentTrial();

  // remove the picture scales and the slider
  $('.jspsych-image-slider-response_noButton-container').css(""visibility"", ""hidden"");
  $('img').remove();
  
  // Remove mondrian background for rating phase
  $('body').css('background-image', 'none');

  var imgScale = getScaleBlue();
  
  // derive the letter of the image filenames
  var imgBase = imgScale[0].split('img/')[1].split('.jpg')[0].replace(/\d+/g, '');
  
  // split the number of the image filenames off from the rest of it
  var nScale = [];
  for (var i = 0; i < imgScale.length-1; i++) {
    var n = imgScale[i].split('img/')[1].split('.jpg')[0].split(imgBase)[1];
    nScale.push(n);
  };
  
  // calculate the element width, and slice it up into sections
  var vWidth = $(document).width();
  var nSlices = nScale.length;
  var slices = generateSlices(vWidth, nSlices);

  // setting up initial vertical line to start the mousemove functionality
  var vHeight = $(document).height()-8;
  var lineSlice = vWidth / 10;
  var vertLine = `<div style=""border-left:black;border-style:solid;margin-left:${lineSlice}px; height:${vHeight}px;width:0px;position:absolute;"" id=""vertLine""></div>`;
  var linePrompt = `<div id=""linePrompt""><div style=""font-size:50px;position:absolute;margin-left:${lineSlice*1.3}px;margin-top:${vHeight/2}px""></div><div style=""position:absolute;margin-left:${lineSlice*1.2}px;margin-top:${vHeight/2}px;z-index:5;"">Move mouse left of the line to begin</div></div>`;
  $("".jspsych-content-wrapper"").prepend(vertLine);
  $("".jspsych-content-wrapper"").prepend(linePrompt);
  
  // hide prompt until the trial is begun
  $('#jspsych-content > p').css(""visibility"", ""hidden"");

  // initialize the central image with the most neutral one (i.e. from
  // the middle of the scale) and set the image to be blurred
  var initialImage = imgScale[0];
  $('#jspsych-image-slider-response_noButton-stimulus').append(`<img src=""${initialImage}"" style=""filter:blur(4px);visibility:hidden;"" id=""changeable-image""/>`);

  // ADD VISUAL SCALE SHOWING MIN/MAX
  var scaleWidth = vWidth * 0.6;
  var scaleLeft = vWidth * 0.2;
  var scaleHtml = `
    <div id=""scale-container"" style=""position:absolute; bottom:120px; left:${scaleLeft}px; width:${scaleWidth}px; height:30px; background-color:rgba(220,220,220,0.7); border-radius:5px; display:none; z-index:10;"">
      <div style=""position:absolute; left:0px; width:2px; height:30px; background-color:black;""></div>
      <div style=""position:absolute; left:0px; top:32px; font-size:12px; color:black;"">Min (1)</div>
      <div style=""position:absolute; right:0px; width:2px; height:30px; background-color:black;""></div>
      <div style=""position:absolute; right:0px; top:32px; font-size:12px; color:black;"">Max (50)</div>
      <div id=""current-marker"" style=""position:absolute; left:0px; width:2px; height:30px; background-color:blue; display:none;""></div>
    </div>
  `;
  $("".jspsych-content-wrapper"").append(scaleHtml);

  // workaround with a global variable
  window.__imageMouseOver = {
    lineSlice: lineSlice,
    slices: slices,
    nScale: nScale,
    imgBase: imgBase,
    startTime: startTime,
    trialData: trialData,
    sliceSelected: 0,
  };
  var __listenerBools = {};

  // define mousemove event listener that changes image
  function changeImg(event) {
    var mouseX = Math.floor(event.pageX);
    
    // Show the scale after interaction begins
    $(""#scale-container"").css(""display"", ""block"");
    
    // Update current marker position based on mouse position
    var scaleWidth = $(""#scale-container"").width();
    var relativePos = Math.max(0, Math.min(mouseX - scaleLeft, scaleWidth));
    var percentPos = (relativePos / scaleWidth) * 100;
    
    $(""#current-marker"").css({
      ""left"": `${relativePos}px`,
      ""display"": ""block""
    });
    
    for (var i = 0; i < __imageMouseOver.slices.length; i++) {
      // if mouse X position is within the bounds of the X axis slice,
      // change the image to one that is indexed to that slice
      if (mouseX >= __imageMouseOver.slices[i][0] && mouseX <= __imageMouseOver.slices[i][1]) {
        // capture which slice is selected
        __imageMouseOver.sliceSelected = i;
        // update img src to the picture that corresponds to that slice
        $('#changeable-image').attr('src', `img/${__imageMouseOver.imgBase}${__imageMouseOver.nScale[i]}.jpg`);
      }
    };
  };
  
  // define the click listener that ends trial
  function clickHandler(event) {
    if (__listenerBools['mousemove']) {
      // derive trial data
      var trialData = __imageMouseOver.trialData;
      var end_time = (new Date()).getTime();
      var rt = end_time - __imageMouseOver.startTime;
      trialData['rt'] = rt;
      trialData['stimulus_duration'] = rt;
      trialData['trial_duration'] = rt;
      trialData['imageSelected'] = `${__imageMouseOver.imgBase}${__imageMouseOver.nScale[__imageMouseOver.sliceSelected]}.jpg`
      trialData['indexSelected'] = __imageMouseOver.sliceSelected;
      // turn off listeners
      $(document).off('mousemove');
      $(document).off('click');
      // clean up variable namespaces
      delete window.__imageMouseOver
      delete __listenerBools;
      // clean up scale
      $(""#scale-container"").remove();
      // finish the trial with trial data
      jsPsych.finishTrial(trialData);
    };
  };

  function verticalLineInit(event) {
    var mouseX = Math.floor(event.pageX);
    if (mouseX <= __imageMouseOver.lineSlice) {
      $(""#vertLine"").remove();
      $(""#linePrompt"").remove();
      $(""#jspsych-image-slider-response_noButton-stimulus > img"").css({
        ""filter"":""blur(0px)"",
        ""visibility"": ""visible"",
      });
      $('#jspsych-content > p').css(""visibility"", ""visible"");
      $('.jspsych-image-slider-response_noButton-').css(""visibility"", ""visible"");
      
      __listenerBools['mousemove'] = true;
      // turn off THIS mouse move listener
      $(document).off(""mousemove"");
      // turn on the mouse move listener that changes the image
      $(document).mousemove(changeImg);
      // add mouse click listener
      $(document).on('click', clickHandler);
    };
  };

  // turn on the vertical line mouse move listener
  $(document).mousemove(verticalLineInit);
}","[object Object]","0","","Continue","5637","5637","true","blue14.jpg","13","avg","600","blue","2","[10,18]","14","three giraffes","34","blue","",""
"html-keyboard-response","111","510426","0.0-111.0","573b8bc2f3580b0006ce0986","null","","","","<p style=""font-size: 48px;""> + </p>","null","fixation","","","","","","","","","","","","","","","","","","","","","","","","","blue","",""
"html-keyboard-response","112","511939","0.0-112.0","573b8bc2f3580b0006ce0986","null","","","","<span class='grid'><div class='blue' style='background-position:2400% 0%;margin-top:28px'></div> <div class='blue' style='background-position:2100% 0%;margin-top:26px'></div> <div class='blue' style='background-position:1300% 0%;margin-top:48px'></div> <div> </div> <div> </div> <div class='blue' style='background-position:1400% 0%;margin-top:31px'></div> <div> </div> <div class='blue' style='background-position:1000% 0%;margin-top:44px'></div> <div> </div> <div> </div> <div> </div> <div class='blue' style='background-position:700% 0%;margin-top:49px'></div> <div class='blue' style='background-position:600% 0%;margin-top:45px'></div> <div> </div> <div class='blue' style='background-position:1800% 0%;margin-top:47px'></div> <div> </div> <div class='blue' style='background-position:2200% 0%;margin-top:40px'></div> <div class='blue' style='background-position:1700% 0%;margin-top:42px'></div></span>","null","stimulus","{""index"":21,""type"":""experimental"",""array_length"":2,""meanVal"":14,""color"":""blue""}","","","","","","","","","","","","","","","","","","","","","","","","blue","",""
"image-slider-response_noButton","113","517900","0.0-113.0","573b8bc2f3580b0006ce0986","5961","","","","img/blue1.jpg,img/blue2.jpg,img/blue3.jpg,img/blue4.jpg,img/blue5.jpg,img/blue6.jpg,img/blue7.jpg,img/blue8.jpg,img/blue9.jpg,img/blue10.jpg,img/blue11.jpg,img/blue12.jpg,img/blue13.jpg,img/blue14.jpg,img/blue15.jpg,img/blue16.jpg,img/blue17.jpg,img/blue18.jpg,img/blue19.jpg,img/blue20.jpg,img/blue21.jpg,img/blue22.jpg,img/blue23.jpg,img/blue24.jpg,img/blue25.jpg,img/blue26.jpg,img/blue27.jpg,img/blue28.jpg,img/blue29.jpg,img/blue30.jpg,img/blue31.jpg,img/blue32.jpg,img/blue33.jpg,img/blue34.jpg,img/blue35.jpg,img/blue36.jpg,img/blue37.jpg,img/blue38.jpg,img/blue39.jpg,img/blue40.jpg,img/blue41.jpg,img/blue42.jpg,img/blue43.jpg,img/blue44.jpg,img/blue45.jpg,img/blue46.jpg,img/blue47.jpg,img/blue48.jpg,img/blue49.jpg,img/blue50.jpg","","response","{""index"":22,""type"":""experimental"",""array_length"":10,""meanVal"":15,""color"":""blue""}","image-slider-response_noButton","<p>what was the average blueness of the array?</p>","1","50","0","function morphedScaleBlue() {
  // defining a few helper functions
  function nrange(size, startAt = 0) {
    return [...Array(size).keys()].map(i => i + startAt);
  };

  function fillArray(value, len) {
    var arr = [];
    for (var i = 0; i < len; i++) {
      arr.push(value);
    }
    return arr;
  };

  function generateSlices(vWidth, nSlices) {
    var step = vWidth*0.6/(nSlices-2);
    var stepArray = fillArray(step,nSlices-2)
    stepArray.unshift(0.2*vWidth)
    stepArray.push(0.2*vWidth)

    var bounds = [];
    
    for (var i = 0; i < nSlices; i++) {
      if (i==0) {
        bounds.push([(i*stepArray[i]), (i*stepArray[i])+stepArray[i]])
      } else if (i>0 && i!=nSlices-1) {
        bounds.push([(i*stepArray[i]+0.2*vWidth), (i*stepArray[i])+stepArray[i]+0.2*vWidth])
      } else {
        bounds.push([(vWidth-0.2*vWidth), vWidth])  
      }
    };
    return bounds;
  };
  
  // start trial timer
  var startTime = (new Date()).getTime();
  // get trial data
  var trialData = jsPsych.currentTrial();

  // remove the picture scales and the slider
  $('.jspsych-image-slider-response_noButton-container').css(""visibility"", ""hidden"");
  $('img').remove();
  
  // Remove mondrian background for rating phase
  $('body').css('background-image', 'none');

  var imgScale = getScaleBlue();
  
  // derive the letter of the image filenames
  var imgBase = imgScale[0].split('img/')[1].split('.jpg')[0].replace(/\d+/g, '');
  
  // split the number of the image filenames off from the rest of it
  var nScale = [];
  for (var i = 0; i < imgScale.length-1; i++) {
    var n = imgScale[i].split('img/')[1].split('.jpg')[0].split(imgBase)[1];
    nScale.push(n);
  };
  
  // calculate the element width, and slice it up into sections
  var vWidth = $(document).width();
  var nSlices = nScale.length;
  var slices = generateSlices(vWidth, nSlices);

  // setting up initial vertical line to start the mousemove functionality
  var vHeight = $(document).height()-8;
  var lineSlice = vWidth / 10;
  var vertLine = `<div style=""border-left:black;border-style:solid;margin-left:${lineSlice}px; height:${vHeight}px;width:0px;position:absolute;"" id=""vertLine""></div>`;
  var linePrompt = `<div id=""linePrompt""><div style=""font-size:50px;position:absolute;margin-left:${lineSlice*1.3}px;margin-top:${vHeight/2}px""></div><div style=""position:absolute;margin-left:${lineSlice*1.2}px;margin-top:${vHeight/2}px;z-index:5;"">Move mouse left of the line to begin</div></div>`;
  $("".jspsych-content-wrapper"").prepend(vertLine);
  $("".jspsych-content-wrapper"").prepend(linePrompt);
  
  // hide prompt until the trial is begun
  $('#jspsych-content > p').css(""visibility"", ""hidden"");

  // initialize the central image with the most neutral one (i.e. from
  // the middle of the scale) and set the image to be blurred
  var initialImage = imgScale[0];
  $('#jspsych-image-slider-response_noButton-stimulus').append(`<img src=""${initialImage}"" style=""filter:blur(4px);visibility:hidden;"" id=""changeable-image""/>`);

  // ADD VISUAL SCALE SHOWING MIN/MAX
  var scaleWidth = vWidth * 0.6;
  var scaleLeft = vWidth * 0.2;
  var scaleHtml = `
    <div id=""scale-container"" style=""position:absolute; bottom:120px; left:${scaleLeft}px; width:${scaleWidth}px; height:30px; background-color:rgba(220,220,220,0.7); border-radius:5px; display:none; z-index:10;"">
      <div style=""position:absolute; left:0px; width:2px; height:30px; background-color:black;""></div>
      <div style=""position:absolute; left:0px; top:32px; font-size:12px; color:black;"">Min (1)</div>
      <div style=""position:absolute; right:0px; width:2px; height:30px; background-color:black;""></div>
      <div style=""position:absolute; right:0px; top:32px; font-size:12px; color:black;"">Max (50)</div>
      <div id=""current-marker"" style=""position:absolute; left:0px; width:2px; height:30px; background-color:blue; display:none;""></div>
    </div>
  `;
  $("".jspsych-content-wrapper"").append(scaleHtml);

  // workaround with a global variable
  window.__imageMouseOver = {
    lineSlice: lineSlice,
    slices: slices,
    nScale: nScale,
    imgBase: imgBase,
    startTime: startTime,
    trialData: trialData,
    sliceSelected: 0,
  };
  var __listenerBools = {};

  // define mousemove event listener that changes image
  function changeImg(event) {
    var mouseX = Math.floor(event.pageX);
    
    // Show the scale after interaction begins
    $(""#scale-container"").css(""display"", ""block"");
    
    // Update current marker position based on mouse position
    var scaleWidth = $(""#scale-container"").width();
    var relativePos = Math.max(0, Math.min(mouseX - scaleLeft, scaleWidth));
    var percentPos = (relativePos / scaleWidth) * 100;
    
    $(""#current-marker"").css({
      ""left"": `${relativePos}px`,
      ""display"": ""block""
    });
    
    for (var i = 0; i < __imageMouseOver.slices.length; i++) {
      // if mouse X position is within the bounds of the X axis slice,
      // change the image to one that is indexed to that slice
      if (mouseX >= __imageMouseOver.slices[i][0] && mouseX <= __imageMouseOver.slices[i][1]) {
        // capture which slice is selected
        __imageMouseOver.sliceSelected = i;
        // update img src to the picture that corresponds to that slice
        $('#changeable-image').attr('src', `img/${__imageMouseOver.imgBase}${__imageMouseOver.nScale[i]}.jpg`);
      }
    };
  };
  
  // define the click listener that ends trial
  function clickHandler(event) {
    if (__listenerBools['mousemove']) {
      // derive trial data
      var trialData = __imageMouseOver.trialData;
      var end_time = (new Date()).getTime();
      var rt = end_time - __imageMouseOver.startTime;
      trialData['rt'] = rt;
      trialData['stimulus_duration'] = rt;
      trialData['trial_duration'] = rt;
      trialData['imageSelected'] = `${__imageMouseOver.imgBase}${__imageMouseOver.nScale[__imageMouseOver.sliceSelected]}.jpg`
      trialData['indexSelected'] = __imageMouseOver.sliceSelected;
      // turn off listeners
      $(document).off('mousemove');
      $(document).off('click');
      // clean up variable namespaces
      delete window.__imageMouseOver
      delete __listenerBools;
      // clean up scale
      $(""#scale-container"").remove();
      // finish the trial with trial data
      jsPsych.finishTrial(trialData);
    };
  };

  function verticalLineInit(event) {
    var mouseX = Math.floor(event.pageX);
    if (mouseX <= __imageMouseOver.lineSlice) {
      $(""#vertLine"").remove();
      $(""#linePrompt"").remove();
      $(""#jspsych-image-slider-response_noButton-stimulus > img"").css({
        ""filter"":""blur(0px)"",
        ""visibility"": ""visible"",
      });
      $('#jspsych-content > p').css(""visibility"", ""visible"");
      $('.jspsych-image-slider-response_noButton-').css(""visibility"", ""visible"");
      
      __listenerBools['mousemove'] = true;
      // turn off THIS mouse move listener
      $(document).off(""mousemove"");
      // turn on the mouse move listener that changes the image
      $(document).mousemove(changeImg);
      // add mouse click listener
      $(document).on('click', clickHandler);
    };
  };

  // turn on the vertical line mouse move listener
  $(document).mousemove(verticalLineInit);
}","[object Object]","0","","Continue","5961","5961","true","blue18.jpg","17","avg","500","blue","10","[6,10,7,13,14,17,18,21,22,24]","15","three giraffes","35","blue","",""
"html-keyboard-response","114","518501","0.0-114.0","573b8bc2f3580b0006ce0986","null","","","","<p style=""font-size: 48px;""> + </p>","null","fixation","","","","","","","","","","","","","","","","","","","","","","","","","blue","",""
"html-keyboard-response","115","520009","0.0-115.0","573b8bc2f3580b0006ce0986","null","","","","<span class='grid'><div> </div> <div class='blue' style='background-position:2900% 0%;margin-top:45px'></div> <div> </div> <div class='blue' style='background-position:2200% 0%;margin-top:47px'></div> <div class='blue' style='background-position:3800% 0%;margin-top:46px'></div> <div> </div> <div class='blue' style='background-position:2300% 0%;margin-top:28px'></div> <div> </div> <div> </div> <div> </div> <div class='blue' style='background-position:3700% 0%;margin-top:30px'></div> <div class='blue' style='background-position:4000% 0%;margin-top:23px'></div> <div> </div> <div> </div> <div class='blue' style='background-position:3300% 0%;margin-top:43px'></div> <div class='blue' style='background-position:3400% 0%;margin-top:40px'></div> <div class='blue' style='background-position:3000% 0%;margin-top:38px'></div> <div class='blue' style='background-position:2600% 0%;margin-top:31px'></div></span>","null","stimulus","{""index"":22,""type"":""experimental"",""array_length"":10,""meanVal"":15,""color"":""blue""}","","","","","","","","","","","","","","","","","","","","","","","","blue","",""
"image-slider-response_noButton","116","526546","0.0-116.0","573b8bc2f3580b0006ce0986","6536","","","","img/blue1.jpg,img/blue2.jpg,img/blue3.jpg,img/blue4.jpg,img/blue5.jpg,img/blue6.jpg,img/blue7.jpg,img/blue8.jpg,img/blue9.jpg,img/blue10.jpg,img/blue11.jpg,img/blue12.jpg,img/blue13.jpg,img/blue14.jpg,img/blue15.jpg,img/blue16.jpg,img/blue17.jpg,img/blue18.jpg,img/blue19.jpg,img/blue20.jpg,img/blue21.jpg,img/blue22.jpg,img/blue23.jpg,img/blue24.jpg,img/blue25.jpg,img/blue26.jpg,img/blue27.jpg,img/blue28.jpg,img/blue29.jpg,img/blue30.jpg,img/blue31.jpg,img/blue32.jpg,img/blue33.jpg,img/blue34.jpg,img/blue35.jpg,img/blue36.jpg,img/blue37.jpg,img/blue38.jpg,img/blue39.jpg,img/blue40.jpg,img/blue41.jpg,img/blue42.jpg,img/blue43.jpg,img/blue44.jpg,img/blue45.jpg,img/blue46.jpg,img/blue47.jpg,img/blue48.jpg,img/blue49.jpg,img/blue50.jpg","","response","{""index"":23,""type"":""experimental"",""array_length"":10,""meanVal"":31,""color"":""blue""}","image-slider-response_noButton","<p>what was the average blueness of the array?</p>","1","50","0","function morphedScaleBlue() {
  // defining a few helper functions
  function nrange(size, startAt = 0) {
    return [...Array(size).keys()].map(i => i + startAt);
  };

  function fillArray(value, len) {
    var arr = [];
    for (var i = 0; i < len; i++) {
      arr.push(value);
    }
    return arr;
  };

  function generateSlices(vWidth, nSlices) {
    var step = vWidth*0.6/(nSlices-2);
    var stepArray = fillArray(step,nSlices-2)
    stepArray.unshift(0.2*vWidth)
    stepArray.push(0.2*vWidth)

    var bounds = [];
    
    for (var i = 0; i < nSlices; i++) {
      if (i==0) {
        bounds.push([(i*stepArray[i]), (i*stepArray[i])+stepArray[i]])
      } else if (i>0 && i!=nSlices-1) {
        bounds.push([(i*stepArray[i]+0.2*vWidth), (i*stepArray[i])+stepArray[i]+0.2*vWidth])
      } else {
        bounds.push([(vWidth-0.2*vWidth), vWidth])  
      }
    };
    return bounds;
  };
  
  // start trial timer
  var startTime = (new Date()).getTime();
  // get trial data
  var trialData = jsPsych.currentTrial();

  // remove the picture scales and the slider
  $('.jspsych-image-slider-response_noButton-container').css(""visibility"", ""hidden"");
  $('img').remove();
  
  // Remove mondrian background for rating phase
  $('body').css('background-image', 'none');

  var imgScale = getScaleBlue();
  
  // derive the letter of the image filenames
  var imgBase = imgScale[0].split('img/')[1].split('.jpg')[0].replace(/\d+/g, '');
  
  // split the number of the image filenames off from the rest of it
  var nScale = [];
  for (var i = 0; i < imgScale.length-1; i++) {
    var n = imgScale[i].split('img/')[1].split('.jpg')[0].split(imgBase)[1];
    nScale.push(n);
  };
  
  // calculate the element width, and slice it up into sections
  var vWidth = $(document).width();
  var nSlices = nScale.length;
  var slices = generateSlices(vWidth, nSlices);

  // setting up initial vertical line to start the mousemove functionality
  var vHeight = $(document).height()-8;
  var lineSlice = vWidth / 10;
  var vertLine = `<div style=""border-left:black;border-style:solid;margin-left:${lineSlice}px; height:${vHeight}px;width:0px;position:absolute;"" id=""vertLine""></div>`;
  var linePrompt = `<div id=""linePrompt""><div style=""font-size:50px;position:absolute;margin-left:${lineSlice*1.3}px;margin-top:${vHeight/2}px""></div><div style=""position:absolute;margin-left:${lineSlice*1.2}px;margin-top:${vHeight/2}px;z-index:5;"">Move mouse left of the line to begin</div></div>`;
  $("".jspsych-content-wrapper"").prepend(vertLine);
  $("".jspsych-content-wrapper"").prepend(linePrompt);
  
  // hide prompt until the trial is begun
  $('#jspsych-content > p').css(""visibility"", ""hidden"");

  // initialize the central image with the most neutral one (i.e. from
  // the middle of the scale) and set the image to be blurred
  var initialImage = imgScale[0];
  $('#jspsych-image-slider-response_noButton-stimulus').append(`<img src=""${initialImage}"" style=""filter:blur(4px);visibility:hidden;"" id=""changeable-image""/>`);

  // ADD VISUAL SCALE SHOWING MIN/MAX
  var scaleWidth = vWidth * 0.6;
  var scaleLeft = vWidth * 0.2;
  var scaleHtml = `
    <div id=""scale-container"" style=""position:absolute; bottom:120px; left:${scaleLeft}px; width:${scaleWidth}px; height:30px; background-color:rgba(220,220,220,0.7); border-radius:5px; display:none; z-index:10;"">
      <div style=""position:absolute; left:0px; width:2px; height:30px; background-color:black;""></div>
      <div style=""position:absolute; left:0px; top:32px; font-size:12px; color:black;"">Min (1)</div>
      <div style=""position:absolute; right:0px; width:2px; height:30px; background-color:black;""></div>
      <div style=""position:absolute; right:0px; top:32px; font-size:12px; color:black;"">Max (50)</div>
      <div id=""current-marker"" style=""position:absolute; left:0px; width:2px; height:30px; background-color:blue; display:none;""></div>
    </div>
  `;
  $("".jspsych-content-wrapper"").append(scaleHtml);

  // workaround with a global variable
  window.__imageMouseOver = {
    lineSlice: lineSlice,
    slices: slices,
    nScale: nScale,
    imgBase: imgBase,
    startTime: startTime,
    trialData: trialData,
    sliceSelected: 0,
  };
  var __listenerBools = {};

  // define mousemove event listener that changes image
  function changeImg(event) {
    var mouseX = Math.floor(event.pageX);
    
    // Show the scale after interaction begins
    $(""#scale-container"").css(""display"", ""block"");
    
    // Update current marker position based on mouse position
    var scaleWidth = $(""#scale-container"").width();
    var relativePos = Math.max(0, Math.min(mouseX - scaleLeft, scaleWidth));
    var percentPos = (relativePos / scaleWidth) * 100;
    
    $(""#current-marker"").css({
      ""left"": `${relativePos}px`,
      ""display"": ""block""
    });
    
    for (var i = 0; i < __imageMouseOver.slices.length; i++) {
      // if mouse X position is within the bounds of the X axis slice,
      // change the image to one that is indexed to that slice
      if (mouseX >= __imageMouseOver.slices[i][0] && mouseX <= __imageMouseOver.slices[i][1]) {
        // capture which slice is selected
        __imageMouseOver.sliceSelected = i;
        // update img src to the picture that corresponds to that slice
        $('#changeable-image').attr('src', `img/${__imageMouseOver.imgBase}${__imageMouseOver.nScale[i]}.jpg`);
      }
    };
  };
  
  // define the click listener that ends trial
  function clickHandler(event) {
    if (__listenerBools['mousemove']) {
      // derive trial data
      var trialData = __imageMouseOver.trialData;
      var end_time = (new Date()).getTime();
      var rt = end_time - __imageMouseOver.startTime;
      trialData['rt'] = rt;
      trialData['stimulus_duration'] = rt;
      trialData['trial_duration'] = rt;
      trialData['imageSelected'] = `${__imageMouseOver.imgBase}${__imageMouseOver.nScale[__imageMouseOver.sliceSelected]}.jpg`
      trialData['indexSelected'] = __imageMouseOver.sliceSelected;
      // turn off listeners
      $(document).off('mousemove');
      $(document).off('click');
      // clean up variable namespaces
      delete window.__imageMouseOver
      delete __listenerBools;
      // clean up scale
      $(""#scale-container"").remove();
      // finish the trial with trial data
      jsPsych.finishTrial(trialData);
    };
  };

  function verticalLineInit(event) {
    var mouseX = Math.floor(event.pageX);
    if (mouseX <= __imageMouseOver.lineSlice) {
      $(""#vertLine"").remove();
      $(""#linePrompt"").remove();
      $(""#jspsych-image-slider-response_noButton-stimulus > img"").css({
        ""filter"":""blur(0px)"",
        ""visibility"": ""visible"",
      });
      $('#jspsych-content > p').css(""visibility"", ""visible"");
      $('.jspsych-image-slider-response_noButton-').css(""visibility"", ""visible"");
      
      __listenerBools['mousemove'] = true;
      // turn off THIS mouse move listener
      $(document).off(""mousemove"");
      // turn on the mouse move listener that changes the image
      $(document).mousemove(changeImg);
      // add mouse click listener
      $(document).on('click', clickHandler);
    };
  };

  // turn on the vertical line mouse move listener
  $(document).mousemove(verticalLineInit);
}","[object Object]","0","","Continue","6536","6536","true","blue25.jpg","24","avg","600","blue","10","[22,26,23,29,30,33,34,37,38,40]","31","three giraffes","36","blue","",""
"html-keyboard-response","117","527156","0.0-117.0","573b8bc2f3580b0006ce0986","null","","","","<p style=""font-size: 48px;""> + </p>","null","fixation","","","","","","","","","","","","","","","","","","","","","","","","","blue","",""
"html-keyboard-response","118","528666","0.0-118.0","573b8bc2f3580b0006ce0986","null","","","","<span class='grid'><div class='blue' style='background-position:2500% 0%;margin-top:35px'></div> <div class='blue' style='background-position:1500% 0%;margin-top:26px'></div> <div class='blue' style='background-position:900% 0%;margin-top:26px'></div> <div class='blue' style='background-position:900% 0%;margin-top:20px'></div> <div class='blue' style='background-position:1500% 0%;margin-top:44px'></div> <div class='blue' style='background-position:2200% 0%;margin-top:21px'></div> <div class='blue' style='background-position:1500% 0%;margin-top:21px'></div> <div class='blue' style='background-position:800% 0%;margin-top:27px'></div> <div class='blue' style='background-position:1400% 0%;margin-top:44px'></div> <div> </div> <div class='blue' style='background-position:2500% 0%;margin-top:38px'></div> <div> </div> <div class='blue' style='background-position:1300% 0%;margin-top:22px'></div> <div class='blue' style='background-position:1700% 0%;margin-top:42px'></div> <div class='blue' style='background-position:1600% 0%;margin-top:45px'></div> <div> </div> <div class='blue' style='background-position:1600% 0%;margin-top:32px'></div> <div class='blue' style='background-position:2100% 0%;margin-top:23px'></div> <div class='blue' style='background-position:900% 0%;margin-top:23px'></div> <div class='blue' style='background-position:900% 0%;margin-top:47px'></div> <div class='blue' style='background-position:900% 0%;margin-top:23px'></div> <div class='blue' style='background-position:600% 0%;margin-top:27px'></div> <div class='blue' style='background-position:1700% 0%;margin-top:24px'></div></span>","null","stimulus","{""index"":23,""type"":""experimental"",""array_length"":10,""meanVal"":31,""color"":""blue""}","","","","","","","","","","","","","","","","","","","","","","","","blue","",""
"image-slider-response_noButton","119","534108","0.0-119.0","573b8bc2f3580b0006ce0986","5440","","","","img/blue1.jpg,img/blue2.jpg,img/blue3.jpg,img/blue4.jpg,img/blue5.jpg,img/blue6.jpg,img/blue7.jpg,img/blue8.jpg,img/blue9.jpg,img/blue10.jpg,img/blue11.jpg,img/blue12.jpg,img/blue13.jpg,img/blue14.jpg,img/blue15.jpg,img/blue16.jpg,img/blue17.jpg,img/blue18.jpg,img/blue19.jpg,img/blue20.jpg,img/blue21.jpg,img/blue22.jpg,img/blue23.jpg,img/blue24.jpg,img/blue25.jpg,img/blue26.jpg,img/blue27.jpg,img/blue28.jpg,img/blue29.jpg,img/blue30.jpg,img/blue31.jpg,img/blue32.jpg,img/blue33.jpg,img/blue34.jpg,img/blue35.jpg,img/blue36.jpg,img/blue37.jpg,img/blue38.jpg,img/blue39.jpg,img/blue40.jpg,img/blue41.jpg,img/blue42.jpg,img/blue43.jpg,img/blue44.jpg,img/blue45.jpg,img/blue46.jpg,img/blue47.jpg,img/blue48.jpg,img/blue49.jpg,img/blue50.jpg","","response","{""index"":24,""type"":""experimental"",""array_length"":20,""meanVal"":16,""color"":""blue""}","image-slider-response_noButton","<p>what was the average blueness of the array?</p>","1","50","0","function morphedScaleBlue() {
  // defining a few helper functions
  function nrange(size, startAt = 0) {
    return [...Array(size).keys()].map(i => i + startAt);
  };

  function fillArray(value, len) {
    var arr = [];
    for (var i = 0; i < len; i++) {
      arr.push(value);
    }
    return arr;
  };

  function generateSlices(vWidth, nSlices) {
    var step = vWidth*0.6/(nSlices-2);
    var stepArray = fillArray(step,nSlices-2)
    stepArray.unshift(0.2*vWidth)
    stepArray.push(0.2*vWidth)

    var bounds = [];
    
    for (var i = 0; i < nSlices; i++) {
      if (i==0) {
        bounds.push([(i*stepArray[i]), (i*stepArray[i])+stepArray[i]])
      } else if (i>0 && i!=nSlices-1) {
        bounds.push([(i*stepArray[i]+0.2*vWidth), (i*stepArray[i])+stepArray[i]+0.2*vWidth])
      } else {
        bounds.push([(vWidth-0.2*vWidth), vWidth])  
      }
    };
    return bounds;
  };
  
  // start trial timer
  var startTime = (new Date()).getTime();
  // get trial data
  var trialData = jsPsych.currentTrial();

  // remove the picture scales and the slider
  $('.jspsych-image-slider-response_noButton-container').css(""visibility"", ""hidden"");
  $('img').remove();
  
  // Remove mondrian background for rating phase
  $('body').css('background-image', 'none');

  var imgScale = getScaleBlue();
  
  // derive the letter of the image filenames
  var imgBase = imgScale[0].split('img/')[1].split('.jpg')[0].replace(/\d+/g, '');
  
  // split the number of the image filenames off from the rest of it
  var nScale = [];
  for (var i = 0; i < imgScale.length-1; i++) {
    var n = imgScale[i].split('img/')[1].split('.jpg')[0].split(imgBase)[1];
    nScale.push(n);
  };
  
  // calculate the element width, and slice it up into sections
  var vWidth = $(document).width();
  var nSlices = nScale.length;
  var slices = generateSlices(vWidth, nSlices);

  // setting up initial vertical line to start the mousemove functionality
  var vHeight = $(document).height()-8;
  var lineSlice = vWidth / 10;
  var vertLine = `<div style=""border-left:black;border-style:solid;margin-left:${lineSlice}px; height:${vHeight}px;width:0px;position:absolute;"" id=""vertLine""></div>`;
  var linePrompt = `<div id=""linePrompt""><div style=""font-size:50px;position:absolute;margin-left:${lineSlice*1.3}px;margin-top:${vHeight/2}px""></div><div style=""position:absolute;margin-left:${lineSlice*1.2}px;margin-top:${vHeight/2}px;z-index:5;"">Move mouse left of the line to begin</div></div>`;
  $("".jspsych-content-wrapper"").prepend(vertLine);
  $("".jspsych-content-wrapper"").prepend(linePrompt);
  
  // hide prompt until the trial is begun
  $('#jspsych-content > p').css(""visibility"", ""hidden"");

  // initialize the central image with the most neutral one (i.e. from
  // the middle of the scale) and set the image to be blurred
  var initialImage = imgScale[0];
  $('#jspsych-image-slider-response_noButton-stimulus').append(`<img src=""${initialImage}"" style=""filter:blur(4px);visibility:hidden;"" id=""changeable-image""/>`);

  // ADD VISUAL SCALE SHOWING MIN/MAX
  var scaleWidth = vWidth * 0.6;
  var scaleLeft = vWidth * 0.2;
  var scaleHtml = `
    <div id=""scale-container"" style=""position:absolute; bottom:120px; left:${scaleLeft}px; width:${scaleWidth}px; height:30px; background-color:rgba(220,220,220,0.7); border-radius:5px; display:none; z-index:10;"">
      <div style=""position:absolute; left:0px; width:2px; height:30px; background-color:black;""></div>
      <div style=""position:absolute; left:0px; top:32px; font-size:12px; color:black;"">Min (1)</div>
      <div style=""position:absolute; right:0px; width:2px; height:30px; background-color:black;""></div>
      <div style=""position:absolute; right:0px; top:32px; font-size:12px; color:black;"">Max (50)</div>
      <div id=""current-marker"" style=""position:absolute; left:0px; width:2px; height:30px; background-color:blue; display:none;""></div>
    </div>
  `;
  $("".jspsych-content-wrapper"").append(scaleHtml);

  // workaround with a global variable
  window.__imageMouseOver = {
    lineSlice: lineSlice,
    slices: slices,
    nScale: nScale,
    imgBase: imgBase,
    startTime: startTime,
    trialData: trialData,
    sliceSelected: 0,
  };
  var __listenerBools = {};

  // define mousemove event listener that changes image
  function changeImg(event) {
    var mouseX = Math.floor(event.pageX);
    
    // Show the scale after interaction begins
    $(""#scale-container"").css(""display"", ""block"");
    
    // Update current marker position based on mouse position
    var scaleWidth = $(""#scale-container"").width();
    var relativePos = Math.max(0, Math.min(mouseX - scaleLeft, scaleWidth));
    var percentPos = (relativePos / scaleWidth) * 100;
    
    $(""#current-marker"").css({
      ""left"": `${relativePos}px`,
      ""display"": ""block""
    });
    
    for (var i = 0; i < __imageMouseOver.slices.length; i++) {
      // if mouse X position is within the bounds of the X axis slice,
      // change the image to one that is indexed to that slice
      if (mouseX >= __imageMouseOver.slices[i][0] && mouseX <= __imageMouseOver.slices[i][1]) {
        // capture which slice is selected
        __imageMouseOver.sliceSelected = i;
        // update img src to the picture that corresponds to that slice
        $('#changeable-image').attr('src', `img/${__imageMouseOver.imgBase}${__imageMouseOver.nScale[i]}.jpg`);
      }
    };
  };
  
  // define the click listener that ends trial
  function clickHandler(event) {
    if (__listenerBools['mousemove']) {
      // derive trial data
      var trialData = __imageMouseOver.trialData;
      var end_time = (new Date()).getTime();
      var rt = end_time - __imageMouseOver.startTime;
      trialData['rt'] = rt;
      trialData['stimulus_duration'] = rt;
      trialData['trial_duration'] = rt;
      trialData['imageSelected'] = `${__imageMouseOver.imgBase}${__imageMouseOver.nScale[__imageMouseOver.sliceSelected]}.jpg`
      trialData['indexSelected'] = __imageMouseOver.sliceSelected;
      // turn off listeners
      $(document).off('mousemove');
      $(document).off('click');
      // clean up variable namespaces
      delete window.__imageMouseOver
      delete __listenerBools;
      // clean up scale
      $(""#scale-container"").remove();
      // finish the trial with trial data
      jsPsych.finishTrial(trialData);
    };
  };

  function verticalLineInit(event) {
    var mouseX = Math.floor(event.pageX);
    if (mouseX <= __imageMouseOver.lineSlice) {
      $(""#vertLine"").remove();
      $(""#linePrompt"").remove();
      $(""#jspsych-image-slider-response_noButton-stimulus > img"").css({
        ""filter"":""blur(0px)"",
        ""visibility"": ""visible"",
      });
      $('#jspsych-content > p').css(""visibility"", ""visible"");
      $('.jspsych-image-slider-response_noButton-').css(""visibility"", ""visible"");
      
      __listenerBools['mousemove'] = true;
      // turn off THIS mouse move listener
      $(document).off(""mousemove"");
      // turn on the mouse move listener that changes the image
      $(document).mousemove(changeImg);
      // add mouse click listener
      $(document).on('click', clickHandler);
    };
  };

  // turn on the vertical line mouse move listener
  $(document).mousemove(verticalLineInit);
}","[object Object]","0","","Continue","5440","5440","true","blue15.jpg","14","avg","600","blue","20","[6,8,9,9,9,9,9,13,14,15,15,15,16,16,17,17,21,22,25,25]","16","three giraffes","37","blue","",""
"html-keyboard-response","120","534511","0.0-120.0","573b8bc2f3580b0006ce0986","null","","","","<p style=""font-size: 48px;""> + </p>","null","fixation","","","","","","","","","","","","","","","","","","","","","","","","","blue","",""
"html-keyboard-response","121","536019","0.0-121.0","573b8bc2f3580b0006ce0986","null","","","","<span class='grid'><div class='blue' style='background-position:2500% 0%;margin-top:40px'></div> <div class='blue' style='background-position:2500% 0%;margin-top:30px'></div> <div class='blue' style='background-position:2500% 0%;margin-top:38px'></div> <div class='blue' style='background-position:3800% 0%;margin-top:20px'></div> <div class='blue' style='background-position:3700% 0%;margin-top:44px'></div> <div class='blue' style='background-position:3100% 0%;margin-top:24px'></div> <div class='blue' style='background-position:4100% 0%;margin-top:31px'></div> <div class='blue' style='background-position:3300% 0%;margin-top:32px'></div> <div class='blue' style='background-position:3100% 0%;margin-top:32px'></div> <div> </div> <div class='blue' style='background-position:2400% 0%;margin-top:31px'></div> <div> </div> <div class='blue' style='background-position:3000% 0%;margin-top:47px'></div> <div class='blue' style='background-position:3200% 0%;margin-top:28px'></div> <div class='blue' style='background-position:3200% 0%;margin-top:34px'></div> <div class='blue' style='background-position:3300% 0%;margin-top:44px'></div> <div class='blue' style='background-position:2900% 0%;margin-top:35px'></div> <div> </div> <div class='blue' style='background-position:2500% 0%;margin-top:24px'></div> <div class='blue' style='background-position:2200% 0%;margin-top:25px'></div> <div class='blue' style='background-position:3100% 0%;margin-top:33px'></div> <div class='blue' style='background-position:4100% 0%;margin-top:36px'></div> <div class='blue' style='background-position:2500% 0%;margin-top:33px'></div></span>","null","stimulus","{""index"":24,""type"":""experimental"",""array_length"":20,""meanVal"":16,""color"":""blue""}","","","","","","","","","","","","","","","","","","","","","","","","blue","",""
"image-slider-response_noButton","122","541842","0.0-122.0","573b8bc2f3580b0006ce0986","5822","","","","img/blue1.jpg,img/blue2.jpg,img/blue3.jpg,img/blue4.jpg,img/blue5.jpg,img/blue6.jpg,img/blue7.jpg,img/blue8.jpg,img/blue9.jpg,img/blue10.jpg,img/blue11.jpg,img/blue12.jpg,img/blue13.jpg,img/blue14.jpg,img/blue15.jpg,img/blue16.jpg,img/blue17.jpg,img/blue18.jpg,img/blue19.jpg,img/blue20.jpg,img/blue21.jpg,img/blue22.jpg,img/blue23.jpg,img/blue24.jpg,img/blue25.jpg,img/blue26.jpg,img/blue27.jpg,img/blue28.jpg,img/blue29.jpg,img/blue30.jpg,img/blue31.jpg,img/blue32.jpg,img/blue33.jpg,img/blue34.jpg,img/blue35.jpg,img/blue36.jpg,img/blue37.jpg,img/blue38.jpg,img/blue39.jpg,img/blue40.jpg,img/blue41.jpg,img/blue42.jpg,img/blue43.jpg,img/blue44.jpg,img/blue45.jpg,img/blue46.jpg,img/blue47.jpg,img/blue48.jpg,img/blue49.jpg,img/blue50.jpg","","response","{""index"":25,""type"":""experimental"",""array_length"":20,""meanVal"":32,""color"":""blue""}","image-slider-response_noButton","<p>what was the average blueness of the array?</p>","1","50","0","function morphedScaleBlue() {
  // defining a few helper functions
  function nrange(size, startAt = 0) {
    return [...Array(size).keys()].map(i => i + startAt);
  };

  function fillArray(value, len) {
    var arr = [];
    for (var i = 0; i < len; i++) {
      arr.push(value);
    }
    return arr;
  };

  function generateSlices(vWidth, nSlices) {
    var step = vWidth*0.6/(nSlices-2);
    var stepArray = fillArray(step,nSlices-2)
    stepArray.unshift(0.2*vWidth)
    stepArray.push(0.2*vWidth)

    var bounds = [];
    
    for (var i = 0; i < nSlices; i++) {
      if (i==0) {
        bounds.push([(i*stepArray[i]), (i*stepArray[i])+stepArray[i]])
      } else if (i>0 && i!=nSlices-1) {
        bounds.push([(i*stepArray[i]+0.2*vWidth), (i*stepArray[i])+stepArray[i]+0.2*vWidth])
      } else {
        bounds.push([(vWidth-0.2*vWidth), vWidth])  
      }
    };
    return bounds;
  };
  
  // start trial timer
  var startTime = (new Date()).getTime();
  // get trial data
  var trialData = jsPsych.currentTrial();

  // remove the picture scales and the slider
  $('.jspsych-image-slider-response_noButton-container').css(""visibility"", ""hidden"");
  $('img').remove();
  
  // Remove mondrian background for rating phase
  $('body').css('background-image', 'none');

  var imgScale = getScaleBlue();
  
  // derive the letter of the image filenames
  var imgBase = imgScale[0].split('img/')[1].split('.jpg')[0].replace(/\d+/g, '');
  
  // split the number of the image filenames off from the rest of it
  var nScale = [];
  for (var i = 0; i < imgScale.length-1; i++) {
    var n = imgScale[i].split('img/')[1].split('.jpg')[0].split(imgBase)[1];
    nScale.push(n);
  };
  
  // calculate the element width, and slice it up into sections
  var vWidth = $(document).width();
  var nSlices = nScale.length;
  var slices = generateSlices(vWidth, nSlices);

  // setting up initial vertical line to start the mousemove functionality
  var vHeight = $(document).height()-8;
  var lineSlice = vWidth / 10;
  var vertLine = `<div style=""border-left:black;border-style:solid;margin-left:${lineSlice}px; height:${vHeight}px;width:0px;position:absolute;"" id=""vertLine""></div>`;
  var linePrompt = `<div id=""linePrompt""><div style=""font-size:50px;position:absolute;margin-left:${lineSlice*1.3}px;margin-top:${vHeight/2}px""></div><div style=""position:absolute;margin-left:${lineSlice*1.2}px;margin-top:${vHeight/2}px;z-index:5;"">Move mouse left of the line to begin</div></div>`;
  $("".jspsych-content-wrapper"").prepend(vertLine);
  $("".jspsych-content-wrapper"").prepend(linePrompt);
  
  // hide prompt until the trial is begun
  $('#jspsych-content > p').css(""visibility"", ""hidden"");

  // initialize the central image with the most neutral one (i.e. from
  // the middle of the scale) and set the image to be blurred
  var initialImage = imgScale[0];
  $('#jspsych-image-slider-response_noButton-stimulus').append(`<img src=""${initialImage}"" style=""filter:blur(4px);visibility:hidden;"" id=""changeable-image""/>`);

  // ADD VISUAL SCALE SHOWING MIN/MAX
  var scaleWidth = vWidth * 0.6;
  var scaleLeft = vWidth * 0.2;
  var scaleHtml = `
    <div id=""scale-container"" style=""position:absolute; bottom:120px; left:${scaleLeft}px; width:${scaleWidth}px; height:30px; background-color:rgba(220,220,220,0.7); border-radius:5px; display:none; z-index:10;"">
      <div style=""position:absolute; left:0px; width:2px; height:30px; background-color:black;""></div>
      <div style=""position:absolute; left:0px; top:32px; font-size:12px; color:black;"">Min (1)</div>
      <div style=""position:absolute; right:0px; width:2px; height:30px; background-color:black;""></div>
      <div style=""position:absolute; right:0px; top:32px; font-size:12px; color:black;"">Max (50)</div>
      <div id=""current-marker"" style=""position:absolute; left:0px; width:2px; height:30px; background-color:blue; display:none;""></div>
    </div>
  `;
  $("".jspsych-content-wrapper"").append(scaleHtml);

  // workaround with a global variable
  window.__imageMouseOver = {
    lineSlice: lineSlice,
    slices: slices,
    nScale: nScale,
    imgBase: imgBase,
    startTime: startTime,
    trialData: trialData,
    sliceSelected: 0,
  };
  var __listenerBools = {};

  // define mousemove event listener that changes image
  function changeImg(event) {
    var mouseX = Math.floor(event.pageX);
    
    // Show the scale after interaction begins
    $(""#scale-container"").css(""display"", ""block"");
    
    // Update current marker position based on mouse position
    var scaleWidth = $(""#scale-container"").width();
    var relativePos = Math.max(0, Math.min(mouseX - scaleLeft, scaleWidth));
    var percentPos = (relativePos / scaleWidth) * 100;
    
    $(""#current-marker"").css({
      ""left"": `${relativePos}px`,
      ""display"": ""block""
    });
    
    for (var i = 0; i < __imageMouseOver.slices.length; i++) {
      // if mouse X position is within the bounds of the X axis slice,
      // change the image to one that is indexed to that slice
      if (mouseX >= __imageMouseOver.slices[i][0] && mouseX <= __imageMouseOver.slices[i][1]) {
        // capture which slice is selected
        __imageMouseOver.sliceSelected = i;
        // update img src to the picture that corresponds to that slice
        $('#changeable-image').attr('src', `img/${__imageMouseOver.imgBase}${__imageMouseOver.nScale[i]}.jpg`);
      }
    };
  };
  
  // define the click listener that ends trial
  function clickHandler(event) {
    if (__listenerBools['mousemove']) {
      // derive trial data
      var trialData = __imageMouseOver.trialData;
      var end_time = (new Date()).getTime();
      var rt = end_time - __imageMouseOver.startTime;
      trialData['rt'] = rt;
      trialData['stimulus_duration'] = rt;
      trialData['trial_duration'] = rt;
      trialData['imageSelected'] = `${__imageMouseOver.imgBase}${__imageMouseOver.nScale[__imageMouseOver.sliceSelected]}.jpg`
      trialData['indexSelected'] = __imageMouseOver.sliceSelected;
      // turn off listeners
      $(document).off('mousemove');
      $(document).off('click');
      // clean up variable namespaces
      delete window.__imageMouseOver
      delete __listenerBools;
      // clean up scale
      $(""#scale-container"").remove();
      // finish the trial with trial data
      jsPsych.finishTrial(trialData);
    };
  };

  function verticalLineInit(event) {
    var mouseX = Math.floor(event.pageX);
    if (mouseX <= __imageMouseOver.lineSlice) {
      $(""#vertLine"").remove();
      $(""#linePrompt"").remove();
      $(""#jspsych-image-slider-response_noButton-stimulus > img"").css({
        ""filter"":""blur(0px)"",
        ""visibility"": ""visible"",
      });
      $('#jspsych-content > p').css(""visibility"", ""visible"");
      $('.jspsych-image-slider-response_noButton-').css(""visibility"", ""visible"");
      
      __listenerBools['mousemove'] = true;
      // turn off THIS mouse move listener
      $(document).off(""mousemove"");
      // turn on the mouse move listener that changes the image
      $(document).mousemove(changeImg);
      // add mouse click listener
      $(document).on('click', clickHandler);
    };
  };

  // turn on the vertical line mouse move listener
  $(document).mousemove(verticalLineInit);
}","[object Object]","0","","Continue","5822","5822","true","blue26.jpg","25","avg","400","blue","20","[22,24,25,25,25,25,25,29,30,31,31,31,32,32,33,33,37,38,41,41]","32","three giraffes","38","blue","",""
"html-keyboard-response","123","542445","0.0-123.0","573b8bc2f3580b0006ce0986","null","","","","<p style=""font-size: 48px;""> + </p>","null","fixation","","","","","","","","","","","","","","","","","","","","","","","","","blue","",""
"html-keyboard-response","124","543951","0.0-124.0","573b8bc2f3580b0006ce0986","null","","","","<span class='grid'><div class='blue' style='background-position:3200% 0%;margin-top:38px'></div> <div> </div> <div class='blue' style='background-position:1800% 0%;margin-top:48px'></div> <div> </div> <div class='blue' style='background-position:1700% 0%;margin-top:27px'></div> <div class='blue' style='background-position:2500% 0%;margin-top:30px'></div> <div class='blue' style='background-position:2800% 0%;margin-top:50px'></div> <div> </div> <div class='blue' style='background-position:2100% 0%;margin-top:26px'></div> <div class='blue' style='background-position:3300% 0%;margin-top:20px'></div> <div class='blue' style='background-position:3500% 0%;margin-top:40px'></div> <div> </div> <div class='blue' style='background-position:2900% 0%;margin-top:29px'></div> <div> </div> <div> </div> <div> </div> <div class='blue' style='background-position:2400% 0%;margin-top:27px'></div> <div> </div></span>","null","stimulus","{""index"":25,""type"":""experimental"",""array_length"":20,""meanVal"":32,""color"":""blue""}","","","","","","","","","","","","","","","","","","","","","","","","blue","",""
"image-slider-response_noButton","125","550396","0.0-125.0","573b8bc2f3580b0006ce0986","6444","","","","img/blue1.jpg,img/blue2.jpg,img/blue3.jpg,img/blue4.jpg,img/blue5.jpg,img/blue6.jpg,img/blue7.jpg,img/blue8.jpg,img/blue9.jpg,img/blue10.jpg,img/blue11.jpg,img/blue12.jpg,img/blue13.jpg,img/blue14.jpg,img/blue15.jpg,img/blue16.jpg,img/blue17.jpg,img/blue18.jpg,img/blue19.jpg,img/blue20.jpg,img/blue21.jpg,img/blue22.jpg,img/blue23.jpg,img/blue24.jpg,img/blue25.jpg,img/blue26.jpg,img/blue27.jpg,img/blue28.jpg,img/blue29.jpg,img/blue30.jpg,img/blue31.jpg,img/blue32.jpg,img/blue33.jpg,img/blue34.jpg,img/blue35.jpg,img/blue36.jpg,img/blue37.jpg,img/blue38.jpg,img/blue39.jpg,img/blue40.jpg,img/blue41.jpg,img/blue42.jpg,img/blue43.jpg,img/blue44.jpg,img/blue45.jpg,img/blue46.jpg,img/blue47.jpg,img/blue48.jpg,img/blue49.jpg,img/blue50.jpg","","response","{""index"":26,""type"":""experimental"",""array_length"":10,""meanVal"":26,""color"":""blue""}","image-slider-response_noButton","<p>what was the average blueness of the array?</p>","1","50","0","function morphedScaleBlue() {
  // defining a few helper functions
  function nrange(size, startAt = 0) {
    return [...Array(size).keys()].map(i => i + startAt);
  };

  function fillArray(value, len) {
    var arr = [];
    for (var i = 0; i < len; i++) {
      arr.push(value);
    }
    return arr;
  };

  function generateSlices(vWidth, nSlices) {
    var step = vWidth*0.6/(nSlices-2);
    var stepArray = fillArray(step,nSlices-2)
    stepArray.unshift(0.2*vWidth)
    stepArray.push(0.2*vWidth)

    var bounds = [];
    
    for (var i = 0; i < nSlices; i++) {
      if (i==0) {
        bounds.push([(i*stepArray[i]), (i*stepArray[i])+stepArray[i]])
      } else if (i>0 && i!=nSlices-1) {
        bounds.push([(i*stepArray[i]+0.2*vWidth), (i*stepArray[i])+stepArray[i]+0.2*vWidth])
      } else {
        bounds.push([(vWidth-0.2*vWidth), vWidth])  
      }
    };
    return bounds;
  };
  
  // start trial timer
  var startTime = (new Date()).getTime();
  // get trial data
  var trialData = jsPsych.currentTrial();

  // remove the picture scales and the slider
  $('.jspsych-image-slider-response_noButton-container').css(""visibility"", ""hidden"");
  $('img').remove();
  
  // Remove mondrian background for rating phase
  $('body').css('background-image', 'none');

  var imgScale = getScaleBlue();
  
  // derive the letter of the image filenames
  var imgBase = imgScale[0].split('img/')[1].split('.jpg')[0].replace(/\d+/g, '');
  
  // split the number of the image filenames off from the rest of it
  var nScale = [];
  for (var i = 0; i < imgScale.length-1; i++) {
    var n = imgScale[i].split('img/')[1].split('.jpg')[0].split(imgBase)[1];
    nScale.push(n);
  };
  
  // calculate the element width, and slice it up into sections
  var vWidth = $(document).width();
  var nSlices = nScale.length;
  var slices = generateSlices(vWidth, nSlices);

  // setting up initial vertical line to start the mousemove functionality
  var vHeight = $(document).height()-8;
  var lineSlice = vWidth / 10;
  var vertLine = `<div style=""border-left:black;border-style:solid;margin-left:${lineSlice}px; height:${vHeight}px;width:0px;position:absolute;"" id=""vertLine""></div>`;
  var linePrompt = `<div id=""linePrompt""><div style=""font-size:50px;position:absolute;margin-left:${lineSlice*1.3}px;margin-top:${vHeight/2}px""></div><div style=""position:absolute;margin-left:${lineSlice*1.2}px;margin-top:${vHeight/2}px;z-index:5;"">Move mouse left of the line to begin</div></div>`;
  $("".jspsych-content-wrapper"").prepend(vertLine);
  $("".jspsych-content-wrapper"").prepend(linePrompt);
  
  // hide prompt until the trial is begun
  $('#jspsych-content > p').css(""visibility"", ""hidden"");

  // initialize the central image with the most neutral one (i.e. from
  // the middle of the scale) and set the image to be blurred
  var initialImage = imgScale[0];
  $('#jspsych-image-slider-response_noButton-stimulus').append(`<img src=""${initialImage}"" style=""filter:blur(4px);visibility:hidden;"" id=""changeable-image""/>`);

  // ADD VISUAL SCALE SHOWING MIN/MAX
  var scaleWidth = vWidth * 0.6;
  var scaleLeft = vWidth * 0.2;
  var scaleHtml = `
    <div id=""scale-container"" style=""position:absolute; bottom:120px; left:${scaleLeft}px; width:${scaleWidth}px; height:30px; background-color:rgba(220,220,220,0.7); border-radius:5px; display:none; z-index:10;"">
      <div style=""position:absolute; left:0px; width:2px; height:30px; background-color:black;""></div>
      <div style=""position:absolute; left:0px; top:32px; font-size:12px; color:black;"">Min (1)</div>
      <div style=""position:absolute; right:0px; width:2px; height:30px; background-color:black;""></div>
      <div style=""position:absolute; right:0px; top:32px; font-size:12px; color:black;"">Max (50)</div>
      <div id=""current-marker"" style=""position:absolute; left:0px; width:2px; height:30px; background-color:blue; display:none;""></div>
    </div>
  `;
  $("".jspsych-content-wrapper"").append(scaleHtml);

  // workaround with a global variable
  window.__imageMouseOver = {
    lineSlice: lineSlice,
    slices: slices,
    nScale: nScale,
    imgBase: imgBase,
    startTime: startTime,
    trialData: trialData,
    sliceSelected: 0,
  };
  var __listenerBools = {};

  // define mousemove event listener that changes image
  function changeImg(event) {
    var mouseX = Math.floor(event.pageX);
    
    // Show the scale after interaction begins
    $(""#scale-container"").css(""display"", ""block"");
    
    // Update current marker position based on mouse position
    var scaleWidth = $(""#scale-container"").width();
    var relativePos = Math.max(0, Math.min(mouseX - scaleLeft, scaleWidth));
    var percentPos = (relativePos / scaleWidth) * 100;
    
    $(""#current-marker"").css({
      ""left"": `${relativePos}px`,
      ""display"": ""block""
    });
    
    for (var i = 0; i < __imageMouseOver.slices.length; i++) {
      // if mouse X position is within the bounds of the X axis slice,
      // change the image to one that is indexed to that slice
      if (mouseX >= __imageMouseOver.slices[i][0] && mouseX <= __imageMouseOver.slices[i][1]) {
        // capture which slice is selected
        __imageMouseOver.sliceSelected = i;
        // update img src to the picture that corresponds to that slice
        $('#changeable-image').attr('src', `img/${__imageMouseOver.imgBase}${__imageMouseOver.nScale[i]}.jpg`);
      }
    };
  };
  
  // define the click listener that ends trial
  function clickHandler(event) {
    if (__listenerBools['mousemove']) {
      // derive trial data
      var trialData = __imageMouseOver.trialData;
      var end_time = (new Date()).getTime();
      var rt = end_time - __imageMouseOver.startTime;
      trialData['rt'] = rt;
      trialData['stimulus_duration'] = rt;
      trialData['trial_duration'] = rt;
      trialData['imageSelected'] = `${__imageMouseOver.imgBase}${__imageMouseOver.nScale[__imageMouseOver.sliceSelected]}.jpg`
      trialData['indexSelected'] = __imageMouseOver.sliceSelected;
      // turn off listeners
      $(document).off('mousemove');
      $(document).off('click');
      // clean up variable namespaces
      delete window.__imageMouseOver
      delete __listenerBools;
      // clean up scale
      $(""#scale-container"").remove();
      // finish the trial with trial data
      jsPsych.finishTrial(trialData);
    };
  };

  function verticalLineInit(event) {
    var mouseX = Math.floor(event.pageX);
    if (mouseX <= __imageMouseOver.lineSlice) {
      $(""#vertLine"").remove();
      $(""#linePrompt"").remove();
      $(""#jspsych-image-slider-response_noButton-stimulus > img"").css({
        ""filter"":""blur(0px)"",
        ""visibility"": ""visible"",
      });
      $('#jspsych-content > p').css(""visibility"", ""visible"");
      $('.jspsych-image-slider-response_noButton-').css(""visibility"", ""visible"");
      
      __listenerBools['mousemove'] = true;
      // turn off THIS mouse move listener
      $(document).off(""mousemove"");
      // turn on the mouse move listener that changes the image
      $(document).mousemove(changeImg);
      // add mouse click listener
      $(document).on('click', clickHandler);
    };
  };

  // turn on the vertical line mouse move listener
  $(document).mousemove(verticalLineInit);
}","[object Object]","0","","Continue","6444","6444","true","blue28.jpg","27","avg","600","blue","10","[17,21,18,24,25,28,29,32,33,35]","26","three giraffes","39","blue","",""
"html-keyboard-response","126","550798","0.0-126.0","573b8bc2f3580b0006ce0986","null","","","","<p style=""font-size: 48px;""> + </p>","null","fixation","","","","","","","","","","","","","","","","","","","","","","","","","blue","",""
"html-keyboard-response","127","552305","0.0-127.0","573b8bc2f3580b0006ce0986","null","","","","<span class='grid'><div class='blue' style='background-position:3400% 0%;margin-top:45px'></div> <div class='blue' style='background-position:1800% 0%;margin-top:35px'></div> <div> </div> <div class='blue' style='background-position:1700% 0%;margin-top:28px'></div> <div class='blue' style='background-position:2300% 0%;margin-top:36px'></div> <div> </div> <div class='blue' style='background-position:2600% 0%;margin-top:43px'></div> <div> </div> <div class='blue' style='background-position:1500% 0%;margin-top:35px'></div> <div class='blue' style='background-position:2400% 0%;margin-top:48px'></div> <div class='blue' style='background-position:1800% 0%;margin-top:48px'></div> <div class='blue' style='background-position:2500% 0%;margin-top:49px'></div> <div class='blue' style='background-position:3100% 0%;margin-top:38px'></div> <div class='blue' style='background-position:2500% 0%;margin-top:33px'></div> <div class='blue' style='background-position:1800% 0%;margin-top:22px'></div> <div class='blue' style='background-position:2200% 0%;margin-top:50px'></div> <div class='blue' style='background-position:2400% 0%;margin-top:24px'></div> <div class='blue' style='background-position:3000% 0%;margin-top:25px'></div> <div class='blue' style='background-position:1800% 0%;margin-top:22px'></div> <div class='blue' style='background-position:2400% 0%;margin-top:28px'></div> <div class='blue' style='background-position:2600% 0%;margin-top:35px'></div> <div class='blue' style='background-position:1800% 0%;margin-top:31px'></div> <div class='blue' style='background-position:3400% 0%;margin-top:26px'></div></span>","null","stimulus","{""index"":26,""type"":""experimental"",""array_length"":10,""meanVal"":26,""color"":""blue""}","","","","","","","","","","","","","","","","","","","","","","","","blue","",""
"image-slider-response_noButton","128","558638","0.0-128.0","573b8bc2f3580b0006ce0986","6332","","","","img/blue1.jpg,img/blue2.jpg,img/blue3.jpg,img/blue4.jpg,img/blue5.jpg,img/blue6.jpg,img/blue7.jpg,img/blue8.jpg,img/blue9.jpg,img/blue10.jpg,img/blue11.jpg,img/blue12.jpg,img/blue13.jpg,img/blue14.jpg,img/blue15.jpg,img/blue16.jpg,img/blue17.jpg,img/blue18.jpg,img/blue19.jpg,img/blue20.jpg,img/blue21.jpg,img/blue22.jpg,img/blue23.jpg,img/blue24.jpg,img/blue25.jpg,img/blue26.jpg,img/blue27.jpg,img/blue28.jpg,img/blue29.jpg,img/blue30.jpg,img/blue31.jpg,img/blue32.jpg,img/blue33.jpg,img/blue34.jpg,img/blue35.jpg,img/blue36.jpg,img/blue37.jpg,img/blue38.jpg,img/blue39.jpg,img/blue40.jpg,img/blue41.jpg,img/blue42.jpg,img/blue43.jpg,img/blue44.jpg,img/blue45.jpg,img/blue46.jpg,img/blue47.jpg,img/blue48.jpg,img/blue49.jpg,img/blue50.jpg","","response","{""index"":27,""type"":""experimental"",""array_length"":20,""meanVal"":25,""color"":""blue""}","image-slider-response_noButton","<p>what was the average blueness of the array?</p>","1","50","0","function morphedScaleBlue() {
  // defining a few helper functions
  function nrange(size, startAt = 0) {
    return [...Array(size).keys()].map(i => i + startAt);
  };

  function fillArray(value, len) {
    var arr = [];
    for (var i = 0; i < len; i++) {
      arr.push(value);
    }
    return arr;
  };

  function generateSlices(vWidth, nSlices) {
    var step = vWidth*0.6/(nSlices-2);
    var stepArray = fillArray(step,nSlices-2)
    stepArray.unshift(0.2*vWidth)
    stepArray.push(0.2*vWidth)

    var bounds = [];
    
    for (var i = 0; i < nSlices; i++) {
      if (i==0) {
        bounds.push([(i*stepArray[i]), (i*stepArray[i])+stepArray[i]])
      } else if (i>0 && i!=nSlices-1) {
        bounds.push([(i*stepArray[i]+0.2*vWidth), (i*stepArray[i])+stepArray[i]+0.2*vWidth])
      } else {
        bounds.push([(vWidth-0.2*vWidth), vWidth])  
      }
    };
    return bounds;
  };
  
  // start trial timer
  var startTime = (new Date()).getTime();
  // get trial data
  var trialData = jsPsych.currentTrial();

  // remove the picture scales and the slider
  $('.jspsych-image-slider-response_noButton-container').css(""visibility"", ""hidden"");
  $('img').remove();
  
  // Remove mondrian background for rating phase
  $('body').css('background-image', 'none');

  var imgScale = getScaleBlue();
  
  // derive the letter of the image filenames
  var imgBase = imgScale[0].split('img/')[1].split('.jpg')[0].replace(/\d+/g, '');
  
  // split the number of the image filenames off from the rest of it
  var nScale = [];
  for (var i = 0; i < imgScale.length-1; i++) {
    var n = imgScale[i].split('img/')[1].split('.jpg')[0].split(imgBase)[1];
    nScale.push(n);
  };
  
  // calculate the element width, and slice it up into sections
  var vWidth = $(document).width();
  var nSlices = nScale.length;
  var slices = generateSlices(vWidth, nSlices);

  // setting up initial vertical line to start the mousemove functionality
  var vHeight = $(document).height()-8;
  var lineSlice = vWidth / 10;
  var vertLine = `<div style=""border-left:black;border-style:solid;margin-left:${lineSlice}px; height:${vHeight}px;width:0px;position:absolute;"" id=""vertLine""></div>`;
  var linePrompt = `<div id=""linePrompt""><div style=""font-size:50px;position:absolute;margin-left:${lineSlice*1.3}px;margin-top:${vHeight/2}px""></div><div style=""position:absolute;margin-left:${lineSlice*1.2}px;margin-top:${vHeight/2}px;z-index:5;"">Move mouse left of the line to begin</div></div>`;
  $("".jspsych-content-wrapper"").prepend(vertLine);
  $("".jspsych-content-wrapper"").prepend(linePrompt);
  
  // hide prompt until the trial is begun
  $('#jspsych-content > p').css(""visibility"", ""hidden"");

  // initialize the central image with the most neutral one (i.e. from
  // the middle of the scale) and set the image to be blurred
  var initialImage = imgScale[0];
  $('#jspsych-image-slider-response_noButton-stimulus').append(`<img src=""${initialImage}"" style=""filter:blur(4px);visibility:hidden;"" id=""changeable-image""/>`);

  // ADD VISUAL SCALE SHOWING MIN/MAX
  var scaleWidth = vWidth * 0.6;
  var scaleLeft = vWidth * 0.2;
  var scaleHtml = `
    <div id=""scale-container"" style=""position:absolute; bottom:120px; left:${scaleLeft}px; width:${scaleWidth}px; height:30px; background-color:rgba(220,220,220,0.7); border-radius:5px; display:none; z-index:10;"">
      <div style=""position:absolute; left:0px; width:2px; height:30px; background-color:black;""></div>
      <div style=""position:absolute; left:0px; top:32px; font-size:12px; color:black;"">Min (1)</div>
      <div style=""position:absolute; right:0px; width:2px; height:30px; background-color:black;""></div>
      <div style=""position:absolute; right:0px; top:32px; font-size:12px; color:black;"">Max (50)</div>
      <div id=""current-marker"" style=""position:absolute; left:0px; width:2px; height:30px; background-color:blue; display:none;""></div>
    </div>
  `;
  $("".jspsych-content-wrapper"").append(scaleHtml);

  // workaround with a global variable
  window.__imageMouseOver = {
    lineSlice: lineSlice,
    slices: slices,
    nScale: nScale,
    imgBase: imgBase,
    startTime: startTime,
    trialData: trialData,
    sliceSelected: 0,
  };
  var __listenerBools = {};

  // define mousemove event listener that changes image
  function changeImg(event) {
    var mouseX = Math.floor(event.pageX);
    
    // Show the scale after interaction begins
    $(""#scale-container"").css(""display"", ""block"");
    
    // Update current marker position based on mouse position
    var scaleWidth = $(""#scale-container"").width();
    var relativePos = Math.max(0, Math.min(mouseX - scaleLeft, scaleWidth));
    var percentPos = (relativePos / scaleWidth) * 100;
    
    $(""#current-marker"").css({
      ""left"": `${relativePos}px`,
      ""display"": ""block""
    });
    
    for (var i = 0; i < __imageMouseOver.slices.length; i++) {
      // if mouse X position is within the bounds of the X axis slice,
      // change the image to one that is indexed to that slice
      if (mouseX >= __imageMouseOver.slices[i][0] && mouseX <= __imageMouseOver.slices[i][1]) {
        // capture which slice is selected
        __imageMouseOver.sliceSelected = i;
        // update img src to the picture that corresponds to that slice
        $('#changeable-image').attr('src', `img/${__imageMouseOver.imgBase}${__imageMouseOver.nScale[i]}.jpg`);
      }
    };
  };
  
  // define the click listener that ends trial
  function clickHandler(event) {
    if (__listenerBools['mousemove']) {
      // derive trial data
      var trialData = __imageMouseOver.trialData;
      var end_time = (new Date()).getTime();
      var rt = end_time - __imageMouseOver.startTime;
      trialData['rt'] = rt;
      trialData['stimulus_duration'] = rt;
      trialData['trial_duration'] = rt;
      trialData['imageSelected'] = `${__imageMouseOver.imgBase}${__imageMouseOver.nScale[__imageMouseOver.sliceSelected]}.jpg`
      trialData['indexSelected'] = __imageMouseOver.sliceSelected;
      // turn off listeners
      $(document).off('mousemove');
      $(document).off('click');
      // clean up variable namespaces
      delete window.__imageMouseOver
      delete __listenerBools;
      // clean up scale
      $(""#scale-container"").remove();
      // finish the trial with trial data
      jsPsych.finishTrial(trialData);
    };
  };

  function verticalLineInit(event) {
    var mouseX = Math.floor(event.pageX);
    if (mouseX <= __imageMouseOver.lineSlice) {
      $(""#vertLine"").remove();
      $(""#linePrompt"").remove();
      $(""#jspsych-image-slider-response_noButton-stimulus > img"").css({
        ""filter"":""blur(0px)"",
        ""visibility"": ""visible"",
      });
      $('#jspsych-content > p').css(""visibility"", ""visible"");
      $('.jspsych-image-slider-response_noButton-').css(""visibility"", ""visible"");
      
      __listenerBools['mousemove'] = true;
      // turn off THIS mouse move listener
      $(document).off(""mousemove"");
      // turn on the mouse move listener that changes the image
      $(document).mousemove(changeImg);
      // add mouse click listener
      $(document).on('click', clickHandler);
    };
  };

  // turn on the vertical line mouse move listener
  $(document).mousemove(verticalLineInit);
}","[object Object]","0","","Continue","6332","6332","true","blue18.jpg","17","avg","400","blue","20","[15,17,18,18,18,18,18,22,23,24,24,24,25,25,26,26,30,31,34,34]","25","three giraffes","40","blue","",""
"html-keyboard-response","129","559145","0.0-129.0","573b8bc2f3580b0006ce0986","null","","","","<p style=""font-size: 48px;""> + </p>","null","fixation","","","","","","","","","","","","","","","","","","","","","","","","","blue","",""
"html-keyboard-response","130","560658","0.0-130.0","573b8bc2f3580b0006ce0986","null","","","","<span class='grid'><div class='blue' style='background-position:2300% 0%;margin-top:31px'></div> <div class='blue' style='background-position:1800% 0%;margin-top:24px'></div> <div> </div> <div class='blue' style='background-position:2500% 0%;margin-top:21px'></div> <div class='blue' style='background-position:2400% 0%;margin-top:22px'></div> <div class='blue' style='background-position:1700% 0%;margin-top:23px'></div> <div class='blue' style='background-position:1800% 0%;margin-top:26px'></div> <div class='blue' style='background-position:2400% 0%;margin-top:20px'></div> <div class='blue' style='background-position:1500% 0%;margin-top:21px'></div> <div> </div> <div class='blue' style='background-position:2600% 0%;margin-top:49px'></div> <div class='blue' style='background-position:3000% 0%;margin-top:38px'></div> <div> </div> <div class='blue' style='background-position:2400% 0%;margin-top:32px'></div> <div class='blue' style='background-position:2600% 0%;margin-top:46px'></div> <div class='blue' style='background-position:2200% 0%;margin-top:43px'></div> <div class='blue' style='background-position:2500% 0%;margin-top:21px'></div> <div class='blue' style='background-position:1800% 0%;margin-top:50px'></div> <div class='blue' style='background-position:1800% 0%;margin-top:28px'></div> <div class='blue' style='background-position:1800% 0%;margin-top:49px'></div> <div class='blue' style='background-position:3400% 0%;margin-top:28px'></div> <div class='blue' style='background-position:3100% 0%;margin-top:42px'></div> <div class='blue' style='background-position:3400% 0%;margin-top:29px'></div></span>","null","stimulus","{""index"":27,""type"":""experimental"",""array_length"":20,""meanVal"":25,""color"":""blue""}","","","","","","","","","","","","","","","","","","","","","","","","blue","",""
"image-slider-response_noButton","131","566900","0.0-131.0","573b8bc2f3580b0006ce0986","6242","","","","img/blue1.jpg,img/blue2.jpg,img/blue3.jpg,img/blue4.jpg,img/blue5.jpg,img/blue6.jpg,img/blue7.jpg,img/blue8.jpg,img/blue9.jpg,img/blue10.jpg,img/blue11.jpg,img/blue12.jpg,img/blue13.jpg,img/blue14.jpg,img/blue15.jpg,img/blue16.jpg,img/blue17.jpg,img/blue18.jpg,img/blue19.jpg,img/blue20.jpg,img/blue21.jpg,img/blue22.jpg,img/blue23.jpg,img/blue24.jpg,img/blue25.jpg,img/blue26.jpg,img/blue27.jpg,img/blue28.jpg,img/blue29.jpg,img/blue30.jpg,img/blue31.jpg,img/blue32.jpg,img/blue33.jpg,img/blue34.jpg,img/blue35.jpg,img/blue36.jpg,img/blue37.jpg,img/blue38.jpg,img/blue39.jpg,img/blue40.jpg,img/blue41.jpg,img/blue42.jpg,img/blue43.jpg,img/blue44.jpg,img/blue45.jpg,img/blue46.jpg,img/blue47.jpg,img/blue48.jpg,img/blue49.jpg,img/blue50.jpg","","response","{""index"":28,""type"":""experimental"",""array_length"":20,""meanVal"":25,""color"":""blue""}","image-slider-response_noButton","<p>what was the average blueness of the array?</p>","1","50","0","function morphedScaleBlue() {
  // defining a few helper functions
  function nrange(size, startAt = 0) {
    return [...Array(size).keys()].map(i => i + startAt);
  };

  function fillArray(value, len) {
    var arr = [];
    for (var i = 0; i < len; i++) {
      arr.push(value);
    }
    return arr;
  };

  function generateSlices(vWidth, nSlices) {
    var step = vWidth*0.6/(nSlices-2);
    var stepArray = fillArray(step,nSlices-2)
    stepArray.unshift(0.2*vWidth)
    stepArray.push(0.2*vWidth)

    var bounds = [];
    
    for (var i = 0; i < nSlices; i++) {
      if (i==0) {
        bounds.push([(i*stepArray[i]), (i*stepArray[i])+stepArray[i]])
      } else if (i>0 && i!=nSlices-1) {
        bounds.push([(i*stepArray[i]+0.2*vWidth), (i*stepArray[i])+stepArray[i]+0.2*vWidth])
      } else {
        bounds.push([(vWidth-0.2*vWidth), vWidth])  
      }
    };
    return bounds;
  };
  
  // start trial timer
  var startTime = (new Date()).getTime();
  // get trial data
  var trialData = jsPsych.currentTrial();

  // remove the picture scales and the slider
  $('.jspsych-image-slider-response_noButton-container').css(""visibility"", ""hidden"");
  $('img').remove();
  
  // Remove mondrian background for rating phase
  $('body').css('background-image', 'none');

  var imgScale = getScaleBlue();
  
  // derive the letter of the image filenames
  var imgBase = imgScale[0].split('img/')[1].split('.jpg')[0].replace(/\d+/g, '');
  
  // split the number of the image filenames off from the rest of it
  var nScale = [];
  for (var i = 0; i < imgScale.length-1; i++) {
    var n = imgScale[i].split('img/')[1].split('.jpg')[0].split(imgBase)[1];
    nScale.push(n);
  };
  
  // calculate the element width, and slice it up into sections
  var vWidth = $(document).width();
  var nSlices = nScale.length;
  var slices = generateSlices(vWidth, nSlices);

  // setting up initial vertical line to start the mousemove functionality
  var vHeight = $(document).height()-8;
  var lineSlice = vWidth / 10;
  var vertLine = `<div style=""border-left:black;border-style:solid;margin-left:${lineSlice}px; height:${vHeight}px;width:0px;position:absolute;"" id=""vertLine""></div>`;
  var linePrompt = `<div id=""linePrompt""><div style=""font-size:50px;position:absolute;margin-left:${lineSlice*1.3}px;margin-top:${vHeight/2}px""></div><div style=""position:absolute;margin-left:${lineSlice*1.2}px;margin-top:${vHeight/2}px;z-index:5;"">Move mouse left of the line to begin</div></div>`;
  $("".jspsych-content-wrapper"").prepend(vertLine);
  $("".jspsych-content-wrapper"").prepend(linePrompt);
  
  // hide prompt until the trial is begun
  $('#jspsych-content > p').css(""visibility"", ""hidden"");

  // initialize the central image with the most neutral one (i.e. from
  // the middle of the scale) and set the image to be blurred
  var initialImage = imgScale[0];
  $('#jspsych-image-slider-response_noButton-stimulus').append(`<img src=""${initialImage}"" style=""filter:blur(4px);visibility:hidden;"" id=""changeable-image""/>`);

  // ADD VISUAL SCALE SHOWING MIN/MAX
  var scaleWidth = vWidth * 0.6;
  var scaleLeft = vWidth * 0.2;
  var scaleHtml = `
    <div id=""scale-container"" style=""position:absolute; bottom:120px; left:${scaleLeft}px; width:${scaleWidth}px; height:30px; background-color:rgba(220,220,220,0.7); border-radius:5px; display:none; z-index:10;"">
      <div style=""position:absolute; left:0px; width:2px; height:30px; background-color:black;""></div>
      <div style=""position:absolute; left:0px; top:32px; font-size:12px; color:black;"">Min (1)</div>
      <div style=""position:absolute; right:0px; width:2px; height:30px; background-color:black;""></div>
      <div style=""position:absolute; right:0px; top:32px; font-size:12px; color:black;"">Max (50)</div>
      <div id=""current-marker"" style=""position:absolute; left:0px; width:2px; height:30px; background-color:blue; display:none;""></div>
    </div>
  `;
  $("".jspsych-content-wrapper"").append(scaleHtml);

  // workaround with a global variable
  window.__imageMouseOver = {
    lineSlice: lineSlice,
    slices: slices,
    nScale: nScale,
    imgBase: imgBase,
    startTime: startTime,
    trialData: trialData,
    sliceSelected: 0,
  };
  var __listenerBools = {};

  // define mousemove event listener that changes image
  function changeImg(event) {
    var mouseX = Math.floor(event.pageX);
    
    // Show the scale after interaction begins
    $(""#scale-container"").css(""display"", ""block"");
    
    // Update current marker position based on mouse position
    var scaleWidth = $(""#scale-container"").width();
    var relativePos = Math.max(0, Math.min(mouseX - scaleLeft, scaleWidth));
    var percentPos = (relativePos / scaleWidth) * 100;
    
    $(""#current-marker"").css({
      ""left"": `${relativePos}px`,
      ""display"": ""block""
    });
    
    for (var i = 0; i < __imageMouseOver.slices.length; i++) {
      // if mouse X position is within the bounds of the X axis slice,
      // change the image to one that is indexed to that slice
      if (mouseX >= __imageMouseOver.slices[i][0] && mouseX <= __imageMouseOver.slices[i][1]) {
        // capture which slice is selected
        __imageMouseOver.sliceSelected = i;
        // update img src to the picture that corresponds to that slice
        $('#changeable-image').attr('src', `img/${__imageMouseOver.imgBase}${__imageMouseOver.nScale[i]}.jpg`);
      }
    };
  };
  
  // define the click listener that ends trial
  function clickHandler(event) {
    if (__listenerBools['mousemove']) {
      // derive trial data
      var trialData = __imageMouseOver.trialData;
      var end_time = (new Date()).getTime();
      var rt = end_time - __imageMouseOver.startTime;
      trialData['rt'] = rt;
      trialData['stimulus_duration'] = rt;
      trialData['trial_duration'] = rt;
      trialData['imageSelected'] = `${__imageMouseOver.imgBase}${__imageMouseOver.nScale[__imageMouseOver.sliceSelected]}.jpg`
      trialData['indexSelected'] = __imageMouseOver.sliceSelected;
      // turn off listeners
      $(document).off('mousemove');
      $(document).off('click');
      // clean up variable namespaces
      delete window.__imageMouseOver
      delete __listenerBools;
      // clean up scale
      $(""#scale-container"").remove();
      // finish the trial with trial data
      jsPsych.finishTrial(trialData);
    };
  };

  function verticalLineInit(event) {
    var mouseX = Math.floor(event.pageX);
    if (mouseX <= __imageMouseOver.lineSlice) {
      $(""#vertLine"").remove();
      $(""#linePrompt"").remove();
      $(""#jspsych-image-slider-response_noButton-stimulus > img"").css({
        ""filter"":""blur(0px)"",
        ""visibility"": ""visible"",
      });
      $('#jspsych-content > p').css(""visibility"", ""visible"");
      $('.jspsych-image-slider-response_noButton-').css(""visibility"", ""visible"");
      
      __listenerBools['mousemove'] = true;
      // turn off THIS mouse move listener
      $(document).off(""mousemove"");
      // turn on the mouse move listener that changes the image
      $(document).mousemove(changeImg);
      // add mouse click listener
      $(document).on('click', clickHandler);
    };
  };

  // turn on the vertical line mouse move listener
  $(document).mousemove(verticalLineInit);
}","[object Object]","0","","Continue","6242","6242","true","blue21.jpg","20","avg","500","blue","20","[15,17,18,18,18,18,18,22,23,24,24,24,25,25,26,26,30,31,34,34]","25","three giraffes","41","blue","",""
"html-keyboard-response","132","567308","0.0-132.0","573b8bc2f3580b0006ce0986","null","","","","<p style=""font-size: 48px;""> + </p>","null","fixation","","","","","","","","","","","","","","","","","","","","","","","","","blue","",""
"html-keyboard-response","133","568821","0.0-133.0","573b8bc2f3580b0006ce0986","null","","","","<span class='grid'><div class='blue' style='background-position:1700% 0%;margin-top:36px'></div> <div> </div> <div class='blue' style='background-position:1800% 0%;margin-top:42px'></div> <div class='blue' style='background-position:1800% 0%;margin-top:47px'></div> <div class='blue' style='background-position:1100% 0%;margin-top:23px'></div> <div class='blue' style='background-position:1900% 0%;margin-top:41px'></div> <div> </div> <div class='blue' style='background-position:1100% 0%;margin-top:27px'></div> <div class='blue' style='background-position:1000% 0%;margin-top:24px'></div> <div class='blue' style='background-position:800% 0%;margin-top:40px'></div> <div> </div> <div class='blue' style='background-position:2700% 0%;margin-top:46px'></div> <div class='blue' style='background-position:1100% 0%;margin-top:40px'></div> <div class='blue' style='background-position:1100% 0%;margin-top:35px'></div> <div class='blue' style='background-position:1700% 0%;margin-top:38px'></div> <div class='blue' style='background-position:2300% 0%;margin-top:35px'></div> <div class='blue' style='background-position:2400% 0%;margin-top:50px'></div> <div class='blue' style='background-position:1600% 0%;margin-top:23px'></div> <div class='blue' style='background-position:1100% 0%;margin-top:46px'></div> <div class='blue' style='background-position:1500% 0%;margin-top:40px'></div> <div class='blue' style='background-position:1700% 0%;margin-top:22px'></div> <div class='blue' style='background-position:1900% 0%;margin-top:25px'></div> <div class='blue' style='background-position:2700% 0%;margin-top:21px'></div></span>","null","stimulus","{""index"":28,""type"":""experimental"",""array_length"":20,""meanVal"":25,""color"":""blue""}","","","","","","","","","","","","","","","","","","","","","","","","blue","",""
"image-slider-response_noButton","134","573843","0.0-134.0","573b8bc2f3580b0006ce0986","5022","","","","img/blue1.jpg,img/blue2.jpg,img/blue3.jpg,img/blue4.jpg,img/blue5.jpg,img/blue6.jpg,img/blue7.jpg,img/blue8.jpg,img/blue9.jpg,img/blue10.jpg,img/blue11.jpg,img/blue12.jpg,img/blue13.jpg,img/blue14.jpg,img/blue15.jpg,img/blue16.jpg,img/blue17.jpg,img/blue18.jpg,img/blue19.jpg,img/blue20.jpg,img/blue21.jpg,img/blue22.jpg,img/blue23.jpg,img/blue24.jpg,img/blue25.jpg,img/blue26.jpg,img/blue27.jpg,img/blue28.jpg,img/blue29.jpg,img/blue30.jpg,img/blue31.jpg,img/blue32.jpg,img/blue33.jpg,img/blue34.jpg,img/blue35.jpg,img/blue36.jpg,img/blue37.jpg,img/blue38.jpg,img/blue39.jpg,img/blue40.jpg,img/blue41.jpg,img/blue42.jpg,img/blue43.jpg,img/blue44.jpg,img/blue45.jpg,img/blue46.jpg,img/blue47.jpg,img/blue48.jpg,img/blue49.jpg,img/blue50.jpg","","response","{""index"":29,""type"":""experimental"",""array_length"":20,""meanVal"":18,""color"":""blue""}","image-slider-response_noButton","<p>what was the average blueness of the array?</p>","1","50","0","function morphedScaleBlue() {
  // defining a few helper functions
  function nrange(size, startAt = 0) {
    return [...Array(size).keys()].map(i => i + startAt);
  };

  function fillArray(value, len) {
    var arr = [];
    for (var i = 0; i < len; i++) {
      arr.push(value);
    }
    return arr;
  };

  function generateSlices(vWidth, nSlices) {
    var step = vWidth*0.6/(nSlices-2);
    var stepArray = fillArray(step,nSlices-2)
    stepArray.unshift(0.2*vWidth)
    stepArray.push(0.2*vWidth)

    var bounds = [];
    
    for (var i = 0; i < nSlices; i++) {
      if (i==0) {
        bounds.push([(i*stepArray[i]), (i*stepArray[i])+stepArray[i]])
      } else if (i>0 && i!=nSlices-1) {
        bounds.push([(i*stepArray[i]+0.2*vWidth), (i*stepArray[i])+stepArray[i]+0.2*vWidth])
      } else {
        bounds.push([(vWidth-0.2*vWidth), vWidth])  
      }
    };
    return bounds;
  };
  
  // start trial timer
  var startTime = (new Date()).getTime();
  // get trial data
  var trialData = jsPsych.currentTrial();

  // remove the picture scales and the slider
  $('.jspsych-image-slider-response_noButton-container').css(""visibility"", ""hidden"");
  $('img').remove();
  
  // Remove mondrian background for rating phase
  $('body').css('background-image', 'none');

  var imgScale = getScaleBlue();
  
  // derive the letter of the image filenames
  var imgBase = imgScale[0].split('img/')[1].split('.jpg')[0].replace(/\d+/g, '');
  
  // split the number of the image filenames off from the rest of it
  var nScale = [];
  for (var i = 0; i < imgScale.length-1; i++) {
    var n = imgScale[i].split('img/')[1].split('.jpg')[0].split(imgBase)[1];
    nScale.push(n);
  };
  
  // calculate the element width, and slice it up into sections
  var vWidth = $(document).width();
  var nSlices = nScale.length;
  var slices = generateSlices(vWidth, nSlices);

  // setting up initial vertical line to start the mousemove functionality
  var vHeight = $(document).height()-8;
  var lineSlice = vWidth / 10;
  var vertLine = `<div style=""border-left:black;border-style:solid;margin-left:${lineSlice}px; height:${vHeight}px;width:0px;position:absolute;"" id=""vertLine""></div>`;
  var linePrompt = `<div id=""linePrompt""><div style=""font-size:50px;position:absolute;margin-left:${lineSlice*1.3}px;margin-top:${vHeight/2}px""></div><div style=""position:absolute;margin-left:${lineSlice*1.2}px;margin-top:${vHeight/2}px;z-index:5;"">Move mouse left of the line to begin</div></div>`;
  $("".jspsych-content-wrapper"").prepend(vertLine);
  $("".jspsych-content-wrapper"").prepend(linePrompt);
  
  // hide prompt until the trial is begun
  $('#jspsych-content > p').css(""visibility"", ""hidden"");

  // initialize the central image with the most neutral one (i.e. from
  // the middle of the scale) and set the image to be blurred
  var initialImage = imgScale[0];
  $('#jspsych-image-slider-response_noButton-stimulus').append(`<img src=""${initialImage}"" style=""filter:blur(4px);visibility:hidden;"" id=""changeable-image""/>`);

  // ADD VISUAL SCALE SHOWING MIN/MAX
  var scaleWidth = vWidth * 0.6;
  var scaleLeft = vWidth * 0.2;
  var scaleHtml = `
    <div id=""scale-container"" style=""position:absolute; bottom:120px; left:${scaleLeft}px; width:${scaleWidth}px; height:30px; background-color:rgba(220,220,220,0.7); border-radius:5px; display:none; z-index:10;"">
      <div style=""position:absolute; left:0px; width:2px; height:30px; background-color:black;""></div>
      <div style=""position:absolute; left:0px; top:32px; font-size:12px; color:black;"">Min (1)</div>
      <div style=""position:absolute; right:0px; width:2px; height:30px; background-color:black;""></div>
      <div style=""position:absolute; right:0px; top:32px; font-size:12px; color:black;"">Max (50)</div>
      <div id=""current-marker"" style=""position:absolute; left:0px; width:2px; height:30px; background-color:blue; display:none;""></div>
    </div>
  `;
  $("".jspsych-content-wrapper"").append(scaleHtml);

  // workaround with a global variable
  window.__imageMouseOver = {
    lineSlice: lineSlice,
    slices: slices,
    nScale: nScale,
    imgBase: imgBase,
    startTime: startTime,
    trialData: trialData,
    sliceSelected: 0,
  };
  var __listenerBools = {};

  // define mousemove event listener that changes image
  function changeImg(event) {
    var mouseX = Math.floor(event.pageX);
    
    // Show the scale after interaction begins
    $(""#scale-container"").css(""display"", ""block"");
    
    // Update current marker position based on mouse position
    var scaleWidth = $(""#scale-container"").width();
    var relativePos = Math.max(0, Math.min(mouseX - scaleLeft, scaleWidth));
    var percentPos = (relativePos / scaleWidth) * 100;
    
    $(""#current-marker"").css({
      ""left"": `${relativePos}px`,
      ""display"": ""block""
    });
    
    for (var i = 0; i < __imageMouseOver.slices.length; i++) {
      // if mouse X position is within the bounds of the X axis slice,
      // change the image to one that is indexed to that slice
      if (mouseX >= __imageMouseOver.slices[i][0] && mouseX <= __imageMouseOver.slices[i][1]) {
        // capture which slice is selected
        __imageMouseOver.sliceSelected = i;
        // update img src to the picture that corresponds to that slice
        $('#changeable-image').attr('src', `img/${__imageMouseOver.imgBase}${__imageMouseOver.nScale[i]}.jpg`);
      }
    };
  };
  
  // define the click listener that ends trial
  function clickHandler(event) {
    if (__listenerBools['mousemove']) {
      // derive trial data
      var trialData = __imageMouseOver.trialData;
      var end_time = (new Date()).getTime();
      var rt = end_time - __imageMouseOver.startTime;
      trialData['rt'] = rt;
      trialData['stimulus_duration'] = rt;
      trialData['trial_duration'] = rt;
      trialData['imageSelected'] = `${__imageMouseOver.imgBase}${__imageMouseOver.nScale[__imageMouseOver.sliceSelected]}.jpg`
      trialData['indexSelected'] = __imageMouseOver.sliceSelected;
      // turn off listeners
      $(document).off('mousemove');
      $(document).off('click');
      // clean up variable namespaces
      delete window.__imageMouseOver
      delete __listenerBools;
      // clean up scale
      $(""#scale-container"").remove();
      // finish the trial with trial data
      jsPsych.finishTrial(trialData);
    };
  };

  function verticalLineInit(event) {
    var mouseX = Math.floor(event.pageX);
    if (mouseX <= __imageMouseOver.lineSlice) {
      $(""#vertLine"").remove();
      $(""#linePrompt"").remove();
      $(""#jspsych-image-slider-response_noButton-stimulus > img"").css({
        ""filter"":""blur(0px)"",
        ""visibility"": ""visible"",
      });
      $('#jspsych-content > p').css(""visibility"", ""visible"");
      $('.jspsych-image-slider-response_noButton-').css(""visibility"", ""visible"");
      
      __listenerBools['mousemove'] = true;
      // turn off THIS mouse move listener
      $(document).off(""mousemove"");
      // turn on the mouse move listener that changes the image
      $(document).mousemove(changeImg);
      // add mouse click listener
      $(document).on('click', clickHandler);
    };
  };

  // turn on the vertical line mouse move listener
  $(document).mousemove(verticalLineInit);
}","[object Object]","0","","Continue","5022","5022","true","blue15.jpg","14","avg","400","blue","20","[8,10,11,11,11,11,11,15,16,17,17,17,18,18,19,19,23,24,27,27]","18","three giraffes","42","blue","",""
"html-keyboard-response","135","574246","0.0-135.0","573b8bc2f3580b0006ce0986","null","","","","<p style=""font-size: 48px;""> + </p>","null","fixation","","","","","","","","","","","","","","","","","","","","","","","","","blue","",""
"html-keyboard-response","136","575754","0.0-136.0","573b8bc2f3580b0006ce0986","null","","","","<span class='grid'><div> </div> <div> </div> <div> </div> <div> </div> <div> </div> <div> </div> <div> </div> <div class='blue' style='background-position:2400% 0%;margin-top:28px'></div> <div> </div> <div class='blue' style='background-position:3200% 0%;margin-top:36px'></div> <div> </div> <div> </div> <div> </div> <div> </div></span>","null","stimulus","{""index"":29,""type"":""experimental"",""array_length"":20,""meanVal"":18,""color"":""blue""}","","","","","","","","","","","","","","","","","","","","","","","","blue","",""
"image-slider-response_noButton","137","580549","0.0-137.0","573b8bc2f3580b0006ce0986","4794","","","","img/blue1.jpg,img/blue2.jpg,img/blue3.jpg,img/blue4.jpg,img/blue5.jpg,img/blue6.jpg,img/blue7.jpg,img/blue8.jpg,img/blue9.jpg,img/blue10.jpg,img/blue11.jpg,img/blue12.jpg,img/blue13.jpg,img/blue14.jpg,img/blue15.jpg,img/blue16.jpg,img/blue17.jpg,img/blue18.jpg,img/blue19.jpg,img/blue20.jpg,img/blue21.jpg,img/blue22.jpg,img/blue23.jpg,img/blue24.jpg,img/blue25.jpg,img/blue26.jpg,img/blue27.jpg,img/blue28.jpg,img/blue29.jpg,img/blue30.jpg,img/blue31.jpg,img/blue32.jpg,img/blue33.jpg,img/blue34.jpg,img/blue35.jpg,img/blue36.jpg,img/blue37.jpg,img/blue38.jpg,img/blue39.jpg,img/blue40.jpg,img/blue41.jpg,img/blue42.jpg,img/blue43.jpg,img/blue44.jpg,img/blue45.jpg,img/blue46.jpg,img/blue47.jpg,img/blue48.jpg,img/blue49.jpg,img/blue50.jpg","","response","{""index"":30,""type"":""experimental"",""array_length"":2,""meanVal"":28,""color"":""blue""}","image-slider-response_noButton","<p>what was the average blueness of the array?</p>","1","50","0","function morphedScaleBlue() {
  // defining a few helper functions
  function nrange(size, startAt = 0) {
    return [...Array(size).keys()].map(i => i + startAt);
  };

  function fillArray(value, len) {
    var arr = [];
    for (var i = 0; i < len; i++) {
      arr.push(value);
    }
    return arr;
  };

  function generateSlices(vWidth, nSlices) {
    var step = vWidth*0.6/(nSlices-2);
    var stepArray = fillArray(step,nSlices-2)
    stepArray.unshift(0.2*vWidth)
    stepArray.push(0.2*vWidth)

    var bounds = [];
    
    for (var i = 0; i < nSlices; i++) {
      if (i==0) {
        bounds.push([(i*stepArray[i]), (i*stepArray[i])+stepArray[i]])
      } else if (i>0 && i!=nSlices-1) {
        bounds.push([(i*stepArray[i]+0.2*vWidth), (i*stepArray[i])+stepArray[i]+0.2*vWidth])
      } else {
        bounds.push([(vWidth-0.2*vWidth), vWidth])  
      }
    };
    return bounds;
  };
  
  // start trial timer
  var startTime = (new Date()).getTime();
  // get trial data
  var trialData = jsPsych.currentTrial();

  // remove the picture scales and the slider
  $('.jspsych-image-slider-response_noButton-container').css(""visibility"", ""hidden"");
  $('img').remove();
  
  // Remove mondrian background for rating phase
  $('body').css('background-image', 'none');

  var imgScale = getScaleBlue();
  
  // derive the letter of the image filenames
  var imgBase = imgScale[0].split('img/')[1].split('.jpg')[0].replace(/\d+/g, '');
  
  // split the number of the image filenames off from the rest of it
  var nScale = [];
  for (var i = 0; i < imgScale.length-1; i++) {
    var n = imgScale[i].split('img/')[1].split('.jpg')[0].split(imgBase)[1];
    nScale.push(n);
  };
  
  // calculate the element width, and slice it up into sections
  var vWidth = $(document).width();
  var nSlices = nScale.length;
  var slices = generateSlices(vWidth, nSlices);

  // setting up initial vertical line to start the mousemove functionality
  var vHeight = $(document).height()-8;
  var lineSlice = vWidth / 10;
  var vertLine = `<div style=""border-left:black;border-style:solid;margin-left:${lineSlice}px; height:${vHeight}px;width:0px;position:absolute;"" id=""vertLine""></div>`;
  var linePrompt = `<div id=""linePrompt""><div style=""font-size:50px;position:absolute;margin-left:${lineSlice*1.3}px;margin-top:${vHeight/2}px""></div><div style=""position:absolute;margin-left:${lineSlice*1.2}px;margin-top:${vHeight/2}px;z-index:5;"">Move mouse left of the line to begin</div></div>`;
  $("".jspsych-content-wrapper"").prepend(vertLine);
  $("".jspsych-content-wrapper"").prepend(linePrompt);
  
  // hide prompt until the trial is begun
  $('#jspsych-content > p').css(""visibility"", ""hidden"");

  // initialize the central image with the most neutral one (i.e. from
  // the middle of the scale) and set the image to be blurred
  var initialImage = imgScale[0];
  $('#jspsych-image-slider-response_noButton-stimulus').append(`<img src=""${initialImage}"" style=""filter:blur(4px);visibility:hidden;"" id=""changeable-image""/>`);

  // ADD VISUAL SCALE SHOWING MIN/MAX
  var scaleWidth = vWidth * 0.6;
  var scaleLeft = vWidth * 0.2;
  var scaleHtml = `
    <div id=""scale-container"" style=""position:absolute; bottom:120px; left:${scaleLeft}px; width:${scaleWidth}px; height:30px; background-color:rgba(220,220,220,0.7); border-radius:5px; display:none; z-index:10;"">
      <div style=""position:absolute; left:0px; width:2px; height:30px; background-color:black;""></div>
      <div style=""position:absolute; left:0px; top:32px; font-size:12px; color:black;"">Min (1)</div>
      <div style=""position:absolute; right:0px; width:2px; height:30px; background-color:black;""></div>
      <div style=""position:absolute; right:0px; top:32px; font-size:12px; color:black;"">Max (50)</div>
      <div id=""current-marker"" style=""position:absolute; left:0px; width:2px; height:30px; background-color:blue; display:none;""></div>
    </div>
  `;
  $("".jspsych-content-wrapper"").append(scaleHtml);

  // workaround with a global variable
  window.__imageMouseOver = {
    lineSlice: lineSlice,
    slices: slices,
    nScale: nScale,
    imgBase: imgBase,
    startTime: startTime,
    trialData: trialData,
    sliceSelected: 0,
  };
  var __listenerBools = {};

  // define mousemove event listener that changes image
  function changeImg(event) {
    var mouseX = Math.floor(event.pageX);
    
    // Show the scale after interaction begins
    $(""#scale-container"").css(""display"", ""block"");
    
    // Update current marker position based on mouse position
    var scaleWidth = $(""#scale-container"").width();
    var relativePos = Math.max(0, Math.min(mouseX - scaleLeft, scaleWidth));
    var percentPos = (relativePos / scaleWidth) * 100;
    
    $(""#current-marker"").css({
      ""left"": `${relativePos}px`,
      ""display"": ""block""
    });
    
    for (var i = 0; i < __imageMouseOver.slices.length; i++) {
      // if mouse X position is within the bounds of the X axis slice,
      // change the image to one that is indexed to that slice
      if (mouseX >= __imageMouseOver.slices[i][0] && mouseX <= __imageMouseOver.slices[i][1]) {
        // capture which slice is selected
        __imageMouseOver.sliceSelected = i;
        // update img src to the picture that corresponds to that slice
        $('#changeable-image').attr('src', `img/${__imageMouseOver.imgBase}${__imageMouseOver.nScale[i]}.jpg`);
      }
    };
  };
  
  // define the click listener that ends trial
  function clickHandler(event) {
    if (__listenerBools['mousemove']) {
      // derive trial data
      var trialData = __imageMouseOver.trialData;
      var end_time = (new Date()).getTime();
      var rt = end_time - __imageMouseOver.startTime;
      trialData['rt'] = rt;
      trialData['stimulus_duration'] = rt;
      trialData['trial_duration'] = rt;
      trialData['imageSelected'] = `${__imageMouseOver.imgBase}${__imageMouseOver.nScale[__imageMouseOver.sliceSelected]}.jpg`
      trialData['indexSelected'] = __imageMouseOver.sliceSelected;
      // turn off listeners
      $(document).off('mousemove');
      $(document).off('click');
      // clean up variable namespaces
      delete window.__imageMouseOver
      delete __listenerBools;
      // clean up scale
      $(""#scale-container"").remove();
      // finish the trial with trial data
      jsPsych.finishTrial(trialData);
    };
  };

  function verticalLineInit(event) {
    var mouseX = Math.floor(event.pageX);
    if (mouseX <= __imageMouseOver.lineSlice) {
      $(""#vertLine"").remove();
      $(""#linePrompt"").remove();
      $(""#jspsych-image-slider-response_noButton-stimulus > img"").css({
        ""filter"":""blur(0px)"",
        ""visibility"": ""visible"",
      });
      $('#jspsych-content > p').css(""visibility"", ""visible"");
      $('.jspsych-image-slider-response_noButton-').css(""visibility"", ""visible"");
      
      __listenerBools['mousemove'] = true;
      // turn off THIS mouse move listener
      $(document).off(""mousemove"");
      // turn on the mouse move listener that changes the image
      $(document).mousemove(changeImg);
      // add mouse click listener
      $(document).on('click', clickHandler);
    };
  };

  // turn on the vertical line mouse move listener
  $(document).mousemove(verticalLineInit);
}","[object Object]","0","","Continue","4794","4794","true","blue25.jpg","24","avg","400","blue","2","[24,32]","28","three giraffes","43","blue","",""
"html-keyboard-response","138","581156","0.0-138.0","573b8bc2f3580b0006ce0986","null","","","","<p style=""font-size: 48px;""> + </p>","null","fixation","","","","","","","","","","","","","","","","","","","","","","","","","blue","",""
"html-keyboard-response","139","582663","0.0-139.0","573b8bc2f3580b0006ce0986","null","","","","<span class='grid'><div class='blue' style='background-position:3100% 0%;margin-top:21px'></div> <div> </div> <div class='blue' style='background-position:2800% 0%;margin-top:36px'></div> <div> </div> <div class='blue' style='background-position:2000% 0%;margin-top:44px'></div> <div class='blue' style='background-position:3400% 0%;margin-top:43px'></div> <div class='blue' style='background-position:3200% 0%;margin-top:21px'></div> <div> </div> <div> </div> <div class='blue' style='background-position:2400% 0%;margin-top:27px'></div> <div> </div> <div> </div> <div class='blue' style='background-position:2300% 0%;margin-top:34px'></div> <div> </div> <div class='blue' style='background-position:1600% 0%;margin-top:21px'></div> <div class='blue' style='background-position:2700% 0%;margin-top:37px'></div> <div class='blue' style='background-position:1700% 0%;margin-top:36px'></div> <div> </div></span>","null","stimulus","{""index"":30,""type"":""experimental"",""array_length"":2,""meanVal"":28,""color"":""blue""}","","","","","","","","","","","","","","","","","","","","","","","","blue","",""
"image-slider-response_noButton","140","588690","0.0-140.0","573b8bc2f3580b0006ce0986","6025","","","","img/blue1.jpg,img/blue2.jpg,img/blue3.jpg,img/blue4.jpg,img/blue5.jpg,img/blue6.jpg,img/blue7.jpg,img/blue8.jpg,img/blue9.jpg,img/blue10.jpg,img/blue11.jpg,img/blue12.jpg,img/blue13.jpg,img/blue14.jpg,img/blue15.jpg,img/blue16.jpg,img/blue17.jpg,img/blue18.jpg,img/blue19.jpg,img/blue20.jpg,img/blue21.jpg,img/blue22.jpg,img/blue23.jpg,img/blue24.jpg,img/blue25.jpg,img/blue26.jpg,img/blue27.jpg,img/blue28.jpg,img/blue29.jpg,img/blue30.jpg,img/blue31.jpg,img/blue32.jpg,img/blue33.jpg,img/blue34.jpg,img/blue35.jpg,img/blue36.jpg,img/blue37.jpg,img/blue38.jpg,img/blue39.jpg,img/blue40.jpg,img/blue41.jpg,img/blue42.jpg,img/blue43.jpg,img/blue44.jpg,img/blue45.jpg,img/blue46.jpg,img/blue47.jpg,img/blue48.jpg,img/blue49.jpg,img/blue50.jpg","","response","{""index"":31,""type"":""experimental"",""array_length"":10,""meanVal"":25,""color"":""blue""}","image-slider-response_noButton","<p>what was the average blueness of the array?</p>","1","50","0","function morphedScaleBlue() {
  // defining a few helper functions
  function nrange(size, startAt = 0) {
    return [...Array(size).keys()].map(i => i + startAt);
  };

  function fillArray(value, len) {
    var arr = [];
    for (var i = 0; i < len; i++) {
      arr.push(value);
    }
    return arr;
  };

  function generateSlices(vWidth, nSlices) {
    var step = vWidth*0.6/(nSlices-2);
    var stepArray = fillArray(step,nSlices-2)
    stepArray.unshift(0.2*vWidth)
    stepArray.push(0.2*vWidth)

    var bounds = [];
    
    for (var i = 0; i < nSlices; i++) {
      if (i==0) {
        bounds.push([(i*stepArray[i]), (i*stepArray[i])+stepArray[i]])
      } else if (i>0 && i!=nSlices-1) {
        bounds.push([(i*stepArray[i]+0.2*vWidth), (i*stepArray[i])+stepArray[i]+0.2*vWidth])
      } else {
        bounds.push([(vWidth-0.2*vWidth), vWidth])  
      }
    };
    return bounds;
  };
  
  // start trial timer
  var startTime = (new Date()).getTime();
  // get trial data
  var trialData = jsPsych.currentTrial();

  // remove the picture scales and the slider
  $('.jspsych-image-slider-response_noButton-container').css(""visibility"", ""hidden"");
  $('img').remove();
  
  // Remove mondrian background for rating phase
  $('body').css('background-image', 'none');

  var imgScale = getScaleBlue();
  
  // derive the letter of the image filenames
  var imgBase = imgScale[0].split('img/')[1].split('.jpg')[0].replace(/\d+/g, '');
  
  // split the number of the image filenames off from the rest of it
  var nScale = [];
  for (var i = 0; i < imgScale.length-1; i++) {
    var n = imgScale[i].split('img/')[1].split('.jpg')[0].split(imgBase)[1];
    nScale.push(n);
  };
  
  // calculate the element width, and slice it up into sections
  var vWidth = $(document).width();
  var nSlices = nScale.length;
  var slices = generateSlices(vWidth, nSlices);

  // setting up initial vertical line to start the mousemove functionality
  var vHeight = $(document).height()-8;
  var lineSlice = vWidth / 10;
  var vertLine = `<div style=""border-left:black;border-style:solid;margin-left:${lineSlice}px; height:${vHeight}px;width:0px;position:absolute;"" id=""vertLine""></div>`;
  var linePrompt = `<div id=""linePrompt""><div style=""font-size:50px;position:absolute;margin-left:${lineSlice*1.3}px;margin-top:${vHeight/2}px""></div><div style=""position:absolute;margin-left:${lineSlice*1.2}px;margin-top:${vHeight/2}px;z-index:5;"">Move mouse left of the line to begin</div></div>`;
  $("".jspsych-content-wrapper"").prepend(vertLine);
  $("".jspsych-content-wrapper"").prepend(linePrompt);
  
  // hide prompt until the trial is begun
  $('#jspsych-content > p').css(""visibility"", ""hidden"");

  // initialize the central image with the most neutral one (i.e. from
  // the middle of the scale) and set the image to be blurred
  var initialImage = imgScale[0];
  $('#jspsych-image-slider-response_noButton-stimulus').append(`<img src=""${initialImage}"" style=""filter:blur(4px);visibility:hidden;"" id=""changeable-image""/>`);

  // ADD VISUAL SCALE SHOWING MIN/MAX
  var scaleWidth = vWidth * 0.6;
  var scaleLeft = vWidth * 0.2;
  var scaleHtml = `
    <div id=""scale-container"" style=""position:absolute; bottom:120px; left:${scaleLeft}px; width:${scaleWidth}px; height:30px; background-color:rgba(220,220,220,0.7); border-radius:5px; display:none; z-index:10;"">
      <div style=""position:absolute; left:0px; width:2px; height:30px; background-color:black;""></div>
      <div style=""position:absolute; left:0px; top:32px; font-size:12px; color:black;"">Min (1)</div>
      <div style=""position:absolute; right:0px; width:2px; height:30px; background-color:black;""></div>
      <div style=""position:absolute; right:0px; top:32px; font-size:12px; color:black;"">Max (50)</div>
      <div id=""current-marker"" style=""position:absolute; left:0px; width:2px; height:30px; background-color:blue; display:none;""></div>
    </div>
  `;
  $("".jspsych-content-wrapper"").append(scaleHtml);

  // workaround with a global variable
  window.__imageMouseOver = {
    lineSlice: lineSlice,
    slices: slices,
    nScale: nScale,
    imgBase: imgBase,
    startTime: startTime,
    trialData: trialData,
    sliceSelected: 0,
  };
  var __listenerBools = {};

  // define mousemove event listener that changes image
  function changeImg(event) {
    var mouseX = Math.floor(event.pageX);
    
    // Show the scale after interaction begins
    $(""#scale-container"").css(""display"", ""block"");
    
    // Update current marker position based on mouse position
    var scaleWidth = $(""#scale-container"").width();
    var relativePos = Math.max(0, Math.min(mouseX - scaleLeft, scaleWidth));
    var percentPos = (relativePos / scaleWidth) * 100;
    
    $(""#current-marker"").css({
      ""left"": `${relativePos}px`,
      ""display"": ""block""
    });
    
    for (var i = 0; i < __imageMouseOver.slices.length; i++) {
      // if mouse X position is within the bounds of the X axis slice,
      // change the image to one that is indexed to that slice
      if (mouseX >= __imageMouseOver.slices[i][0] && mouseX <= __imageMouseOver.slices[i][1]) {
        // capture which slice is selected
        __imageMouseOver.sliceSelected = i;
        // update img src to the picture that corresponds to that slice
        $('#changeable-image').attr('src', `img/${__imageMouseOver.imgBase}${__imageMouseOver.nScale[i]}.jpg`);
      }
    };
  };
  
  // define the click listener that ends trial
  function clickHandler(event) {
    if (__listenerBools['mousemove']) {
      // derive trial data
      var trialData = __imageMouseOver.trialData;
      var end_time = (new Date()).getTime();
      var rt = end_time - __imageMouseOver.startTime;
      trialData['rt'] = rt;
      trialData['stimulus_duration'] = rt;
      trialData['trial_duration'] = rt;
      trialData['imageSelected'] = `${__imageMouseOver.imgBase}${__imageMouseOver.nScale[__imageMouseOver.sliceSelected]}.jpg`
      trialData['indexSelected'] = __imageMouseOver.sliceSelected;
      // turn off listeners
      $(document).off('mousemove');
      $(document).off('click');
      // clean up variable namespaces
      delete window.__imageMouseOver
      delete __listenerBools;
      // clean up scale
      $(""#scale-container"").remove();
      // finish the trial with trial data
      jsPsych.finishTrial(trialData);
    };
  };

  function verticalLineInit(event) {
    var mouseX = Math.floor(event.pageX);
    if (mouseX <= __imageMouseOver.lineSlice) {
      $(""#vertLine"").remove();
      $(""#linePrompt"").remove();
      $(""#jspsych-image-slider-response_noButton-stimulus > img"").css({
        ""filter"":""blur(0px)"",
        ""visibility"": ""visible"",
      });
      $('#jspsych-content > p').css(""visibility"", ""visible"");
      $('.jspsych-image-slider-response_noButton-').css(""visibility"", ""visible"");
      
      __listenerBools['mousemove'] = true;
      // turn off THIS mouse move listener
      $(document).off(""mousemove"");
      // turn on the mouse move listener that changes the image
      $(document).mousemove(changeImg);
      // add mouse click listener
      $(document).on('click', clickHandler);
    };
  };

  // turn on the vertical line mouse move listener
  $(document).mousemove(verticalLineInit);
}","[object Object]","0","","Continue","6025","6025","true","blue21.jpg","20","avg","600","blue","10","[16,20,17,23,24,27,28,31,32,34]","25","three giraffes","44","blue","",""
"html-keyboard-response","141","589191","0.0-141.0","573b8bc2f3580b0006ce0986","null","","","","<p style=""font-size: 48px;""> + </p>","null","fixation","","","","","","","","","","","","","","","","","","","","","","","","","blue","",""
"html-keyboard-response","142","590699","0.0-142.0","573b8bc2f3580b0006ce0986","null","","","","<span class='grid'><div class='blue' style='background-position:3700% 0%;margin-top:41px'></div> <div class='blue' style='background-position:4500% 0%;margin-top:50px'></div> <div class='blue' style='background-position:2600% 0%;margin-top:42px'></div> <div class='blue' style='background-position:3300% 0%;margin-top:25px'></div> <div class='blue' style='background-position:3500% 0%;margin-top:36px'></div> <div class='blue' style='background-position:2900% 0%;margin-top:30px'></div> <div> </div> <div class='blue' style='background-position:3600% 0%;margin-top:35px'></div> <div class='blue' style='background-position:2900% 0%;margin-top:28px'></div> <div class='blue' style='background-position:2900% 0%;margin-top:46px'></div> <div class='blue' style='background-position:2900% 0%;margin-top:22px'></div> <div class='blue' style='background-position:3400% 0%;margin-top:23px'></div> <div class='blue' style='background-position:3500% 0%;margin-top:22px'></div> <div class='blue' style='background-position:4100% 0%;margin-top:44px'></div> <div class='blue' style='background-position:3500% 0%;margin-top:36px'></div> <div class='blue' style='background-position:2800% 0%;margin-top:21px'></div> <div> </div> <div class='blue' style='background-position:2900% 0%;margin-top:37px'></div> <div class='blue' style='background-position:4200% 0%;margin-top:44px'></div> <div class='blue' style='background-position:3700% 0%;margin-top:25px'></div> <div> </div> <div class='blue' style='background-position:3600% 0%;margin-top:39px'></div> <div class='blue' style='background-position:4500% 0%;margin-top:45px'></div></span>","null","stimulus","{""index"":31,""type"":""experimental"",""array_length"":10,""meanVal"":25,""color"":""blue""}","","","","","","","","","","","","","","","","","","","","","","","","blue","",""
"image-slider-response_noButton","143","598727","0.0-143.0","573b8bc2f3580b0006ce0986","8028","","","","img/blue1.jpg,img/blue2.jpg,img/blue3.jpg,img/blue4.jpg,img/blue5.jpg,img/blue6.jpg,img/blue7.jpg,img/blue8.jpg,img/blue9.jpg,img/blue10.jpg,img/blue11.jpg,img/blue12.jpg,img/blue13.jpg,img/blue14.jpg,img/blue15.jpg,img/blue16.jpg,img/blue17.jpg,img/blue18.jpg,img/blue19.jpg,img/blue20.jpg,img/blue21.jpg,img/blue22.jpg,img/blue23.jpg,img/blue24.jpg,img/blue25.jpg,img/blue26.jpg,img/blue27.jpg,img/blue28.jpg,img/blue29.jpg,img/blue30.jpg,img/blue31.jpg,img/blue32.jpg,img/blue33.jpg,img/blue34.jpg,img/blue35.jpg,img/blue36.jpg,img/blue37.jpg,img/blue38.jpg,img/blue39.jpg,img/blue40.jpg,img/blue41.jpg,img/blue42.jpg,img/blue43.jpg,img/blue44.jpg,img/blue45.jpg,img/blue46.jpg,img/blue47.jpg,img/blue48.jpg,img/blue49.jpg,img/blue50.jpg","","response","{""index"":32,""type"":""experimental"",""array_length"":20,""meanVal"":36,""color"":""blue""}","image-slider-response_noButton","<p>what was the average blueness of the array?</p>","1","50","0","function morphedScaleBlue() {
  // defining a few helper functions
  function nrange(size, startAt = 0) {
    return [...Array(size).keys()].map(i => i + startAt);
  };

  function fillArray(value, len) {
    var arr = [];
    for (var i = 0; i < len; i++) {
      arr.push(value);
    }
    return arr;
  };

  function generateSlices(vWidth, nSlices) {
    var step = vWidth*0.6/(nSlices-2);
    var stepArray = fillArray(step,nSlices-2)
    stepArray.unshift(0.2*vWidth)
    stepArray.push(0.2*vWidth)

    var bounds = [];
    
    for (var i = 0; i < nSlices; i++) {
      if (i==0) {
        bounds.push([(i*stepArray[i]), (i*stepArray[i])+stepArray[i]])
      } else if (i>0 && i!=nSlices-1) {
        bounds.push([(i*stepArray[i]+0.2*vWidth), (i*stepArray[i])+stepArray[i]+0.2*vWidth])
      } else {
        bounds.push([(vWidth-0.2*vWidth), vWidth])  
      }
    };
    return bounds;
  };
  
  // start trial timer
  var startTime = (new Date()).getTime();
  // get trial data
  var trialData = jsPsych.currentTrial();

  // remove the picture scales and the slider
  $('.jspsych-image-slider-response_noButton-container').css(""visibility"", ""hidden"");
  $('img').remove();
  
  // Remove mondrian background for rating phase
  $('body').css('background-image', 'none');

  var imgScale = getScaleBlue();
  
  // derive the letter of the image filenames
  var imgBase = imgScale[0].split('img/')[1].split('.jpg')[0].replace(/\d+/g, '');
  
  // split the number of the image filenames off from the rest of it
  var nScale = [];
  for (var i = 0; i < imgScale.length-1; i++) {
    var n = imgScale[i].split('img/')[1].split('.jpg')[0].split(imgBase)[1];
    nScale.push(n);
  };
  
  // calculate the element width, and slice it up into sections
  var vWidth = $(document).width();
  var nSlices = nScale.length;
  var slices = generateSlices(vWidth, nSlices);

  // setting up initial vertical line to start the mousemove functionality
  var vHeight = $(document).height()-8;
  var lineSlice = vWidth / 10;
  var vertLine = `<div style=""border-left:black;border-style:solid;margin-left:${lineSlice}px; height:${vHeight}px;width:0px;position:absolute;"" id=""vertLine""></div>`;
  var linePrompt = `<div id=""linePrompt""><div style=""font-size:50px;position:absolute;margin-left:${lineSlice*1.3}px;margin-top:${vHeight/2}px""></div><div style=""position:absolute;margin-left:${lineSlice*1.2}px;margin-top:${vHeight/2}px;z-index:5;"">Move mouse left of the line to begin</div></div>`;
  $("".jspsych-content-wrapper"").prepend(vertLine);
  $("".jspsych-content-wrapper"").prepend(linePrompt);
  
  // hide prompt until the trial is begun
  $('#jspsych-content > p').css(""visibility"", ""hidden"");

  // initialize the central image with the most neutral one (i.e. from
  // the middle of the scale) and set the image to be blurred
  var initialImage = imgScale[0];
  $('#jspsych-image-slider-response_noButton-stimulus').append(`<img src=""${initialImage}"" style=""filter:blur(4px);visibility:hidden;"" id=""changeable-image""/>`);

  // ADD VISUAL SCALE SHOWING MIN/MAX
  var scaleWidth = vWidth * 0.6;
  var scaleLeft = vWidth * 0.2;
  var scaleHtml = `
    <div id=""scale-container"" style=""position:absolute; bottom:120px; left:${scaleLeft}px; width:${scaleWidth}px; height:30px; background-color:rgba(220,220,220,0.7); border-radius:5px; display:none; z-index:10;"">
      <div style=""position:absolute; left:0px; width:2px; height:30px; background-color:black;""></div>
      <div style=""position:absolute; left:0px; top:32px; font-size:12px; color:black;"">Min (1)</div>
      <div style=""position:absolute; right:0px; width:2px; height:30px; background-color:black;""></div>
      <div style=""position:absolute; right:0px; top:32px; font-size:12px; color:black;"">Max (50)</div>
      <div id=""current-marker"" style=""position:absolute; left:0px; width:2px; height:30px; background-color:blue; display:none;""></div>
    </div>
  `;
  $("".jspsych-content-wrapper"").append(scaleHtml);

  // workaround with a global variable
  window.__imageMouseOver = {
    lineSlice: lineSlice,
    slices: slices,
    nScale: nScale,
    imgBase: imgBase,
    startTime: startTime,
    trialData: trialData,
    sliceSelected: 0,
  };
  var __listenerBools = {};

  // define mousemove event listener that changes image
  function changeImg(event) {
    var mouseX = Math.floor(event.pageX);
    
    // Show the scale after interaction begins
    $(""#scale-container"").css(""display"", ""block"");
    
    // Update current marker position based on mouse position
    var scaleWidth = $(""#scale-container"").width();
    var relativePos = Math.max(0, Math.min(mouseX - scaleLeft, scaleWidth));
    var percentPos = (relativePos / scaleWidth) * 100;
    
    $(""#current-marker"").css({
      ""left"": `${relativePos}px`,
      ""display"": ""block""
    });
    
    for (var i = 0; i < __imageMouseOver.slices.length; i++) {
      // if mouse X position is within the bounds of the X axis slice,
      // change the image to one that is indexed to that slice
      if (mouseX >= __imageMouseOver.slices[i][0] && mouseX <= __imageMouseOver.slices[i][1]) {
        // capture which slice is selected
        __imageMouseOver.sliceSelected = i;
        // update img src to the picture that corresponds to that slice
        $('#changeable-image').attr('src', `img/${__imageMouseOver.imgBase}${__imageMouseOver.nScale[i]}.jpg`);
      }
    };
  };
  
  // define the click listener that ends trial
  function clickHandler(event) {
    if (__listenerBools['mousemove']) {
      // derive trial data
      var trialData = __imageMouseOver.trialData;
      var end_time = (new Date()).getTime();
      var rt = end_time - __imageMouseOver.startTime;
      trialData['rt'] = rt;
      trialData['stimulus_duration'] = rt;
      trialData['trial_duration'] = rt;
      trialData['imageSelected'] = `${__imageMouseOver.imgBase}${__imageMouseOver.nScale[__imageMouseOver.sliceSelected]}.jpg`
      trialData['indexSelected'] = __imageMouseOver.sliceSelected;
      // turn off listeners
      $(document).off('mousemove');
      $(document).off('click');
      // clean up variable namespaces
      delete window.__imageMouseOver
      delete __listenerBools;
      // clean up scale
      $(""#scale-container"").remove();
      // finish the trial with trial data
      jsPsych.finishTrial(trialData);
    };
  };

  function verticalLineInit(event) {
    var mouseX = Math.floor(event.pageX);
    if (mouseX <= __imageMouseOver.lineSlice) {
      $(""#vertLine"").remove();
      $(""#linePrompt"").remove();
      $(""#jspsych-image-slider-response_noButton-stimulus > img"").css({
        ""filter"":""blur(0px)"",
        ""visibility"": ""visible"",
      });
      $('#jspsych-content > p').css(""visibility"", ""visible"");
      $('.jspsych-image-slider-response_noButton-').css(""visibility"", ""visible"");
      
      __listenerBools['mousemove'] = true;
      // turn off THIS mouse move listener
      $(document).off(""mousemove"");
      // turn on the mouse move listener that changes the image
      $(document).mousemove(changeImg);
      // add mouse click listener
      $(document).on('click', clickHandler);
    };
  };

  // turn on the vertical line mouse move listener
  $(document).mousemove(verticalLineInit);
}","[object Object]","0","","Continue","8028","8028","true","blue23.jpg","22","avg","500","blue","20","[26,28,29,29,29,29,29,33,34,35,35,35,36,36,37,37,41,42,45,45]","36","three giraffes","45","blue","",""
"html-keyboard-response","144","599330","0.0-144.0","573b8bc2f3580b0006ce0986","null","","","","<p style=""font-size: 48px;""> + </p>","null","fixation","","","","","","","","","","","","","","","","","","","","","","","","","blue","",""
"html-keyboard-response","145","600841","0.0-145.0","573b8bc2f3580b0006ce0986","null","","","","<span class='grid'><div class='blue' style='background-position:2700% 0%;margin-top:32px'></div> <div class='blue' style='background-position:2400% 0%;margin-top:50px'></div> <div class='blue' style='background-position:3300% 0%;margin-top:22px'></div> <div class='blue' style='background-position:2700% 0%;margin-top:25px'></div> <div class='blue' style='background-position:3300% 0%;margin-top:24px'></div> <div class='blue' style='background-position:4300% 0%;margin-top:25px'></div> <div class='blue' style='background-position:4000% 0%;margin-top:27px'></div> <div class='blue' style='background-position:2700% 0%;margin-top:30px'></div> <div class='blue' style='background-position:3500% 0%;margin-top:26px'></div> <div> </div> <div> </div> <div class='blue' style='background-position:3300% 0%;margin-top:28px'></div> <div class='blue' style='background-position:2600% 0%;margin-top:38px'></div> <div> </div> <div class='blue' style='background-position:3100% 0%;margin-top:42px'></div> <div class='blue' style='background-position:3400% 0%;margin-top:22px'></div> <div class='blue' style='background-position:3400% 0%;margin-top:27px'></div> <div class='blue' style='background-position:3200% 0%;margin-top:30px'></div> <div class='blue' style='background-position:4300% 0%;margin-top:28px'></div> <div class='blue' style='background-position:2700% 0%;margin-top:47px'></div> <div class='blue' style='background-position:2700% 0%;margin-top:22px'></div> <div class='blue' style='background-position:3900% 0%;margin-top:42px'></div> <div class='blue' style='background-position:3500% 0%;margin-top:43px'></div></span>","null","stimulus","{""index"":32,""type"":""experimental"",""array_length"":20,""meanVal"":36,""color"":""blue""}","","","","","","","","","","","","","","","","","","","","","","","","blue","",""
"image-slider-response_noButton","146","605426","0.0-146.0","573b8bc2f3580b0006ce0986","4584","","","","img/blue1.jpg,img/blue2.jpg,img/blue3.jpg,img/blue4.jpg,img/blue5.jpg,img/blue6.jpg,img/blue7.jpg,img/blue8.jpg,img/blue9.jpg,img/blue10.jpg,img/blue11.jpg,img/blue12.jpg,img/blue13.jpg,img/blue14.jpg,img/blue15.jpg,img/blue16.jpg,img/blue17.jpg,img/blue18.jpg,img/blue19.jpg,img/blue20.jpg,img/blue21.jpg,img/blue22.jpg,img/blue23.jpg,img/blue24.jpg,img/blue25.jpg,img/blue26.jpg,img/blue27.jpg,img/blue28.jpg,img/blue29.jpg,img/blue30.jpg,img/blue31.jpg,img/blue32.jpg,img/blue33.jpg,img/blue34.jpg,img/blue35.jpg,img/blue36.jpg,img/blue37.jpg,img/blue38.jpg,img/blue39.jpg,img/blue40.jpg,img/blue41.jpg,img/blue42.jpg,img/blue43.jpg,img/blue44.jpg,img/blue45.jpg,img/blue46.jpg,img/blue47.jpg,img/blue48.jpg,img/blue49.jpg,img/blue50.jpg","","response","{""index"":33,""type"":""experimental"",""array_length"":20,""meanVal"":34,""color"":""blue""}","image-slider-response_noButton","<p>what was the average blueness of the array?</p>","1","50","0","function morphedScaleBlue() {
  // defining a few helper functions
  function nrange(size, startAt = 0) {
    return [...Array(size).keys()].map(i => i + startAt);
  };

  function fillArray(value, len) {
    var arr = [];
    for (var i = 0; i < len; i++) {
      arr.push(value);
    }
    return arr;
  };

  function generateSlices(vWidth, nSlices) {
    var step = vWidth*0.6/(nSlices-2);
    var stepArray = fillArray(step,nSlices-2)
    stepArray.unshift(0.2*vWidth)
    stepArray.push(0.2*vWidth)

    var bounds = [];
    
    for (var i = 0; i < nSlices; i++) {
      if (i==0) {
        bounds.push([(i*stepArray[i]), (i*stepArray[i])+stepArray[i]])
      } else if (i>0 && i!=nSlices-1) {
        bounds.push([(i*stepArray[i]+0.2*vWidth), (i*stepArray[i])+stepArray[i]+0.2*vWidth])
      } else {
        bounds.push([(vWidth-0.2*vWidth), vWidth])  
      }
    };
    return bounds;
  };
  
  // start trial timer
  var startTime = (new Date()).getTime();
  // get trial data
  var trialData = jsPsych.currentTrial();

  // remove the picture scales and the slider
  $('.jspsych-image-slider-response_noButton-container').css(""visibility"", ""hidden"");
  $('img').remove();
  
  // Remove mondrian background for rating phase
  $('body').css('background-image', 'none');

  var imgScale = getScaleBlue();
  
  // derive the letter of the image filenames
  var imgBase = imgScale[0].split('img/')[1].split('.jpg')[0].replace(/\d+/g, '');
  
  // split the number of the image filenames off from the rest of it
  var nScale = [];
  for (var i = 0; i < imgScale.length-1; i++) {
    var n = imgScale[i].split('img/')[1].split('.jpg')[0].split(imgBase)[1];
    nScale.push(n);
  };
  
  // calculate the element width, and slice it up into sections
  var vWidth = $(document).width();
  var nSlices = nScale.length;
  var slices = generateSlices(vWidth, nSlices);

  // setting up initial vertical line to start the mousemove functionality
  var vHeight = $(document).height()-8;
  var lineSlice = vWidth / 10;
  var vertLine = `<div style=""border-left:black;border-style:solid;margin-left:${lineSlice}px; height:${vHeight}px;width:0px;position:absolute;"" id=""vertLine""></div>`;
  var linePrompt = `<div id=""linePrompt""><div style=""font-size:50px;position:absolute;margin-left:${lineSlice*1.3}px;margin-top:${vHeight/2}px""></div><div style=""position:absolute;margin-left:${lineSlice*1.2}px;margin-top:${vHeight/2}px;z-index:5;"">Move mouse left of the line to begin</div></div>`;
  $("".jspsych-content-wrapper"").prepend(vertLine);
  $("".jspsych-content-wrapper"").prepend(linePrompt);
  
  // hide prompt until the trial is begun
  $('#jspsych-content > p').css(""visibility"", ""hidden"");

  // initialize the central image with the most neutral one (i.e. from
  // the middle of the scale) and set the image to be blurred
  var initialImage = imgScale[0];
  $('#jspsych-image-slider-response_noButton-stimulus').append(`<img src=""${initialImage}"" style=""filter:blur(4px);visibility:hidden;"" id=""changeable-image""/>`);

  // ADD VISUAL SCALE SHOWING MIN/MAX
  var scaleWidth = vWidth * 0.6;
  var scaleLeft = vWidth * 0.2;
  var scaleHtml = `
    <div id=""scale-container"" style=""position:absolute; bottom:120px; left:${scaleLeft}px; width:${scaleWidth}px; height:30px; background-color:rgba(220,220,220,0.7); border-radius:5px; display:none; z-index:10;"">
      <div style=""position:absolute; left:0px; width:2px; height:30px; background-color:black;""></div>
      <div style=""position:absolute; left:0px; top:32px; font-size:12px; color:black;"">Min (1)</div>
      <div style=""position:absolute; right:0px; width:2px; height:30px; background-color:black;""></div>
      <div style=""position:absolute; right:0px; top:32px; font-size:12px; color:black;"">Max (50)</div>
      <div id=""current-marker"" style=""position:absolute; left:0px; width:2px; height:30px; background-color:blue; display:none;""></div>
    </div>
  `;
  $("".jspsych-content-wrapper"").append(scaleHtml);

  // workaround with a global variable
  window.__imageMouseOver = {
    lineSlice: lineSlice,
    slices: slices,
    nScale: nScale,
    imgBase: imgBase,
    startTime: startTime,
    trialData: trialData,
    sliceSelected: 0,
  };
  var __listenerBools = {};

  // define mousemove event listener that changes image
  function changeImg(event) {
    var mouseX = Math.floor(event.pageX);
    
    // Show the scale after interaction begins
    $(""#scale-container"").css(""display"", ""block"");
    
    // Update current marker position based on mouse position
    var scaleWidth = $(""#scale-container"").width();
    var relativePos = Math.max(0, Math.min(mouseX - scaleLeft, scaleWidth));
    var percentPos = (relativePos / scaleWidth) * 100;
    
    $(""#current-marker"").css({
      ""left"": `${relativePos}px`,
      ""display"": ""block""
    });
    
    for (var i = 0; i < __imageMouseOver.slices.length; i++) {
      // if mouse X position is within the bounds of the X axis slice,
      // change the image to one that is indexed to that slice
      if (mouseX >= __imageMouseOver.slices[i][0] && mouseX <= __imageMouseOver.slices[i][1]) {
        // capture which slice is selected
        __imageMouseOver.sliceSelected = i;
        // update img src to the picture that corresponds to that slice
        $('#changeable-image').attr('src', `img/${__imageMouseOver.imgBase}${__imageMouseOver.nScale[i]}.jpg`);
      }
    };
  };
  
  // define the click listener that ends trial
  function clickHandler(event) {
    if (__listenerBools['mousemove']) {
      // derive trial data
      var trialData = __imageMouseOver.trialData;
      var end_time = (new Date()).getTime();
      var rt = end_time - __imageMouseOver.startTime;
      trialData['rt'] = rt;
      trialData['stimulus_duration'] = rt;
      trialData['trial_duration'] = rt;
      trialData['imageSelected'] = `${__imageMouseOver.imgBase}${__imageMouseOver.nScale[__imageMouseOver.sliceSelected]}.jpg`
      trialData['indexSelected'] = __imageMouseOver.sliceSelected;
      // turn off listeners
      $(document).off('mousemove');
      $(document).off('click');
      // clean up variable namespaces
      delete window.__imageMouseOver
      delete __listenerBools;
      // clean up scale
      $(""#scale-container"").remove();
      // finish the trial with trial data
      jsPsych.finishTrial(trialData);
    };
  };

  function verticalLineInit(event) {
    var mouseX = Math.floor(event.pageX);
    if (mouseX <= __imageMouseOver.lineSlice) {
      $(""#vertLine"").remove();
      $(""#linePrompt"").remove();
      $(""#jspsych-image-slider-response_noButton-stimulus > img"").css({
        ""filter"":""blur(0px)"",
        ""visibility"": ""visible"",
      });
      $('#jspsych-content > p').css(""visibility"", ""visible"");
      $('.jspsych-image-slider-response_noButton-').css(""visibility"", ""visible"");
      
      __listenerBools['mousemove'] = true;
      // turn off THIS mouse move listener
      $(document).off(""mousemove"");
      // turn on the mouse move listener that changes the image
      $(document).mousemove(changeImg);
      // add mouse click listener
      $(document).on('click', clickHandler);
    };
  };

  // turn on the vertical line mouse move listener
  $(document).mousemove(verticalLineInit);
}","[object Object]","0","","Continue","4584","4584","true","blue21.jpg","20","avg","600","blue","20","[24,26,27,27,27,27,27,31,32,33,33,33,34,34,35,35,39,40,43,43]","34","three giraffes","46","blue","",""
"html-keyboard-response","147","606029","0.0-147.0","573b8bc2f3580b0006ce0986","null","","","","<p style=""font-size: 48px;""> + </p>","null","fixation","","","","","","","","","","","","","","","","","","","","","","","","","blue","",""
"html-keyboard-response","148","607539","0.0-148.0","573b8bc2f3580b0006ce0986","null","","","","<span class='grid'><div class='blue' style='background-position:3400% 0%;margin-top:48px'></div> <div class='blue' style='background-position:3800% 0%;margin-top:28px'></div> <div class='blue' style='background-position:3300% 0%;margin-top:45px'></div> <div class='blue' style='background-position:4200% 0%;margin-top:26px'></div> <div class='blue' style='background-position:3200% 0%;margin-top:39px'></div> <div class='blue' style='background-position:2500% 0%;margin-top:31px'></div> <div class='blue' style='background-position:2300% 0%;margin-top:40px'></div> <div class='blue' style='background-position:3100% 0%;margin-top:31px'></div> <div> </div> <div class='blue' style='background-position:3000% 0%;margin-top:36px'></div> <div> </div> <div class='blue' style='background-position:3300% 0%;margin-top:25px'></div> <div class='blue' style='background-position:2600% 0%;margin-top:50px'></div> <div class='blue' style='background-position:2600% 0%;margin-top:27px'></div> <div class='blue' style='background-position:3900% 0%;margin-top:21px'></div> <div class='blue' style='background-position:2600% 0%;margin-top:20px'></div> <div class='blue' style='background-position:3200% 0%;margin-top:33px'></div> <div class='blue' style='background-position:3400% 0%;margin-top:27px'></div> <div class='blue' style='background-position:4200% 0%;margin-top:21px'></div> <div class='blue' style='background-position:2600% 0%;margin-top:42px'></div> <div> </div> <div class='blue' style='background-position:3200% 0%;margin-top:39px'></div> <div class='blue' style='background-position:2600% 0%;margin-top:21px'></div></span>","null","stimulus","{""index"":33,""type"":""experimental"",""array_length"":20,""meanVal"":34,""color"":""blue""}","","","","","","","","","","","","","","","","","","","","","","","","blue","",""
"image-slider-response_noButton","149","612574","0.0-149.0","573b8bc2f3580b0006ce0986","5034","","","","img/blue1.jpg,img/blue2.jpg,img/blue3.jpg,img/blue4.jpg,img/blue5.jpg,img/blue6.jpg,img/blue7.jpg,img/blue8.jpg,img/blue9.jpg,img/blue10.jpg,img/blue11.jpg,img/blue12.jpg,img/blue13.jpg,img/blue14.jpg,img/blue15.jpg,img/blue16.jpg,img/blue17.jpg,img/blue18.jpg,img/blue19.jpg,img/blue20.jpg,img/blue21.jpg,img/blue22.jpg,img/blue23.jpg,img/blue24.jpg,img/blue25.jpg,img/blue26.jpg,img/blue27.jpg,img/blue28.jpg,img/blue29.jpg,img/blue30.jpg,img/blue31.jpg,img/blue32.jpg,img/blue33.jpg,img/blue34.jpg,img/blue35.jpg,img/blue36.jpg,img/blue37.jpg,img/blue38.jpg,img/blue39.jpg,img/blue40.jpg,img/blue41.jpg,img/blue42.jpg,img/blue43.jpg,img/blue44.jpg,img/blue45.jpg,img/blue46.jpg,img/blue47.jpg,img/blue48.jpg,img/blue49.jpg,img/blue50.jpg","","response","{""index"":34,""type"":""experimental"",""array_length"":20,""meanVal"":33,""color"":""blue""}","image-slider-response_noButton","<p>what was the average blueness of the array?</p>","1","50","0","function morphedScaleBlue() {
  // defining a few helper functions
  function nrange(size, startAt = 0) {
    return [...Array(size).keys()].map(i => i + startAt);
  };

  function fillArray(value, len) {
    var arr = [];
    for (var i = 0; i < len; i++) {
      arr.push(value);
    }
    return arr;
  };

  function generateSlices(vWidth, nSlices) {
    var step = vWidth*0.6/(nSlices-2);
    var stepArray = fillArray(step,nSlices-2)
    stepArray.unshift(0.2*vWidth)
    stepArray.push(0.2*vWidth)

    var bounds = [];
    
    for (var i = 0; i < nSlices; i++) {
      if (i==0) {
        bounds.push([(i*stepArray[i]), (i*stepArray[i])+stepArray[i]])
      } else if (i>0 && i!=nSlices-1) {
        bounds.push([(i*stepArray[i]+0.2*vWidth), (i*stepArray[i])+stepArray[i]+0.2*vWidth])
      } else {
        bounds.push([(vWidth-0.2*vWidth), vWidth])  
      }
    };
    return bounds;
  };
  
  // start trial timer
  var startTime = (new Date()).getTime();
  // get trial data
  var trialData = jsPsych.currentTrial();

  // remove the picture scales and the slider
  $('.jspsych-image-slider-response_noButton-container').css(""visibility"", ""hidden"");
  $('img').remove();
  
  // Remove mondrian background for rating phase
  $('body').css('background-image', 'none');

  var imgScale = getScaleBlue();
  
  // derive the letter of the image filenames
  var imgBase = imgScale[0].split('img/')[1].split('.jpg')[0].replace(/\d+/g, '');
  
  // split the number of the image filenames off from the rest of it
  var nScale = [];
  for (var i = 0; i < imgScale.length-1; i++) {
    var n = imgScale[i].split('img/')[1].split('.jpg')[0].split(imgBase)[1];
    nScale.push(n);
  };
  
  // calculate the element width, and slice it up into sections
  var vWidth = $(document).width();
  var nSlices = nScale.length;
  var slices = generateSlices(vWidth, nSlices);

  // setting up initial vertical line to start the mousemove functionality
  var vHeight = $(document).height()-8;
  var lineSlice = vWidth / 10;
  var vertLine = `<div style=""border-left:black;border-style:solid;margin-left:${lineSlice}px; height:${vHeight}px;width:0px;position:absolute;"" id=""vertLine""></div>`;
  var linePrompt = `<div id=""linePrompt""><div style=""font-size:50px;position:absolute;margin-left:${lineSlice*1.3}px;margin-top:${vHeight/2}px""></div><div style=""position:absolute;margin-left:${lineSlice*1.2}px;margin-top:${vHeight/2}px;z-index:5;"">Move mouse left of the line to begin</div></div>`;
  $("".jspsych-content-wrapper"").prepend(vertLine);
  $("".jspsych-content-wrapper"").prepend(linePrompt);
  
  // hide prompt until the trial is begun
  $('#jspsych-content > p').css(""visibility"", ""hidden"");

  // initialize the central image with the most neutral one (i.e. from
  // the middle of the scale) and set the image to be blurred
  var initialImage = imgScale[0];
  $('#jspsych-image-slider-response_noButton-stimulus').append(`<img src=""${initialImage}"" style=""filter:blur(4px);visibility:hidden;"" id=""changeable-image""/>`);

  // ADD VISUAL SCALE SHOWING MIN/MAX
  var scaleWidth = vWidth * 0.6;
  var scaleLeft = vWidth * 0.2;
  var scaleHtml = `
    <div id=""scale-container"" style=""position:absolute; bottom:120px; left:${scaleLeft}px; width:${scaleWidth}px; height:30px; background-color:rgba(220,220,220,0.7); border-radius:5px; display:none; z-index:10;"">
      <div style=""position:absolute; left:0px; width:2px; height:30px; background-color:black;""></div>
      <div style=""position:absolute; left:0px; top:32px; font-size:12px; color:black;"">Min (1)</div>
      <div style=""position:absolute; right:0px; width:2px; height:30px; background-color:black;""></div>
      <div style=""position:absolute; right:0px; top:32px; font-size:12px; color:black;"">Max (50)</div>
      <div id=""current-marker"" style=""position:absolute; left:0px; width:2px; height:30px; background-color:blue; display:none;""></div>
    </div>
  `;
  $("".jspsych-content-wrapper"").append(scaleHtml);

  // workaround with a global variable
  window.__imageMouseOver = {
    lineSlice: lineSlice,
    slices: slices,
    nScale: nScale,
    imgBase: imgBase,
    startTime: startTime,
    trialData: trialData,
    sliceSelected: 0,
  };
  var __listenerBools = {};

  // define mousemove event listener that changes image
  function changeImg(event) {
    var mouseX = Math.floor(event.pageX);
    
    // Show the scale after interaction begins
    $(""#scale-container"").css(""display"", ""block"");
    
    // Update current marker position based on mouse position
    var scaleWidth = $(""#scale-container"").width();
    var relativePos = Math.max(0, Math.min(mouseX - scaleLeft, scaleWidth));
    var percentPos = (relativePos / scaleWidth) * 100;
    
    $(""#current-marker"").css({
      ""left"": `${relativePos}px`,
      ""display"": ""block""
    });
    
    for (var i = 0; i < __imageMouseOver.slices.length; i++) {
      // if mouse X position is within the bounds of the X axis slice,
      // change the image to one that is indexed to that slice
      if (mouseX >= __imageMouseOver.slices[i][0] && mouseX <= __imageMouseOver.slices[i][1]) {
        // capture which slice is selected
        __imageMouseOver.sliceSelected = i;
        // update img src to the picture that corresponds to that slice
        $('#changeable-image').attr('src', `img/${__imageMouseOver.imgBase}${__imageMouseOver.nScale[i]}.jpg`);
      }
    };
  };
  
  // define the click listener that ends trial
  function clickHandler(event) {
    if (__listenerBools['mousemove']) {
      // derive trial data
      var trialData = __imageMouseOver.trialData;
      var end_time = (new Date()).getTime();
      var rt = end_time - __imageMouseOver.startTime;
      trialData['rt'] = rt;
      trialData['stimulus_duration'] = rt;
      trialData['trial_duration'] = rt;
      trialData['imageSelected'] = `${__imageMouseOver.imgBase}${__imageMouseOver.nScale[__imageMouseOver.sliceSelected]}.jpg`
      trialData['indexSelected'] = __imageMouseOver.sliceSelected;
      // turn off listeners
      $(document).off('mousemove');
      $(document).off('click');
      // clean up variable namespaces
      delete window.__imageMouseOver
      delete __listenerBools;
      // clean up scale
      $(""#scale-container"").remove();
      // finish the trial with trial data
      jsPsych.finishTrial(trialData);
    };
  };

  function verticalLineInit(event) {
    var mouseX = Math.floor(event.pageX);
    if (mouseX <= __imageMouseOver.lineSlice) {
      $(""#vertLine"").remove();
      $(""#linePrompt"").remove();
      $(""#jspsych-image-slider-response_noButton-stimulus > img"").css({
        ""filter"":""blur(0px)"",
        ""visibility"": ""visible"",
      });
      $('#jspsych-content > p').css(""visibility"", ""visible"");
      $('.jspsych-image-slider-response_noButton-').css(""visibility"", ""visible"");
      
      __listenerBools['mousemove'] = true;
      // turn off THIS mouse move listener
      $(document).off(""mousemove"");
      // turn on the mouse move listener that changes the image
      $(document).mousemove(changeImg);
      // add mouse click listener
      $(document).on('click', clickHandler);
    };
  };

  // turn on the vertical line mouse move listener
  $(document).mousemove(verticalLineInit);
}","[object Object]","0","","Continue","5034","5034","true","blue22.jpg","21","avg","600","blue","20","[23,25,26,26,26,26,26,30,31,32,32,32,33,33,34,34,38,39,42,42]","33","three giraffes","47","blue","",""
"html-keyboard-response","150","613181","0.0-150.0","573b8bc2f3580b0006ce0986","null","","","","<p style=""font-size: 48px;""> + </p>","null","fixation","","","","","","","","","","","","","","","","","","","","","","","","","blue","",""
"html-keyboard-response","151","614690","0.0-151.0","573b8bc2f3580b0006ce0986","null","","","","<span class='grid'><div class='blue' style='background-position:2500% 0%;margin-top:42px'></div> <div> </div> <div> </div> <div> </div> <div class='blue' style='background-position:1700% 0%;margin-top:43px'></div> <div> </div> <div> </div> <div> </div> <div> </div> <div> </div> <div> </div> <div> </div> <div> </div> <div> </div></span>","null","stimulus","{""index"":34,""type"":""experimental"",""array_length"":20,""meanVal"":33,""color"":""blue""}","","","","","","","","","","","","","","","","","","","","","","","","blue","",""
"image-slider-response_noButton","152","620026","0.0-152.0","573b8bc2f3580b0006ce0986","5335","","","","img/blue1.jpg,img/blue2.jpg,img/blue3.jpg,img/blue4.jpg,img/blue5.jpg,img/blue6.jpg,img/blue7.jpg,img/blue8.jpg,img/blue9.jpg,img/blue10.jpg,img/blue11.jpg,img/blue12.jpg,img/blue13.jpg,img/blue14.jpg,img/blue15.jpg,img/blue16.jpg,img/blue17.jpg,img/blue18.jpg,img/blue19.jpg,img/blue20.jpg,img/blue21.jpg,img/blue22.jpg,img/blue23.jpg,img/blue24.jpg,img/blue25.jpg,img/blue26.jpg,img/blue27.jpg,img/blue28.jpg,img/blue29.jpg,img/blue30.jpg,img/blue31.jpg,img/blue32.jpg,img/blue33.jpg,img/blue34.jpg,img/blue35.jpg,img/blue36.jpg,img/blue37.jpg,img/blue38.jpg,img/blue39.jpg,img/blue40.jpg,img/blue41.jpg,img/blue42.jpg,img/blue43.jpg,img/blue44.jpg,img/blue45.jpg,img/blue46.jpg,img/blue47.jpg,img/blue48.jpg,img/blue49.jpg,img/blue50.jpg","","response","{""index"":35,""type"":""experimental"",""array_length"":2,""meanVal"":21,""color"":""blue""}","image-slider-response_noButton","<p>what was the average blueness of the array?</p>","1","50","0","function morphedScaleBlue() {
  // defining a few helper functions
  function nrange(size, startAt = 0) {
    return [...Array(size).keys()].map(i => i + startAt);
  };

  function fillArray(value, len) {
    var arr = [];
    for (var i = 0; i < len; i++) {
      arr.push(value);
    }
    return arr;
  };

  function generateSlices(vWidth, nSlices) {
    var step = vWidth*0.6/(nSlices-2);
    var stepArray = fillArray(step,nSlices-2)
    stepArray.unshift(0.2*vWidth)
    stepArray.push(0.2*vWidth)

    var bounds = [];
    
    for (var i = 0; i < nSlices; i++) {
      if (i==0) {
        bounds.push([(i*stepArray[i]), (i*stepArray[i])+stepArray[i]])
      } else if (i>0 && i!=nSlices-1) {
        bounds.push([(i*stepArray[i]+0.2*vWidth), (i*stepArray[i])+stepArray[i]+0.2*vWidth])
      } else {
        bounds.push([(vWidth-0.2*vWidth), vWidth])  
      }
    };
    return bounds;
  };
  
  // start trial timer
  var startTime = (new Date()).getTime();
  // get trial data
  var trialData = jsPsych.currentTrial();

  // remove the picture scales and the slider
  $('.jspsych-image-slider-response_noButton-container').css(""visibility"", ""hidden"");
  $('img').remove();
  
  // Remove mondrian background for rating phase
  $('body').css('background-image', 'none');

  var imgScale = getScaleBlue();
  
  // derive the letter of the image filenames
  var imgBase = imgScale[0].split('img/')[1].split('.jpg')[0].replace(/\d+/g, '');
  
  // split the number of the image filenames off from the rest of it
  var nScale = [];
  for (var i = 0; i < imgScale.length-1; i++) {
    var n = imgScale[i].split('img/')[1].split('.jpg')[0].split(imgBase)[1];
    nScale.push(n);
  };
  
  // calculate the element width, and slice it up into sections
  var vWidth = $(document).width();
  var nSlices = nScale.length;
  var slices = generateSlices(vWidth, nSlices);

  // setting up initial vertical line to start the mousemove functionality
  var vHeight = $(document).height()-8;
  var lineSlice = vWidth / 10;
  var vertLine = `<div style=""border-left:black;border-style:solid;margin-left:${lineSlice}px; height:${vHeight}px;width:0px;position:absolute;"" id=""vertLine""></div>`;
  var linePrompt = `<div id=""linePrompt""><div style=""font-size:50px;position:absolute;margin-left:${lineSlice*1.3}px;margin-top:${vHeight/2}px""></div><div style=""position:absolute;margin-left:${lineSlice*1.2}px;margin-top:${vHeight/2}px;z-index:5;"">Move mouse left of the line to begin</div></div>`;
  $("".jspsych-content-wrapper"").prepend(vertLine);
  $("".jspsych-content-wrapper"").prepend(linePrompt);
  
  // hide prompt until the trial is begun
  $('#jspsych-content > p').css(""visibility"", ""hidden"");

  // initialize the central image with the most neutral one (i.e. from
  // the middle of the scale) and set the image to be blurred
  var initialImage = imgScale[0];
  $('#jspsych-image-slider-response_noButton-stimulus').append(`<img src=""${initialImage}"" style=""filter:blur(4px);visibility:hidden;"" id=""changeable-image""/>`);

  // ADD VISUAL SCALE SHOWING MIN/MAX
  var scaleWidth = vWidth * 0.6;
  var scaleLeft = vWidth * 0.2;
  var scaleHtml = `
    <div id=""scale-container"" style=""position:absolute; bottom:120px; left:${scaleLeft}px; width:${scaleWidth}px; height:30px; background-color:rgba(220,220,220,0.7); border-radius:5px; display:none; z-index:10;"">
      <div style=""position:absolute; left:0px; width:2px; height:30px; background-color:black;""></div>
      <div style=""position:absolute; left:0px; top:32px; font-size:12px; color:black;"">Min (1)</div>
      <div style=""position:absolute; right:0px; width:2px; height:30px; background-color:black;""></div>
      <div style=""position:absolute; right:0px; top:32px; font-size:12px; color:black;"">Max (50)</div>
      <div id=""current-marker"" style=""position:absolute; left:0px; width:2px; height:30px; background-color:blue; display:none;""></div>
    </div>
  `;
  $("".jspsych-content-wrapper"").append(scaleHtml);

  // workaround with a global variable
  window.__imageMouseOver = {
    lineSlice: lineSlice,
    slices: slices,
    nScale: nScale,
    imgBase: imgBase,
    startTime: startTime,
    trialData: trialData,
    sliceSelected: 0,
  };
  var __listenerBools = {};

  // define mousemove event listener that changes image
  function changeImg(event) {
    var mouseX = Math.floor(event.pageX);
    
    // Show the scale after interaction begins
    $(""#scale-container"").css(""display"", ""block"");
    
    // Update current marker position based on mouse position
    var scaleWidth = $(""#scale-container"").width();
    var relativePos = Math.max(0, Math.min(mouseX - scaleLeft, scaleWidth));
    var percentPos = (relativePos / scaleWidth) * 100;
    
    $(""#current-marker"").css({
      ""left"": `${relativePos}px`,
      ""display"": ""block""
    });
    
    for (var i = 0; i < __imageMouseOver.slices.length; i++) {
      // if mouse X position is within the bounds of the X axis slice,
      // change the image to one that is indexed to that slice
      if (mouseX >= __imageMouseOver.slices[i][0] && mouseX <= __imageMouseOver.slices[i][1]) {
        // capture which slice is selected
        __imageMouseOver.sliceSelected = i;
        // update img src to the picture that corresponds to that slice
        $('#changeable-image').attr('src', `img/${__imageMouseOver.imgBase}${__imageMouseOver.nScale[i]}.jpg`);
      }
    };
  };
  
  // define the click listener that ends trial
  function clickHandler(event) {
    if (__listenerBools['mousemove']) {
      // derive trial data
      var trialData = __imageMouseOver.trialData;
      var end_time = (new Date()).getTime();
      var rt = end_time - __imageMouseOver.startTime;
      trialData['rt'] = rt;
      trialData['stimulus_duration'] = rt;
      trialData['trial_duration'] = rt;
      trialData['imageSelected'] = `${__imageMouseOver.imgBase}${__imageMouseOver.nScale[__imageMouseOver.sliceSelected]}.jpg`
      trialData['indexSelected'] = __imageMouseOver.sliceSelected;
      // turn off listeners
      $(document).off('mousemove');
      $(document).off('click');
      // clean up variable namespaces
      delete window.__imageMouseOver
      delete __listenerBools;
      // clean up scale
      $(""#scale-container"").remove();
      // finish the trial with trial data
      jsPsych.finishTrial(trialData);
    };
  };

  function verticalLineInit(event) {
    var mouseX = Math.floor(event.pageX);
    if (mouseX <= __imageMouseOver.lineSlice) {
      $(""#vertLine"").remove();
      $(""#linePrompt"").remove();
      $(""#jspsych-image-slider-response_noButton-stimulus > img"").css({
        ""filter"":""blur(0px)"",
        ""visibility"": ""visible"",
      });
      $('#jspsych-content > p').css(""visibility"", ""visible"");
      $('.jspsych-image-slider-response_noButton-').css(""visibility"", ""visible"");
      
      __listenerBools['mousemove'] = true;
      // turn off THIS mouse move listener
      $(document).off(""mousemove"");
      // turn on the mouse move listener that changes the image
      $(document).mousemove(changeImg);
      // add mouse click listener
      $(document).on('click', clickHandler);
    };
  };

  // turn on the vertical line mouse move listener
  $(document).mousemove(verticalLineInit);
}","[object Object]","0","","Continue","5335","5335","true","blue18.jpg","17","avg","600","blue","2","[17,25]","21","three giraffes","48","blue","",""
"html-keyboard-response","153","620528","0.0-153.0","573b8bc2f3580b0006ce0986","null","","","","<p style=""font-size: 48px;""> + </p>","null","fixation","","","","","","","","","","","","","","","","","","","","","","","","","blue","",""
"html-keyboard-response","154","622043","0.0-154.0","573b8bc2f3580b0006ce0986","null","","","","<span class='grid'><div> </div> <div> </div> <div> </div> <div> </div> <div class='blue' style='background-position:3100% 0%;margin-top:31px'></div> <div> </div> <div class='blue' style='background-position:2300% 0%;margin-top:41px'></div> <div> </div> <div> </div> <div> </div> <div> </div> <div> </div> <div> </div> <div> </div></span>","null","stimulus","{""index"":35,""type"":""experimental"",""array_length"":2,""meanVal"":21,""color"":""blue""}","","","","","","","","","","","","","","","","","","","","","","","","blue","",""
"image-slider-response_noButton","155","626889","0.0-155.0","573b8bc2f3580b0006ce0986","4844","","","","img/blue1.jpg,img/blue2.jpg,img/blue3.jpg,img/blue4.jpg,img/blue5.jpg,img/blue6.jpg,img/blue7.jpg,img/blue8.jpg,img/blue9.jpg,img/blue10.jpg,img/blue11.jpg,img/blue12.jpg,img/blue13.jpg,img/blue14.jpg,img/blue15.jpg,img/blue16.jpg,img/blue17.jpg,img/blue18.jpg,img/blue19.jpg,img/blue20.jpg,img/blue21.jpg,img/blue22.jpg,img/blue23.jpg,img/blue24.jpg,img/blue25.jpg,img/blue26.jpg,img/blue27.jpg,img/blue28.jpg,img/blue29.jpg,img/blue30.jpg,img/blue31.jpg,img/blue32.jpg,img/blue33.jpg,img/blue34.jpg,img/blue35.jpg,img/blue36.jpg,img/blue37.jpg,img/blue38.jpg,img/blue39.jpg,img/blue40.jpg,img/blue41.jpg,img/blue42.jpg,img/blue43.jpg,img/blue44.jpg,img/blue45.jpg,img/blue46.jpg,img/blue47.jpg,img/blue48.jpg,img/blue49.jpg,img/blue50.jpg","","response","{""index"":36,""type"":""experimental"",""array_length"":2,""meanVal"":27,""color"":""blue""}","image-slider-response_noButton","<p>what was the average blueness of the array?</p>","1","50","0","function morphedScaleBlue() {
  // defining a few helper functions
  function nrange(size, startAt = 0) {
    return [...Array(size).keys()].map(i => i + startAt);
  };

  function fillArray(value, len) {
    var arr = [];
    for (var i = 0; i < len; i++) {
      arr.push(value);
    }
    return arr;
  };

  function generateSlices(vWidth, nSlices) {
    var step = vWidth*0.6/(nSlices-2);
    var stepArray = fillArray(step,nSlices-2)
    stepArray.unshift(0.2*vWidth)
    stepArray.push(0.2*vWidth)

    var bounds = [];
    
    for (var i = 0; i < nSlices; i++) {
      if (i==0) {
        bounds.push([(i*stepArray[i]), (i*stepArray[i])+stepArray[i]])
      } else if (i>0 && i!=nSlices-1) {
        bounds.push([(i*stepArray[i]+0.2*vWidth), (i*stepArray[i])+stepArray[i]+0.2*vWidth])
      } else {
        bounds.push([(vWidth-0.2*vWidth), vWidth])  
      }
    };
    return bounds;
  };
  
  // start trial timer
  var startTime = (new Date()).getTime();
  // get trial data
  var trialData = jsPsych.currentTrial();

  // remove the picture scales and the slider
  $('.jspsych-image-slider-response_noButton-container').css(""visibility"", ""hidden"");
  $('img').remove();
  
  // Remove mondrian background for rating phase
  $('body').css('background-image', 'none');

  var imgScale = getScaleBlue();
  
  // derive the letter of the image filenames
  var imgBase = imgScale[0].split('img/')[1].split('.jpg')[0].replace(/\d+/g, '');
  
  // split the number of the image filenames off from the rest of it
  var nScale = [];
  for (var i = 0; i < imgScale.length-1; i++) {
    var n = imgScale[i].split('img/')[1].split('.jpg')[0].split(imgBase)[1];
    nScale.push(n);
  };
  
  // calculate the element width, and slice it up into sections
  var vWidth = $(document).width();
  var nSlices = nScale.length;
  var slices = generateSlices(vWidth, nSlices);

  // setting up initial vertical line to start the mousemove functionality
  var vHeight = $(document).height()-8;
  var lineSlice = vWidth / 10;
  var vertLine = `<div style=""border-left:black;border-style:solid;margin-left:${lineSlice}px; height:${vHeight}px;width:0px;position:absolute;"" id=""vertLine""></div>`;
  var linePrompt = `<div id=""linePrompt""><div style=""font-size:50px;position:absolute;margin-left:${lineSlice*1.3}px;margin-top:${vHeight/2}px""></div><div style=""position:absolute;margin-left:${lineSlice*1.2}px;margin-top:${vHeight/2}px;z-index:5;"">Move mouse left of the line to begin</div></div>`;
  $("".jspsych-content-wrapper"").prepend(vertLine);
  $("".jspsych-content-wrapper"").prepend(linePrompt);
  
  // hide prompt until the trial is begun
  $('#jspsych-content > p').css(""visibility"", ""hidden"");

  // initialize the central image with the most neutral one (i.e. from
  // the middle of the scale) and set the image to be blurred
  var initialImage = imgScale[0];
  $('#jspsych-image-slider-response_noButton-stimulus').append(`<img src=""${initialImage}"" style=""filter:blur(4px);visibility:hidden;"" id=""changeable-image""/>`);

  // ADD VISUAL SCALE SHOWING MIN/MAX
  var scaleWidth = vWidth * 0.6;
  var scaleLeft = vWidth * 0.2;
  var scaleHtml = `
    <div id=""scale-container"" style=""position:absolute; bottom:120px; left:${scaleLeft}px; width:${scaleWidth}px; height:30px; background-color:rgba(220,220,220,0.7); border-radius:5px; display:none; z-index:10;"">
      <div style=""position:absolute; left:0px; width:2px; height:30px; background-color:black;""></div>
      <div style=""position:absolute; left:0px; top:32px; font-size:12px; color:black;"">Min (1)</div>
      <div style=""position:absolute; right:0px; width:2px; height:30px; background-color:black;""></div>
      <div style=""position:absolute; right:0px; top:32px; font-size:12px; color:black;"">Max (50)</div>
      <div id=""current-marker"" style=""position:absolute; left:0px; width:2px; height:30px; background-color:blue; display:none;""></div>
    </div>
  `;
  $("".jspsych-content-wrapper"").append(scaleHtml);

  // workaround with a global variable
  window.__imageMouseOver = {
    lineSlice: lineSlice,
    slices: slices,
    nScale: nScale,
    imgBase: imgBase,
    startTime: startTime,
    trialData: trialData,
    sliceSelected: 0,
  };
  var __listenerBools = {};

  // define mousemove event listener that changes image
  function changeImg(event) {
    var mouseX = Math.floor(event.pageX);
    
    // Show the scale after interaction begins
    $(""#scale-container"").css(""display"", ""block"");
    
    // Update current marker position based on mouse position
    var scaleWidth = $(""#scale-container"").width();
    var relativePos = Math.max(0, Math.min(mouseX - scaleLeft, scaleWidth));
    var percentPos = (relativePos / scaleWidth) * 100;
    
    $(""#current-marker"").css({
      ""left"": `${relativePos}px`,
      ""display"": ""block""
    });
    
    for (var i = 0; i < __imageMouseOver.slices.length; i++) {
      // if mouse X position is within the bounds of the X axis slice,
      // change the image to one that is indexed to that slice
      if (mouseX >= __imageMouseOver.slices[i][0] && mouseX <= __imageMouseOver.slices[i][1]) {
        // capture which slice is selected
        __imageMouseOver.sliceSelected = i;
        // update img src to the picture that corresponds to that slice
        $('#changeable-image').attr('src', `img/${__imageMouseOver.imgBase}${__imageMouseOver.nScale[i]}.jpg`);
      }
    };
  };
  
  // define the click listener that ends trial
  function clickHandler(event) {
    if (__listenerBools['mousemove']) {
      // derive trial data
      var trialData = __imageMouseOver.trialData;
      var end_time = (new Date()).getTime();
      var rt = end_time - __imageMouseOver.startTime;
      trialData['rt'] = rt;
      trialData['stimulus_duration'] = rt;
      trialData['trial_duration'] = rt;
      trialData['imageSelected'] = `${__imageMouseOver.imgBase}${__imageMouseOver.nScale[__imageMouseOver.sliceSelected]}.jpg`
      trialData['indexSelected'] = __imageMouseOver.sliceSelected;
      // turn off listeners
      $(document).off('mousemove');
      $(document).off('click');
      // clean up variable namespaces
      delete window.__imageMouseOver
      delete __listenerBools;
      // clean up scale
      $(""#scale-container"").remove();
      // finish the trial with trial data
      jsPsych.finishTrial(trialData);
    };
  };

  function verticalLineInit(event) {
    var mouseX = Math.floor(event.pageX);
    if (mouseX <= __imageMouseOver.lineSlice) {
      $(""#vertLine"").remove();
      $(""#linePrompt"").remove();
      $(""#jspsych-image-slider-response_noButton-stimulus > img"").css({
        ""filter"":""blur(0px)"",
        ""visibility"": ""visible"",
      });
      $('#jspsych-content > p').css(""visibility"", ""visible"");
      $('.jspsych-image-slider-response_noButton-').css(""visibility"", ""visible"");
      
      __listenerBools['mousemove'] = true;
      // turn off THIS mouse move listener
      $(document).off(""mousemove"");
      // turn on the mouse move listener that changes the image
      $(document).mousemove(changeImg);
      // add mouse click listener
      $(document).on('click', clickHandler);
    };
  };

  // turn on the vertical line mouse move listener
  $(document).mousemove(verticalLineInit);
}","[object Object]","0","","Continue","4844","4844","true","blue20.jpg","19","avg","500","blue","2","[23,31]","27","three giraffes","49","blue","",""
"html-keyboard-response","156","627402","0.0-156.0","573b8bc2f3580b0006ce0986","null","","","","<p style=""font-size: 48px;""> + </p>","null","fixation","","","","","","","","","","","","","","","","","","","","","","","","","blue","",""
"html-keyboard-response","157","628914","0.0-157.0","573b8bc2f3580b0006ce0986","null","","","","<span class='grid'><div class='blue' style='background-position:2900% 0%;margin-top:24px'></div> <div> </div> <div> </div> <div class='blue' style='background-position:1900% 0%;margin-top:36px'></div> <div> </div> <div class='blue' style='background-position:2300% 0%;margin-top:23px'></div> <div class='blue' style='background-position:2600% 0%;margin-top:42px'></div> <div> </div> <div class='blue' style='background-position:2200% 0%;margin-top:27px'></div> <div class='blue' style='background-position:1800% 0%;margin-top:44px'></div> <div class='blue' style='background-position:2700% 0%;margin-top:38px'></div> <div> </div> <div class='blue' style='background-position:1100% 0%;margin-top:36px'></div> <div> </div> <div> </div> <div class='blue' style='background-position:1500% 0%;margin-top:25px'></div> <div> </div> <div class='blue' style='background-position:1200% 0%;margin-top:30px'></div></span>","null","stimulus","{""index"":36,""type"":""experimental"",""array_length"":2,""meanVal"":27,""color"":""blue""}","","","","","","","","","","","","","","","","","","","","","","","","blue","",""
"image-slider-response_noButton","158","634846","0.0-158.0","573b8bc2f3580b0006ce0986","5932","","","","img/blue1.jpg,img/blue2.jpg,img/blue3.jpg,img/blue4.jpg,img/blue5.jpg,img/blue6.jpg,img/blue7.jpg,img/blue8.jpg,img/blue9.jpg,img/blue10.jpg,img/blue11.jpg,img/blue12.jpg,img/blue13.jpg,img/blue14.jpg,img/blue15.jpg,img/blue16.jpg,img/blue17.jpg,img/blue18.jpg,img/blue19.jpg,img/blue20.jpg,img/blue21.jpg,img/blue22.jpg,img/blue23.jpg,img/blue24.jpg,img/blue25.jpg,img/blue26.jpg,img/blue27.jpg,img/blue28.jpg,img/blue29.jpg,img/blue30.jpg,img/blue31.jpg,img/blue32.jpg,img/blue33.jpg,img/blue34.jpg,img/blue35.jpg,img/blue36.jpg,img/blue37.jpg,img/blue38.jpg,img/blue39.jpg,img/blue40.jpg,img/blue41.jpg,img/blue42.jpg,img/blue43.jpg,img/blue44.jpg,img/blue45.jpg,img/blue46.jpg,img/blue47.jpg,img/blue48.jpg,img/blue49.jpg,img/blue50.jpg","","response","{""index"":37,""type"":""experimental"",""array_length"":10,""meanVal"":20,""color"":""blue""}","image-slider-response_noButton","<p>what was the average blueness of the array?</p>","1","50","0","function morphedScaleBlue() {
  // defining a few helper functions
  function nrange(size, startAt = 0) {
    return [...Array(size).keys()].map(i => i + startAt);
  };

  function fillArray(value, len) {
    var arr = [];
    for (var i = 0; i < len; i++) {
      arr.push(value);
    }
    return arr;
  };

  function generateSlices(vWidth, nSlices) {
    var step = vWidth*0.6/(nSlices-2);
    var stepArray = fillArray(step,nSlices-2)
    stepArray.unshift(0.2*vWidth)
    stepArray.push(0.2*vWidth)

    var bounds = [];
    
    for (var i = 0; i < nSlices; i++) {
      if (i==0) {
        bounds.push([(i*stepArray[i]), (i*stepArray[i])+stepArray[i]])
      } else if (i>0 && i!=nSlices-1) {
        bounds.push([(i*stepArray[i]+0.2*vWidth), (i*stepArray[i])+stepArray[i]+0.2*vWidth])
      } else {
        bounds.push([(vWidth-0.2*vWidth), vWidth])  
      }
    };
    return bounds;
  };
  
  // start trial timer
  var startTime = (new Date()).getTime();
  // get trial data
  var trialData = jsPsych.currentTrial();

  // remove the picture scales and the slider
  $('.jspsych-image-slider-response_noButton-container').css(""visibility"", ""hidden"");
  $('img').remove();
  
  // Remove mondrian background for rating phase
  $('body').css('background-image', 'none');

  var imgScale = getScaleBlue();
  
  // derive the letter of the image filenames
  var imgBase = imgScale[0].split('img/')[1].split('.jpg')[0].replace(/\d+/g, '');
  
  // split the number of the image filenames off from the rest of it
  var nScale = [];
  for (var i = 0; i < imgScale.length-1; i++) {
    var n = imgScale[i].split('img/')[1].split('.jpg')[0].split(imgBase)[1];
    nScale.push(n);
  };
  
  // calculate the element width, and slice it up into sections
  var vWidth = $(document).width();
  var nSlices = nScale.length;
  var slices = generateSlices(vWidth, nSlices);

  // setting up initial vertical line to start the mousemove functionality
  var vHeight = $(document).height()-8;
  var lineSlice = vWidth / 10;
  var vertLine = `<div style=""border-left:black;border-style:solid;margin-left:${lineSlice}px; height:${vHeight}px;width:0px;position:absolute;"" id=""vertLine""></div>`;
  var linePrompt = `<div id=""linePrompt""><div style=""font-size:50px;position:absolute;margin-left:${lineSlice*1.3}px;margin-top:${vHeight/2}px""></div><div style=""position:absolute;margin-left:${lineSlice*1.2}px;margin-top:${vHeight/2}px;z-index:5;"">Move mouse left of the line to begin</div></div>`;
  $("".jspsych-content-wrapper"").prepend(vertLine);
  $("".jspsych-content-wrapper"").prepend(linePrompt);
  
  // hide prompt until the trial is begun
  $('#jspsych-content > p').css(""visibility"", ""hidden"");

  // initialize the central image with the most neutral one (i.e. from
  // the middle of the scale) and set the image to be blurred
  var initialImage = imgScale[0];
  $('#jspsych-image-slider-response_noButton-stimulus').append(`<img src=""${initialImage}"" style=""filter:blur(4px);visibility:hidden;"" id=""changeable-image""/>`);

  // ADD VISUAL SCALE SHOWING MIN/MAX
  var scaleWidth = vWidth * 0.6;
  var scaleLeft = vWidth * 0.2;
  var scaleHtml = `
    <div id=""scale-container"" style=""position:absolute; bottom:120px; left:${scaleLeft}px; width:${scaleWidth}px; height:30px; background-color:rgba(220,220,220,0.7); border-radius:5px; display:none; z-index:10;"">
      <div style=""position:absolute; left:0px; width:2px; height:30px; background-color:black;""></div>
      <div style=""position:absolute; left:0px; top:32px; font-size:12px; color:black;"">Min (1)</div>
      <div style=""position:absolute; right:0px; width:2px; height:30px; background-color:black;""></div>
      <div style=""position:absolute; right:0px; top:32px; font-size:12px; color:black;"">Max (50)</div>
      <div id=""current-marker"" style=""position:absolute; left:0px; width:2px; height:30px; background-color:blue; display:none;""></div>
    </div>
  `;
  $("".jspsych-content-wrapper"").append(scaleHtml);

  // workaround with a global variable
  window.__imageMouseOver = {
    lineSlice: lineSlice,
    slices: slices,
    nScale: nScale,
    imgBase: imgBase,
    startTime: startTime,
    trialData: trialData,
    sliceSelected: 0,
  };
  var __listenerBools = {};

  // define mousemove event listener that changes image
  function changeImg(event) {
    var mouseX = Math.floor(event.pageX);
    
    // Show the scale after interaction begins
    $(""#scale-container"").css(""display"", ""block"");
    
    // Update current marker position based on mouse position
    var scaleWidth = $(""#scale-container"").width();
    var relativePos = Math.max(0, Math.min(mouseX - scaleLeft, scaleWidth));
    var percentPos = (relativePos / scaleWidth) * 100;
    
    $(""#current-marker"").css({
      ""left"": `${relativePos}px`,
      ""display"": ""block""
    });
    
    for (var i = 0; i < __imageMouseOver.slices.length; i++) {
      // if mouse X position is within the bounds of the X axis slice,
      // change the image to one that is indexed to that slice
      if (mouseX >= __imageMouseOver.slices[i][0] && mouseX <= __imageMouseOver.slices[i][1]) {
        // capture which slice is selected
        __imageMouseOver.sliceSelected = i;
        // update img src to the picture that corresponds to that slice
        $('#changeable-image').attr('src', `img/${__imageMouseOver.imgBase}${__imageMouseOver.nScale[i]}.jpg`);
      }
    };
  };
  
  // define the click listener that ends trial
  function clickHandler(event) {
    if (__listenerBools['mousemove']) {
      // derive trial data
      var trialData = __imageMouseOver.trialData;
      var end_time = (new Date()).getTime();
      var rt = end_time - __imageMouseOver.startTime;
      trialData['rt'] = rt;
      trialData['stimulus_duration'] = rt;
      trialData['trial_duration'] = rt;
      trialData['imageSelected'] = `${__imageMouseOver.imgBase}${__imageMouseOver.nScale[__imageMouseOver.sliceSelected]}.jpg`
      trialData['indexSelected'] = __imageMouseOver.sliceSelected;
      // turn off listeners
      $(document).off('mousemove');
      $(document).off('click');
      // clean up variable namespaces
      delete window.__imageMouseOver
      delete __listenerBools;
      // clean up scale
      $(""#scale-container"").remove();
      // finish the trial with trial data
      jsPsych.finishTrial(trialData);
    };
  };

  function verticalLineInit(event) {
    var mouseX = Math.floor(event.pageX);
    if (mouseX <= __imageMouseOver.lineSlice) {
      $(""#vertLine"").remove();
      $(""#linePrompt"").remove();
      $(""#jspsych-image-slider-response_noButton-stimulus > img"").css({
        ""filter"":""blur(0px)"",
        ""visibility"": ""visible"",
      });
      $('#jspsych-content > p').css(""visibility"", ""visible"");
      $('.jspsych-image-slider-response_noButton-').css(""visibility"", ""visible"");
      
      __listenerBools['mousemove'] = true;
      // turn off THIS mouse move listener
      $(document).off(""mousemove"");
      // turn on the mouse move listener that changes the image
      $(document).mousemove(changeImg);
      // add mouse click listener
      $(document).on('click', clickHandler);
    };
  };

  // turn on the vertical line mouse move listener
  $(document).mousemove(verticalLineInit);
}","[object Object]","0","","Continue","5932","5932","true","blue24.jpg","23","avg","500","blue","10","[11,15,12,18,19,22,23,26,27,29]","20","three giraffes","50","blue","",""
"html-keyboard-response","159","635462","0.0-159.0","573b8bc2f3580b0006ce0986","null","","","","<p style=""font-size: 48px;""> + </p>","null","fixation","","","","","","","","","","","","","","","","","","","","","","","","","blue","",""
"html-keyboard-response","160","636972","0.0-160.0","573b8bc2f3580b0006ce0986","null","","","","<span class='grid'><div> </div> <div class='blue' style='background-position:3500% 0%;margin-top:38px'></div> <div class='blue' style='background-position:3100% 0%;margin-top:34px'></div> <div class='blue' style='background-position:2000% 0%;margin-top:29px'></div> <div> </div> <div class='blue' style='background-position:2300% 0%;margin-top:35px'></div> <div class='blue' style='background-position:3900% 0%;margin-top:50px'></div> <div class='blue' style='background-position:2900% 0%;margin-top:20px'></div> <div class='blue' style='background-position:2300% 0%;margin-top:34px'></div> <div class='blue' style='background-position:2800% 0%;margin-top:33px'></div> <div class='blue' style='background-position:2900% 0%;margin-top:48px'></div> <div class='blue' style='background-position:3600% 0%;margin-top:28px'></div> <div class='blue' style='background-position:2900% 0%;margin-top:21px'></div> <div class='blue' style='background-position:3100% 0%;margin-top:45px'></div> <div class='blue' style='background-position:3000% 0%;margin-top:38px'></div> <div class='blue' style='background-position:3000% 0%;margin-top:21px'></div> <div class='blue' style='background-position:2700% 0%;margin-top:30px'></div> <div class='blue' style='background-position:2300% 0%;margin-top:48px'></div> <div class='blue' style='background-position:2300% 0%;margin-top:50px'></div> <div class='blue' style='background-position:3900% 0%;margin-top:40px'></div> <div class='blue' style='background-position:2300% 0%;margin-top:34px'></div> <div> </div> <div class='blue' style='background-position:2200% 0%;margin-top:41px'></div></span>","null","stimulus","{""index"":37,""type"":""experimental"",""array_length"":10,""meanVal"":20,""color"":""blue""}","","","","","","","","","","","","","","","","","","","","","","","","blue","",""
"image-slider-response_noButton","161","641717","0.0-161.0","573b8bc2f3580b0006ce0986","4744","","","","img/blue1.jpg,img/blue2.jpg,img/blue3.jpg,img/blue4.jpg,img/blue5.jpg,img/blue6.jpg,img/blue7.jpg,img/blue8.jpg,img/blue9.jpg,img/blue10.jpg,img/blue11.jpg,img/blue12.jpg,img/blue13.jpg,img/blue14.jpg,img/blue15.jpg,img/blue16.jpg,img/blue17.jpg,img/blue18.jpg,img/blue19.jpg,img/blue20.jpg,img/blue21.jpg,img/blue22.jpg,img/blue23.jpg,img/blue24.jpg,img/blue25.jpg,img/blue26.jpg,img/blue27.jpg,img/blue28.jpg,img/blue29.jpg,img/blue30.jpg,img/blue31.jpg,img/blue32.jpg,img/blue33.jpg,img/blue34.jpg,img/blue35.jpg,img/blue36.jpg,img/blue37.jpg,img/blue38.jpg,img/blue39.jpg,img/blue40.jpg,img/blue41.jpg,img/blue42.jpg,img/blue43.jpg,img/blue44.jpg,img/blue45.jpg,img/blue46.jpg,img/blue47.jpg,img/blue48.jpg,img/blue49.jpg,img/blue50.jpg","","response","{""index"":38,""type"":""experimental"",""array_length"":20,""meanVal"":30,""color"":""blue""}","image-slider-response_noButton","<p>what was the average blueness of the array?</p>","1","50","0","function morphedScaleBlue() {
  // defining a few helper functions
  function nrange(size, startAt = 0) {
    return [...Array(size).keys()].map(i => i + startAt);
  };

  function fillArray(value, len) {
    var arr = [];
    for (var i = 0; i < len; i++) {
      arr.push(value);
    }
    return arr;
  };

  function generateSlices(vWidth, nSlices) {
    var step = vWidth*0.6/(nSlices-2);
    var stepArray = fillArray(step,nSlices-2)
    stepArray.unshift(0.2*vWidth)
    stepArray.push(0.2*vWidth)

    var bounds = [];
    
    for (var i = 0; i < nSlices; i++) {
      if (i==0) {
        bounds.push([(i*stepArray[i]), (i*stepArray[i])+stepArray[i]])
      } else if (i>0 && i!=nSlices-1) {
        bounds.push([(i*stepArray[i]+0.2*vWidth), (i*stepArray[i])+stepArray[i]+0.2*vWidth])
      } else {
        bounds.push([(vWidth-0.2*vWidth), vWidth])  
      }
    };
    return bounds;
  };
  
  // start trial timer
  var startTime = (new Date()).getTime();
  // get trial data
  var trialData = jsPsych.currentTrial();

  // remove the picture scales and the slider
  $('.jspsych-image-slider-response_noButton-container').css(""visibility"", ""hidden"");
  $('img').remove();
  
  // Remove mondrian background for rating phase
  $('body').css('background-image', 'none');

  var imgScale = getScaleBlue();
  
  // derive the letter of the image filenames
  var imgBase = imgScale[0].split('img/')[1].split('.jpg')[0].replace(/\d+/g, '');
  
  // split the number of the image filenames off from the rest of it
  var nScale = [];
  for (var i = 0; i < imgScale.length-1; i++) {
    var n = imgScale[i].split('img/')[1].split('.jpg')[0].split(imgBase)[1];
    nScale.push(n);
  };
  
  // calculate the element width, and slice it up into sections
  var vWidth = $(document).width();
  var nSlices = nScale.length;
  var slices = generateSlices(vWidth, nSlices);

  // setting up initial vertical line to start the mousemove functionality
  var vHeight = $(document).height()-8;
  var lineSlice = vWidth / 10;
  var vertLine = `<div style=""border-left:black;border-style:solid;margin-left:${lineSlice}px; height:${vHeight}px;width:0px;position:absolute;"" id=""vertLine""></div>`;
  var linePrompt = `<div id=""linePrompt""><div style=""font-size:50px;position:absolute;margin-left:${lineSlice*1.3}px;margin-top:${vHeight/2}px""></div><div style=""position:absolute;margin-left:${lineSlice*1.2}px;margin-top:${vHeight/2}px;z-index:5;"">Move mouse left of the line to begin</div></div>`;
  $("".jspsych-content-wrapper"").prepend(vertLine);
  $("".jspsych-content-wrapper"").prepend(linePrompt);
  
  // hide prompt until the trial is begun
  $('#jspsych-content > p').css(""visibility"", ""hidden"");

  // initialize the central image with the most neutral one (i.e. from
  // the middle of the scale) and set the image to be blurred
  var initialImage = imgScale[0];
  $('#jspsych-image-slider-response_noButton-stimulus').append(`<img src=""${initialImage}"" style=""filter:blur(4px);visibility:hidden;"" id=""changeable-image""/>`);

  // ADD VISUAL SCALE SHOWING MIN/MAX
  var scaleWidth = vWidth * 0.6;
  var scaleLeft = vWidth * 0.2;
  var scaleHtml = `
    <div id=""scale-container"" style=""position:absolute; bottom:120px; left:${scaleLeft}px; width:${scaleWidth}px; height:30px; background-color:rgba(220,220,220,0.7); border-radius:5px; display:none; z-index:10;"">
      <div style=""position:absolute; left:0px; width:2px; height:30px; background-color:black;""></div>
      <div style=""position:absolute; left:0px; top:32px; font-size:12px; color:black;"">Min (1)</div>
      <div style=""position:absolute; right:0px; width:2px; height:30px; background-color:black;""></div>
      <div style=""position:absolute; right:0px; top:32px; font-size:12px; color:black;"">Max (50)</div>
      <div id=""current-marker"" style=""position:absolute; left:0px; width:2px; height:30px; background-color:blue; display:none;""></div>
    </div>
  `;
  $("".jspsych-content-wrapper"").append(scaleHtml);

  // workaround with a global variable
  window.__imageMouseOver = {
    lineSlice: lineSlice,
    slices: slices,
    nScale: nScale,
    imgBase: imgBase,
    startTime: startTime,
    trialData: trialData,
    sliceSelected: 0,
  };
  var __listenerBools = {};

  // define mousemove event listener that changes image
  function changeImg(event) {
    var mouseX = Math.floor(event.pageX);
    
    // Show the scale after interaction begins
    $(""#scale-container"").css(""display"", ""block"");
    
    // Update current marker position based on mouse position
    var scaleWidth = $(""#scale-container"").width();
    var relativePos = Math.max(0, Math.min(mouseX - scaleLeft, scaleWidth));
    var percentPos = (relativePos / scaleWidth) * 100;
    
    $(""#current-marker"").css({
      ""left"": `${relativePos}px`,
      ""display"": ""block""
    });
    
    for (var i = 0; i < __imageMouseOver.slices.length; i++) {
      // if mouse X position is within the bounds of the X axis slice,
      // change the image to one that is indexed to that slice
      if (mouseX >= __imageMouseOver.slices[i][0] && mouseX <= __imageMouseOver.slices[i][1]) {
        // capture which slice is selected
        __imageMouseOver.sliceSelected = i;
        // update img src to the picture that corresponds to that slice
        $('#changeable-image').attr('src', `img/${__imageMouseOver.imgBase}${__imageMouseOver.nScale[i]}.jpg`);
      }
    };
  };
  
  // define the click listener that ends trial
  function clickHandler(event) {
    if (__listenerBools['mousemove']) {
      // derive trial data
      var trialData = __imageMouseOver.trialData;
      var end_time = (new Date()).getTime();
      var rt = end_time - __imageMouseOver.startTime;
      trialData['rt'] = rt;
      trialData['stimulus_duration'] = rt;
      trialData['trial_duration'] = rt;
      trialData['imageSelected'] = `${__imageMouseOver.imgBase}${__imageMouseOver.nScale[__imageMouseOver.sliceSelected]}.jpg`
      trialData['indexSelected'] = __imageMouseOver.sliceSelected;
      // turn off listeners
      $(document).off('mousemove');
      $(document).off('click');
      // clean up variable namespaces
      delete window.__imageMouseOver
      delete __listenerBools;
      // clean up scale
      $(""#scale-container"").remove();
      // finish the trial with trial data
      jsPsych.finishTrial(trialData);
    };
  };

  function verticalLineInit(event) {
    var mouseX = Math.floor(event.pageX);
    if (mouseX <= __imageMouseOver.lineSlice) {
      $(""#vertLine"").remove();
      $(""#linePrompt"").remove();
      $(""#jspsych-image-slider-response_noButton-stimulus > img"").css({
        ""filter"":""blur(0px)"",
        ""visibility"": ""visible"",
      });
      $('#jspsych-content > p').css(""visibility"", ""visible"");
      $('.jspsych-image-slider-response_noButton-').css(""visibility"", ""visible"");
      
      __listenerBools['mousemove'] = true;
      // turn off THIS mouse move listener
      $(document).off(""mousemove"");
      // turn on the mouse move listener that changes the image
      $(document).mousemove(changeImg);
      // add mouse click listener
      $(document).on('click', clickHandler);
    };
  };

  // turn on the vertical line mouse move listener
  $(document).mousemove(verticalLineInit);
}","[object Object]","0","","Continue","4744","4744","true","blue22.jpg","21","avg","600","blue","20","[20,22,23,23,23,23,23,27,28,29,29,29,30,30,31,31,35,36,39,39]","30","three giraffes","51","blue","",""
"html-keyboard-response","162","642132","0.0-162.0","573b8bc2f3580b0006ce0986","null","","","","<p style=""font-size: 48px;""> + </p>","null","fixation","","","","","","","","","","","","","","","","","","","","","","","","","blue","",""
"html-keyboard-response","163","643635","0.0-163.0","573b8bc2f3580b0006ce0986","null","","","","<span class='grid'><div> </div> <div class='blue' style='background-position:3100% 0%;margin-top:23px'></div> <div> </div> <div> </div> <div> </div> <div> </div> <div class='blue' style='background-position:3900% 0%;margin-top:46px'></div> <div> </div> <div> </div> <div> </div> <div> </div> <div> </div> <div> </div> <div> </div></span>","null","stimulus","{""index"":38,""type"":""experimental"",""array_length"":20,""meanVal"":30,""color"":""blue""}","","","","","","","","","","","","","","","","","","","","","","","","blue","",""
"image-slider-response_noButton","164","650215","0.0-164.0","573b8bc2f3580b0006ce0986","6579","","","","img/blue1.jpg,img/blue2.jpg,img/blue3.jpg,img/blue4.jpg,img/blue5.jpg,img/blue6.jpg,img/blue7.jpg,img/blue8.jpg,img/blue9.jpg,img/blue10.jpg,img/blue11.jpg,img/blue12.jpg,img/blue13.jpg,img/blue14.jpg,img/blue15.jpg,img/blue16.jpg,img/blue17.jpg,img/blue18.jpg,img/blue19.jpg,img/blue20.jpg,img/blue21.jpg,img/blue22.jpg,img/blue23.jpg,img/blue24.jpg,img/blue25.jpg,img/blue26.jpg,img/blue27.jpg,img/blue28.jpg,img/blue29.jpg,img/blue30.jpg,img/blue31.jpg,img/blue32.jpg,img/blue33.jpg,img/blue34.jpg,img/blue35.jpg,img/blue36.jpg,img/blue37.jpg,img/blue38.jpg,img/blue39.jpg,img/blue40.jpg,img/blue41.jpg,img/blue42.jpg,img/blue43.jpg,img/blue44.jpg,img/blue45.jpg,img/blue46.jpg,img/blue47.jpg,img/blue48.jpg,img/blue49.jpg,img/blue50.jpg","","response","{""index"":39,""type"":""experimental"",""array_length"":2,""meanVal"":35,""color"":""blue""}","image-slider-response_noButton","<p>what was the average blueness of the array?</p>","1","50","0","function morphedScaleBlue() {
  // defining a few helper functions
  function nrange(size, startAt = 0) {
    return [...Array(size).keys()].map(i => i + startAt);
  };

  function fillArray(value, len) {
    var arr = [];
    for (var i = 0; i < len; i++) {
      arr.push(value);
    }
    return arr;
  };

  function generateSlices(vWidth, nSlices) {
    var step = vWidth*0.6/(nSlices-2);
    var stepArray = fillArray(step,nSlices-2)
    stepArray.unshift(0.2*vWidth)
    stepArray.push(0.2*vWidth)

    var bounds = [];
    
    for (var i = 0; i < nSlices; i++) {
      if (i==0) {
        bounds.push([(i*stepArray[i]), (i*stepArray[i])+stepArray[i]])
      } else if (i>0 && i!=nSlices-1) {
        bounds.push([(i*stepArray[i]+0.2*vWidth), (i*stepArray[i])+stepArray[i]+0.2*vWidth])
      } else {
        bounds.push([(vWidth-0.2*vWidth), vWidth])  
      }
    };
    return bounds;
  };
  
  // start trial timer
  var startTime = (new Date()).getTime();
  // get trial data
  var trialData = jsPsych.currentTrial();

  // remove the picture scales and the slider
  $('.jspsych-image-slider-response_noButton-container').css(""visibility"", ""hidden"");
  $('img').remove();
  
  // Remove mondrian background for rating phase
  $('body').css('background-image', 'none');

  var imgScale = getScaleBlue();
  
  // derive the letter of the image filenames
  var imgBase = imgScale[0].split('img/')[1].split('.jpg')[0].replace(/\d+/g, '');
  
  // split the number of the image filenames off from the rest of it
  var nScale = [];
  for (var i = 0; i < imgScale.length-1; i++) {
    var n = imgScale[i].split('img/')[1].split('.jpg')[0].split(imgBase)[1];
    nScale.push(n);
  };
  
  // calculate the element width, and slice it up into sections
  var vWidth = $(document).width();
  var nSlices = nScale.length;
  var slices = generateSlices(vWidth, nSlices);

  // setting up initial vertical line to start the mousemove functionality
  var vHeight = $(document).height()-8;
  var lineSlice = vWidth / 10;
  var vertLine = `<div style=""border-left:black;border-style:solid;margin-left:${lineSlice}px; height:${vHeight}px;width:0px;position:absolute;"" id=""vertLine""></div>`;
  var linePrompt = `<div id=""linePrompt""><div style=""font-size:50px;position:absolute;margin-left:${lineSlice*1.3}px;margin-top:${vHeight/2}px""></div><div style=""position:absolute;margin-left:${lineSlice*1.2}px;margin-top:${vHeight/2}px;z-index:5;"">Move mouse left of the line to begin</div></div>`;
  $("".jspsych-content-wrapper"").prepend(vertLine);
  $("".jspsych-content-wrapper"").prepend(linePrompt);
  
  // hide prompt until the trial is begun
  $('#jspsych-content > p').css(""visibility"", ""hidden"");

  // initialize the central image with the most neutral one (i.e. from
  // the middle of the scale) and set the image to be blurred
  var initialImage = imgScale[0];
  $('#jspsych-image-slider-response_noButton-stimulus').append(`<img src=""${initialImage}"" style=""filter:blur(4px);visibility:hidden;"" id=""changeable-image""/>`);

  // ADD VISUAL SCALE SHOWING MIN/MAX
  var scaleWidth = vWidth * 0.6;
  var scaleLeft = vWidth * 0.2;
  var scaleHtml = `
    <div id=""scale-container"" style=""position:absolute; bottom:120px; left:${scaleLeft}px; width:${scaleWidth}px; height:30px; background-color:rgba(220,220,220,0.7); border-radius:5px; display:none; z-index:10;"">
      <div style=""position:absolute; left:0px; width:2px; height:30px; background-color:black;""></div>
      <div style=""position:absolute; left:0px; top:32px; font-size:12px; color:black;"">Min (1)</div>
      <div style=""position:absolute; right:0px; width:2px; height:30px; background-color:black;""></div>
      <div style=""position:absolute; right:0px; top:32px; font-size:12px; color:black;"">Max (50)</div>
      <div id=""current-marker"" style=""position:absolute; left:0px; width:2px; height:30px; background-color:blue; display:none;""></div>
    </div>
  `;
  $("".jspsych-content-wrapper"").append(scaleHtml);

  // workaround with a global variable
  window.__imageMouseOver = {
    lineSlice: lineSlice,
    slices: slices,
    nScale: nScale,
    imgBase: imgBase,
    startTime: startTime,
    trialData: trialData,
    sliceSelected: 0,
  };
  var __listenerBools = {};

  // define mousemove event listener that changes image
  function changeImg(event) {
    var mouseX = Math.floor(event.pageX);
    
    // Show the scale after interaction begins
    $(""#scale-container"").css(""display"", ""block"");
    
    // Update current marker position based on mouse position
    var scaleWidth = $(""#scale-container"").width();
    var relativePos = Math.max(0, Math.min(mouseX - scaleLeft, scaleWidth));
    var percentPos = (relativePos / scaleWidth) * 100;
    
    $(""#current-marker"").css({
      ""left"": `${relativePos}px`,
      ""display"": ""block""
    });
    
    for (var i = 0; i < __imageMouseOver.slices.length; i++) {
      // if mouse X position is within the bounds of the X axis slice,
      // change the image to one that is indexed to that slice
      if (mouseX >= __imageMouseOver.slices[i][0] && mouseX <= __imageMouseOver.slices[i][1]) {
        // capture which slice is selected
        __imageMouseOver.sliceSelected = i;
        // update img src to the picture that corresponds to that slice
        $('#changeable-image').attr('src', `img/${__imageMouseOver.imgBase}${__imageMouseOver.nScale[i]}.jpg`);
      }
    };
  };
  
  // define the click listener that ends trial
  function clickHandler(event) {
    if (__listenerBools['mousemove']) {
      // derive trial data
      var trialData = __imageMouseOver.trialData;
      var end_time = (new Date()).getTime();
      var rt = end_time - __imageMouseOver.startTime;
      trialData['rt'] = rt;
      trialData['stimulus_duration'] = rt;
      trialData['trial_duration'] = rt;
      trialData['imageSelected'] = `${__imageMouseOver.imgBase}${__imageMouseOver.nScale[__imageMouseOver.sliceSelected]}.jpg`
      trialData['indexSelected'] = __imageMouseOver.sliceSelected;
      // turn off listeners
      $(document).off('mousemove');
      $(document).off('click');
      // clean up variable namespaces
      delete window.__imageMouseOver
      delete __listenerBools;
      // clean up scale
      $(""#scale-container"").remove();
      // finish the trial with trial data
      jsPsych.finishTrial(trialData);
    };
  };

  function verticalLineInit(event) {
    var mouseX = Math.floor(event.pageX);
    if (mouseX <= __imageMouseOver.lineSlice) {
      $(""#vertLine"").remove();
      $(""#linePrompt"").remove();
      $(""#jspsych-image-slider-response_noButton-stimulus > img"").css({
        ""filter"":""blur(0px)"",
        ""visibility"": ""visible"",
      });
      $('#jspsych-content > p').css(""visibility"", ""visible"");
      $('.jspsych-image-slider-response_noButton-').css(""visibility"", ""visible"");
      
      __listenerBools['mousemove'] = true;
      // turn off THIS mouse move listener
      $(document).off(""mousemove"");
      // turn on the mouse move listener that changes the image
      $(document).mousemove(changeImg);
      // add mouse click listener
      $(document).on('click', clickHandler);
    };
  };

  // turn on the vertical line mouse move listener
  $(document).mousemove(verticalLineInit);
}","[object Object]","0","","Continue","6579","6579","true","blue28.jpg","27","avg","400","blue","2","[31,39]","35","three giraffes","52","blue","",""
"html-keyboard-response","165","650717","0.0-165.0","573b8bc2f3580b0006ce0986","null","","","","<p style=""font-size: 48px;""> + </p>","null","fixation","","","","","","","","","","","","","","","","","","","","","","","","","blue","",""
"html-keyboard-response","166","652219","0.0-166.0","573b8bc2f3580b0006ce0986","null","","","","<span class='grid'><div class='blue' style='background-position:3200% 0%;margin-top:39px'></div> <div> </div> <div> </div> <div class='blue' style='background-position:3600% 0%;margin-top:24px'></div> <div class='blue' style='background-position:4000% 0%;margin-top:45px'></div> <div class='blue' style='background-position:3100% 0%;margin-top:31px'></div> <div class='blue' style='background-position:2500% 0%;margin-top:41px'></div> <div> </div> <div class='blue' style='background-position:3500% 0%;margin-top:44px'></div> <div class='blue' style='background-position:4200% 0%;margin-top:24px'></div> <div class='blue' style='background-position:3900% 0%;margin-top:39px'></div> <div class='blue' style='background-position:2400% 0%;margin-top:50px'></div> <div> </div> <div> </div> <div> </div> <div> </div> <div class='blue' style='background-position:2800% 0%;margin-top:50px'></div> <div> </div></span>","null","stimulus","{""index"":39,""type"":""experimental"",""array_length"":2,""meanVal"":35,""color"":""blue""}","","","","","","","","","","","","","","","","","","","","","","","","blue","",""
"image-slider-response_noButton","167","656504","0.0-167.0","573b8bc2f3580b0006ce0986","4283","","","","img/blue1.jpg,img/blue2.jpg,img/blue3.jpg,img/blue4.jpg,img/blue5.jpg,img/blue6.jpg,img/blue7.jpg,img/blue8.jpg,img/blue9.jpg,img/blue10.jpg,img/blue11.jpg,img/blue12.jpg,img/blue13.jpg,img/blue14.jpg,img/blue15.jpg,img/blue16.jpg,img/blue17.jpg,img/blue18.jpg,img/blue19.jpg,img/blue20.jpg,img/blue21.jpg,img/blue22.jpg,img/blue23.jpg,img/blue24.jpg,img/blue25.jpg,img/blue26.jpg,img/blue27.jpg,img/blue28.jpg,img/blue29.jpg,img/blue30.jpg,img/blue31.jpg,img/blue32.jpg,img/blue33.jpg,img/blue34.jpg,img/blue35.jpg,img/blue36.jpg,img/blue37.jpg,img/blue38.jpg,img/blue39.jpg,img/blue40.jpg,img/blue41.jpg,img/blue42.jpg,img/blue43.jpg,img/blue44.jpg,img/blue45.jpg,img/blue46.jpg,img/blue47.jpg,img/blue48.jpg,img/blue49.jpg,img/blue50.jpg","","response","{""index"":40,""type"":""experimental"",""array_length"":10,""meanVal"":33,""color"":""blue""}","image-slider-response_noButton","<p>what was the average blueness of the array?</p>","1","50","0","function morphedScaleBlue() {
  // defining a few helper functions
  function nrange(size, startAt = 0) {
    return [...Array(size).keys()].map(i => i + startAt);
  };

  function fillArray(value, len) {
    var arr = [];
    for (var i = 0; i < len; i++) {
      arr.push(value);
    }
    return arr;
  };

  function generateSlices(vWidth, nSlices) {
    var step = vWidth*0.6/(nSlices-2);
    var stepArray = fillArray(step,nSlices-2)
    stepArray.unshift(0.2*vWidth)
    stepArray.push(0.2*vWidth)

    var bounds = [];
    
    for (var i = 0; i < nSlices; i++) {
      if (i==0) {
        bounds.push([(i*stepArray[i]), (i*stepArray[i])+stepArray[i]])
      } else if (i>0 && i!=nSlices-1) {
        bounds.push([(i*stepArray[i]+0.2*vWidth), (i*stepArray[i])+stepArray[i]+0.2*vWidth])
      } else {
        bounds.push([(vWidth-0.2*vWidth), vWidth])  
      }
    };
    return bounds;
  };
  
  // start trial timer
  var startTime = (new Date()).getTime();
  // get trial data
  var trialData = jsPsych.currentTrial();

  // remove the picture scales and the slider
  $('.jspsych-image-slider-response_noButton-container').css(""visibility"", ""hidden"");
  $('img').remove();
  
  // Remove mondrian background for rating phase
  $('body').css('background-image', 'none');

  var imgScale = getScaleBlue();
  
  // derive the letter of the image filenames
  var imgBase = imgScale[0].split('img/')[1].split('.jpg')[0].replace(/\d+/g, '');
  
  // split the number of the image filenames off from the rest of it
  var nScale = [];
  for (var i = 0; i < imgScale.length-1; i++) {
    var n = imgScale[i].split('img/')[1].split('.jpg')[0].split(imgBase)[1];
    nScale.push(n);
  };
  
  // calculate the element width, and slice it up into sections
  var vWidth = $(document).width();
  var nSlices = nScale.length;
  var slices = generateSlices(vWidth, nSlices);

  // setting up initial vertical line to start the mousemove functionality
  var vHeight = $(document).height()-8;
  var lineSlice = vWidth / 10;
  var vertLine = `<div style=""border-left:black;border-style:solid;margin-left:${lineSlice}px; height:${vHeight}px;width:0px;position:absolute;"" id=""vertLine""></div>`;
  var linePrompt = `<div id=""linePrompt""><div style=""font-size:50px;position:absolute;margin-left:${lineSlice*1.3}px;margin-top:${vHeight/2}px""></div><div style=""position:absolute;margin-left:${lineSlice*1.2}px;margin-top:${vHeight/2}px;z-index:5;"">Move mouse left of the line to begin</div></div>`;
  $("".jspsych-content-wrapper"").prepend(vertLine);
  $("".jspsych-content-wrapper"").prepend(linePrompt);
  
  // hide prompt until the trial is begun
  $('#jspsych-content > p').css(""visibility"", ""hidden"");

  // initialize the central image with the most neutral one (i.e. from
  // the middle of the scale) and set the image to be blurred
  var initialImage = imgScale[0];
  $('#jspsych-image-slider-response_noButton-stimulus').append(`<img src=""${initialImage}"" style=""filter:blur(4px);visibility:hidden;"" id=""changeable-image""/>`);

  // ADD VISUAL SCALE SHOWING MIN/MAX
  var scaleWidth = vWidth * 0.6;
  var scaleLeft = vWidth * 0.2;
  var scaleHtml = `
    <div id=""scale-container"" style=""position:absolute; bottom:120px; left:${scaleLeft}px; width:${scaleWidth}px; height:30px; background-color:rgba(220,220,220,0.7); border-radius:5px; display:none; z-index:10;"">
      <div style=""position:absolute; left:0px; width:2px; height:30px; background-color:black;""></div>
      <div style=""position:absolute; left:0px; top:32px; font-size:12px; color:black;"">Min (1)</div>
      <div style=""position:absolute; right:0px; width:2px; height:30px; background-color:black;""></div>
      <div style=""position:absolute; right:0px; top:32px; font-size:12px; color:black;"">Max (50)</div>
      <div id=""current-marker"" style=""position:absolute; left:0px; width:2px; height:30px; background-color:blue; display:none;""></div>
    </div>
  `;
  $("".jspsych-content-wrapper"").append(scaleHtml);

  // workaround with a global variable
  window.__imageMouseOver = {
    lineSlice: lineSlice,
    slices: slices,
    nScale: nScale,
    imgBase: imgBase,
    startTime: startTime,
    trialData: trialData,
    sliceSelected: 0,
  };
  var __listenerBools = {};

  // define mousemove event listener that changes image
  function changeImg(event) {
    var mouseX = Math.floor(event.pageX);
    
    // Show the scale after interaction begins
    $(""#scale-container"").css(""display"", ""block"");
    
    // Update current marker position based on mouse position
    var scaleWidth = $(""#scale-container"").width();
    var relativePos = Math.max(0, Math.min(mouseX - scaleLeft, scaleWidth));
    var percentPos = (relativePos / scaleWidth) * 100;
    
    $(""#current-marker"").css({
      ""left"": `${relativePos}px`,
      ""display"": ""block""
    });
    
    for (var i = 0; i < __imageMouseOver.slices.length; i++) {
      // if mouse X position is within the bounds of the X axis slice,
      // change the image to one that is indexed to that slice
      if (mouseX >= __imageMouseOver.slices[i][0] && mouseX <= __imageMouseOver.slices[i][1]) {
        // capture which slice is selected
        __imageMouseOver.sliceSelected = i;
        // update img src to the picture that corresponds to that slice
        $('#changeable-image').attr('src', `img/${__imageMouseOver.imgBase}${__imageMouseOver.nScale[i]}.jpg`);
      }
    };
  };
  
  // define the click listener that ends trial
  function clickHandler(event) {
    if (__listenerBools['mousemove']) {
      // derive trial data
      var trialData = __imageMouseOver.trialData;
      var end_time = (new Date()).getTime();
      var rt = end_time - __imageMouseOver.startTime;
      trialData['rt'] = rt;
      trialData['stimulus_duration'] = rt;
      trialData['trial_duration'] = rt;
      trialData['imageSelected'] = `${__imageMouseOver.imgBase}${__imageMouseOver.nScale[__imageMouseOver.sliceSelected]}.jpg`
      trialData['indexSelected'] = __imageMouseOver.sliceSelected;
      // turn off listeners
      $(document).off('mousemove');
      $(document).off('click');
      // clean up variable namespaces
      delete window.__imageMouseOver
      delete __listenerBools;
      // clean up scale
      $(""#scale-container"").remove();
      // finish the trial with trial data
      jsPsych.finishTrial(trialData);
    };
  };

  function verticalLineInit(event) {
    var mouseX = Math.floor(event.pageX);
    if (mouseX <= __imageMouseOver.lineSlice) {
      $(""#vertLine"").remove();
      $(""#linePrompt"").remove();
      $(""#jspsych-image-slider-response_noButton-stimulus > img"").css({
        ""filter"":""blur(0px)"",
        ""visibility"": ""visible"",
      });
      $('#jspsych-content > p').css(""visibility"", ""visible"");
      $('.jspsych-image-slider-response_noButton-').css(""visibility"", ""visible"");
      
      __listenerBools['mousemove'] = true;
      // turn off THIS mouse move listener
      $(document).off(""mousemove"");
      // turn on the mouse move listener that changes the image
      $(document).mousemove(changeImg);
      // add mouse click listener
      $(document).on('click', clickHandler);
    };
  };

  // turn on the vertical line mouse move listener
  $(document).mousemove(verticalLineInit);
}","[object Object]","0","","Continue","4283","4283","true","blue27.jpg","26","avg","500","blue","10","[24,28,25,31,32,35,36,39,40,42]","33","three giraffes","53","blue","",""
"html-keyboard-response","168","657104","0.0-168.0","573b8bc2f3580b0006ce0986","null","","","","<p style=""font-size: 48px;""> + </p>","null","fixation","","","","","","","","","","","","","","","","","","","","","","","","","blue","",""
"html-keyboard-response","169","658616","0.0-169.0","573b8bc2f3580b0006ce0986","null","","","","<span class='grid'><div> </div> <div> </div> <div> </div> <div> </div> <div> </div> <div> </div> <div> </div> <div class='blue' style='background-position:1500% 0%;margin-top:43px'></div> <div> </div> <div> </div> <div class='blue' style='background-position:2300% 0%;margin-top:36px'></div> <div> </div> <div> </div> <div> </div></span>","null","stimulus","{""index"":40,""type"":""experimental"",""array_length"":10,""meanVal"":33,""color"":""blue""}","","","","","","","","","","","","","","","","","","","","","","","","blue","",""
"image-slider-response_noButton","170","663683","0.0-170.0","573b8bc2f3580b0006ce0986","5066","","","","img/blue1.jpg,img/blue2.jpg,img/blue3.jpg,img/blue4.jpg,img/blue5.jpg,img/blue6.jpg,img/blue7.jpg,img/blue8.jpg,img/blue9.jpg,img/blue10.jpg,img/blue11.jpg,img/blue12.jpg,img/blue13.jpg,img/blue14.jpg,img/blue15.jpg,img/blue16.jpg,img/blue17.jpg,img/blue18.jpg,img/blue19.jpg,img/blue20.jpg,img/blue21.jpg,img/blue22.jpg,img/blue23.jpg,img/blue24.jpg,img/blue25.jpg,img/blue26.jpg,img/blue27.jpg,img/blue28.jpg,img/blue29.jpg,img/blue30.jpg,img/blue31.jpg,img/blue32.jpg,img/blue33.jpg,img/blue34.jpg,img/blue35.jpg,img/blue36.jpg,img/blue37.jpg,img/blue38.jpg,img/blue39.jpg,img/blue40.jpg,img/blue41.jpg,img/blue42.jpg,img/blue43.jpg,img/blue44.jpg,img/blue45.jpg,img/blue46.jpg,img/blue47.jpg,img/blue48.jpg,img/blue49.jpg,img/blue50.jpg","","response","{""index"":41,""type"":""experimental"",""array_length"":2,""meanVal"":19,""color"":""blue""}","image-slider-response_noButton","<p>what was the average blueness of the array?</p>","1","50","0","function morphedScaleBlue() {
  // defining a few helper functions
  function nrange(size, startAt = 0) {
    return [...Array(size).keys()].map(i => i + startAt);
  };

  function fillArray(value, len) {
    var arr = [];
    for (var i = 0; i < len; i++) {
      arr.push(value);
    }
    return arr;
  };

  function generateSlices(vWidth, nSlices) {
    var step = vWidth*0.6/(nSlices-2);
    var stepArray = fillArray(step,nSlices-2)
    stepArray.unshift(0.2*vWidth)
    stepArray.push(0.2*vWidth)

    var bounds = [];
    
    for (var i = 0; i < nSlices; i++) {
      if (i==0) {
        bounds.push([(i*stepArray[i]), (i*stepArray[i])+stepArray[i]])
      } else if (i>0 && i!=nSlices-1) {
        bounds.push([(i*stepArray[i]+0.2*vWidth), (i*stepArray[i])+stepArray[i]+0.2*vWidth])
      } else {
        bounds.push([(vWidth-0.2*vWidth), vWidth])  
      }
    };
    return bounds;
  };
  
  // start trial timer
  var startTime = (new Date()).getTime();
  // get trial data
  var trialData = jsPsych.currentTrial();

  // remove the picture scales and the slider
  $('.jspsych-image-slider-response_noButton-container').css(""visibility"", ""hidden"");
  $('img').remove();
  
  // Remove mondrian background for rating phase
  $('body').css('background-image', 'none');

  var imgScale = getScaleBlue();
  
  // derive the letter of the image filenames
  var imgBase = imgScale[0].split('img/')[1].split('.jpg')[0].replace(/\d+/g, '');
  
  // split the number of the image filenames off from the rest of it
  var nScale = [];
  for (var i = 0; i < imgScale.length-1; i++) {
    var n = imgScale[i].split('img/')[1].split('.jpg')[0].split(imgBase)[1];
    nScale.push(n);
  };
  
  // calculate the element width, and slice it up into sections
  var vWidth = $(document).width();
  var nSlices = nScale.length;
  var slices = generateSlices(vWidth, nSlices);

  // setting up initial vertical line to start the mousemove functionality
  var vHeight = $(document).height()-8;
  var lineSlice = vWidth / 10;
  var vertLine = `<div style=""border-left:black;border-style:solid;margin-left:${lineSlice}px; height:${vHeight}px;width:0px;position:absolute;"" id=""vertLine""></div>`;
  var linePrompt = `<div id=""linePrompt""><div style=""font-size:50px;position:absolute;margin-left:${lineSlice*1.3}px;margin-top:${vHeight/2}px""></div><div style=""position:absolute;margin-left:${lineSlice*1.2}px;margin-top:${vHeight/2}px;z-index:5;"">Move mouse left of the line to begin</div></div>`;
  $("".jspsych-content-wrapper"").prepend(vertLine);
  $("".jspsych-content-wrapper"").prepend(linePrompt);
  
  // hide prompt until the trial is begun
  $('#jspsych-content > p').css(""visibility"", ""hidden"");

  // initialize the central image with the most neutral one (i.e. from
  // the middle of the scale) and set the image to be blurred
  var initialImage = imgScale[0];
  $('#jspsych-image-slider-response_noButton-stimulus').append(`<img src=""${initialImage}"" style=""filter:blur(4px);visibility:hidden;"" id=""changeable-image""/>`);

  // ADD VISUAL SCALE SHOWING MIN/MAX
  var scaleWidth = vWidth * 0.6;
  var scaleLeft = vWidth * 0.2;
  var scaleHtml = `
    <div id=""scale-container"" style=""position:absolute; bottom:120px; left:${scaleLeft}px; width:${scaleWidth}px; height:30px; background-color:rgba(220,220,220,0.7); border-radius:5px; display:none; z-index:10;"">
      <div style=""position:absolute; left:0px; width:2px; height:30px; background-color:black;""></div>
      <div style=""position:absolute; left:0px; top:32px; font-size:12px; color:black;"">Min (1)</div>
      <div style=""position:absolute; right:0px; width:2px; height:30px; background-color:black;""></div>
      <div style=""position:absolute; right:0px; top:32px; font-size:12px; color:black;"">Max (50)</div>
      <div id=""current-marker"" style=""position:absolute; left:0px; width:2px; height:30px; background-color:blue; display:none;""></div>
    </div>
  `;
  $("".jspsych-content-wrapper"").append(scaleHtml);

  // workaround with a global variable
  window.__imageMouseOver = {
    lineSlice: lineSlice,
    slices: slices,
    nScale: nScale,
    imgBase: imgBase,
    startTime: startTime,
    trialData: trialData,
    sliceSelected: 0,
  };
  var __listenerBools = {};

  // define mousemove event listener that changes image
  function changeImg(event) {
    var mouseX = Math.floor(event.pageX);
    
    // Show the scale after interaction begins
    $(""#scale-container"").css(""display"", ""block"");
    
    // Update current marker position based on mouse position
    var scaleWidth = $(""#scale-container"").width();
    var relativePos = Math.max(0, Math.min(mouseX - scaleLeft, scaleWidth));
    var percentPos = (relativePos / scaleWidth) * 100;
    
    $(""#current-marker"").css({
      ""left"": `${relativePos}px`,
      ""display"": ""block""
    });
    
    for (var i = 0; i < __imageMouseOver.slices.length; i++) {
      // if mouse X position is within the bounds of the X axis slice,
      // change the image to one that is indexed to that slice
      if (mouseX >= __imageMouseOver.slices[i][0] && mouseX <= __imageMouseOver.slices[i][1]) {
        // capture which slice is selected
        __imageMouseOver.sliceSelected = i;
        // update img src to the picture that corresponds to that slice
        $('#changeable-image').attr('src', `img/${__imageMouseOver.imgBase}${__imageMouseOver.nScale[i]}.jpg`);
      }
    };
  };
  
  // define the click listener that ends trial
  function clickHandler(event) {
    if (__listenerBools['mousemove']) {
      // derive trial data
      var trialData = __imageMouseOver.trialData;
      var end_time = (new Date()).getTime();
      var rt = end_time - __imageMouseOver.startTime;
      trialData['rt'] = rt;
      trialData['stimulus_duration'] = rt;
      trialData['trial_duration'] = rt;
      trialData['imageSelected'] = `${__imageMouseOver.imgBase}${__imageMouseOver.nScale[__imageMouseOver.sliceSelected]}.jpg`
      trialData['indexSelected'] = __imageMouseOver.sliceSelected;
      // turn off listeners
      $(document).off('mousemove');
      $(document).off('click');
      // clean up variable namespaces
      delete window.__imageMouseOver
      delete __listenerBools;
      // clean up scale
      $(""#scale-container"").remove();
      // finish the trial with trial data
      jsPsych.finishTrial(trialData);
    };
  };

  function verticalLineInit(event) {
    var mouseX = Math.floor(event.pageX);
    if (mouseX <= __imageMouseOver.lineSlice) {
      $(""#vertLine"").remove();
      $(""#linePrompt"").remove();
      $(""#jspsych-image-slider-response_noButton-stimulus > img"").css({
        ""filter"":""blur(0px)"",
        ""visibility"": ""visible"",
      });
      $('#jspsych-content > p').css(""visibility"", ""visible"");
      $('.jspsych-image-slider-response_noButton-').css(""visibility"", ""visible"");
      
      __listenerBools['mousemove'] = true;
      // turn off THIS mouse move listener
      $(document).off(""mousemove"");
      // turn on the mouse move listener that changes the image
      $(document).mousemove(changeImg);
      // add mouse click listener
      $(document).on('click', clickHandler);
    };
  };

  // turn on the vertical line mouse move listener
  $(document).mousemove(verticalLineInit);
}","[object Object]","0","","Continue","5066","5066","true","blue18.jpg","17","avg","600","blue","2","[15,23]","19","three giraffes","54","blue","",""
"html-keyboard-response","171","664295","0.0-171.0","573b8bc2f3580b0006ce0986","null","","","","<p style=""font-size: 48px;""> + </p>","null","fixation","","","","","","","","","","","","","","","","","","","","","","","","","blue","",""
"html-keyboard-response","172","665796","0.0-172.0","573b8bc2f3580b0006ce0986","null","","","","<span class='grid'><div> </div> <div class='blue' style='background-position:2300% 0%;margin-top:43px'></div> <div class='blue' style='background-position:1700% 0%;margin-top:31px'></div> <div> </div> <div class='blue' style='background-position:2800% 0%;margin-top:42px'></div> <div class='blue' style='background-position:3200% 0%;margin-top:31px'></div> <div> </div> <div class='blue' style='background-position:3100% 0%;margin-top:34px'></div> <div> </div> <div class='blue' style='background-position:2700% 0%;margin-top:24px'></div> <div> </div> <div> </div> <div class='blue' style='background-position:3400% 0%;margin-top:48px'></div> <div> </div> <div class='blue' style='background-position:2000% 0%;margin-top:40px'></div> <div class='blue' style='background-position:2400% 0%;margin-top:26px'></div> <div> </div> <div class='blue' style='background-position:1600% 0%;margin-top:47px'></div></span>","null","stimulus","{""index"":41,""type"":""experimental"",""array_length"":2,""meanVal"":19,""color"":""blue""}","","","","","","","","","","","","","","","","","","","","","","","","blue","",""
"image-slider-response_noButton","173","671311","0.0-173.0","573b8bc2f3580b0006ce0986","5514","","","","img/blue1.jpg,img/blue2.jpg,img/blue3.jpg,img/blue4.jpg,img/blue5.jpg,img/blue6.jpg,img/blue7.jpg,img/blue8.jpg,img/blue9.jpg,img/blue10.jpg,img/blue11.jpg,img/blue12.jpg,img/blue13.jpg,img/blue14.jpg,img/blue15.jpg,img/blue16.jpg,img/blue17.jpg,img/blue18.jpg,img/blue19.jpg,img/blue20.jpg,img/blue21.jpg,img/blue22.jpg,img/blue23.jpg,img/blue24.jpg,img/blue25.jpg,img/blue26.jpg,img/blue27.jpg,img/blue28.jpg,img/blue29.jpg,img/blue30.jpg,img/blue31.jpg,img/blue32.jpg,img/blue33.jpg,img/blue34.jpg,img/blue35.jpg,img/blue36.jpg,img/blue37.jpg,img/blue38.jpg,img/blue39.jpg,img/blue40.jpg,img/blue41.jpg,img/blue42.jpg,img/blue43.jpg,img/blue44.jpg,img/blue45.jpg,img/blue46.jpg,img/blue47.jpg,img/blue48.jpg,img/blue49.jpg,img/blue50.jpg","","response","{""index"":42,""type"":""experimental"",""array_length"":10,""meanVal"":25,""color"":""blue""}","image-slider-response_noButton","<p>what was the average blueness of the array?</p>","1","50","0","function morphedScaleBlue() {
  // defining a few helper functions
  function nrange(size, startAt = 0) {
    return [...Array(size).keys()].map(i => i + startAt);
  };

  function fillArray(value, len) {
    var arr = [];
    for (var i = 0; i < len; i++) {
      arr.push(value);
    }
    return arr;
  };

  function generateSlices(vWidth, nSlices) {
    var step = vWidth*0.6/(nSlices-2);
    var stepArray = fillArray(step,nSlices-2)
    stepArray.unshift(0.2*vWidth)
    stepArray.push(0.2*vWidth)

    var bounds = [];
    
    for (var i = 0; i < nSlices; i++) {
      if (i==0) {
        bounds.push([(i*stepArray[i]), (i*stepArray[i])+stepArray[i]])
      } else if (i>0 && i!=nSlices-1) {
        bounds.push([(i*stepArray[i]+0.2*vWidth), (i*stepArray[i])+stepArray[i]+0.2*vWidth])
      } else {
        bounds.push([(vWidth-0.2*vWidth), vWidth])  
      }
    };
    return bounds;
  };
  
  // start trial timer
  var startTime = (new Date()).getTime();
  // get trial data
  var trialData = jsPsych.currentTrial();

  // remove the picture scales and the slider
  $('.jspsych-image-slider-response_noButton-container').css(""visibility"", ""hidden"");
  $('img').remove();
  
  // Remove mondrian background for rating phase
  $('body').css('background-image', 'none');

  var imgScale = getScaleBlue();
  
  // derive the letter of the image filenames
  var imgBase = imgScale[0].split('img/')[1].split('.jpg')[0].replace(/\d+/g, '');
  
  // split the number of the image filenames off from the rest of it
  var nScale = [];
  for (var i = 0; i < imgScale.length-1; i++) {
    var n = imgScale[i].split('img/')[1].split('.jpg')[0].split(imgBase)[1];
    nScale.push(n);
  };
  
  // calculate the element width, and slice it up into sections
  var vWidth = $(document).width();
  var nSlices = nScale.length;
  var slices = generateSlices(vWidth, nSlices);

  // setting up initial vertical line to start the mousemove functionality
  var vHeight = $(document).height()-8;
  var lineSlice = vWidth / 10;
  var vertLine = `<div style=""border-left:black;border-style:solid;margin-left:${lineSlice}px; height:${vHeight}px;width:0px;position:absolute;"" id=""vertLine""></div>`;
  var linePrompt = `<div id=""linePrompt""><div style=""font-size:50px;position:absolute;margin-left:${lineSlice*1.3}px;margin-top:${vHeight/2}px""></div><div style=""position:absolute;margin-left:${lineSlice*1.2}px;margin-top:${vHeight/2}px;z-index:5;"">Move mouse left of the line to begin</div></div>`;
  $("".jspsych-content-wrapper"").prepend(vertLine);
  $("".jspsych-content-wrapper"").prepend(linePrompt);
  
  // hide prompt until the trial is begun
  $('#jspsych-content > p').css(""visibility"", ""hidden"");

  // initialize the central image with the most neutral one (i.e. from
  // the middle of the scale) and set the image to be blurred
  var initialImage = imgScale[0];
  $('#jspsych-image-slider-response_noButton-stimulus').append(`<img src=""${initialImage}"" style=""filter:blur(4px);visibility:hidden;"" id=""changeable-image""/>`);

  // ADD VISUAL SCALE SHOWING MIN/MAX
  var scaleWidth = vWidth * 0.6;
  var scaleLeft = vWidth * 0.2;
  var scaleHtml = `
    <div id=""scale-container"" style=""position:absolute; bottom:120px; left:${scaleLeft}px; width:${scaleWidth}px; height:30px; background-color:rgba(220,220,220,0.7); border-radius:5px; display:none; z-index:10;"">
      <div style=""position:absolute; left:0px; width:2px; height:30px; background-color:black;""></div>
      <div style=""position:absolute; left:0px; top:32px; font-size:12px; color:black;"">Min (1)</div>
      <div style=""position:absolute; right:0px; width:2px; height:30px; background-color:black;""></div>
      <div style=""position:absolute; right:0px; top:32px; font-size:12px; color:black;"">Max (50)</div>
      <div id=""current-marker"" style=""position:absolute; left:0px; width:2px; height:30px; background-color:blue; display:none;""></div>
    </div>
  `;
  $("".jspsych-content-wrapper"").append(scaleHtml);

  // workaround with a global variable
  window.__imageMouseOver = {
    lineSlice: lineSlice,
    slices: slices,
    nScale: nScale,
    imgBase: imgBase,
    startTime: startTime,
    trialData: trialData,
    sliceSelected: 0,
  };
  var __listenerBools = {};

  // define mousemove event listener that changes image
  function changeImg(event) {
    var mouseX = Math.floor(event.pageX);
    
    // Show the scale after interaction begins
    $(""#scale-container"").css(""display"", ""block"");
    
    // Update current marker position based on mouse position
    var scaleWidth = $(""#scale-container"").width();
    var relativePos = Math.max(0, Math.min(mouseX - scaleLeft, scaleWidth));
    var percentPos = (relativePos / scaleWidth) * 100;
    
    $(""#current-marker"").css({
      ""left"": `${relativePos}px`,
      ""display"": ""block""
    });
    
    for (var i = 0; i < __imageMouseOver.slices.length; i++) {
      // if mouse X position is within the bounds of the X axis slice,
      // change the image to one that is indexed to that slice
      if (mouseX >= __imageMouseOver.slices[i][0] && mouseX <= __imageMouseOver.slices[i][1]) {
        // capture which slice is selected
        __imageMouseOver.sliceSelected = i;
        // update img src to the picture that corresponds to that slice
        $('#changeable-image').attr('src', `img/${__imageMouseOver.imgBase}${__imageMouseOver.nScale[i]}.jpg`);
      }
    };
  };
  
  // define the click listener that ends trial
  function clickHandler(event) {
    if (__listenerBools['mousemove']) {
      // derive trial data
      var trialData = __imageMouseOver.trialData;
      var end_time = (new Date()).getTime();
      var rt = end_time - __imageMouseOver.startTime;
      trialData['rt'] = rt;
      trialData['stimulus_duration'] = rt;
      trialData['trial_duration'] = rt;
      trialData['imageSelected'] = `${__imageMouseOver.imgBase}${__imageMouseOver.nScale[__imageMouseOver.sliceSelected]}.jpg`
      trialData['indexSelected'] = __imageMouseOver.sliceSelected;
      // turn off listeners
      $(document).off('mousemove');
      $(document).off('click');
      // clean up variable namespaces
      delete window.__imageMouseOver
      delete __listenerBools;
      // clean up scale
      $(""#scale-container"").remove();
      // finish the trial with trial data
      jsPsych.finishTrial(trialData);
    };
  };

  function verticalLineInit(event) {
    var mouseX = Math.floor(event.pageX);
    if (mouseX <= __imageMouseOver.lineSlice) {
      $(""#vertLine"").remove();
      $(""#linePrompt"").remove();
      $(""#jspsych-image-slider-response_noButton-stimulus > img"").css({
        ""filter"":""blur(0px)"",
        ""visibility"": ""visible"",
      });
      $('#jspsych-content > p').css(""visibility"", ""visible"");
      $('.jspsych-image-slider-response_noButton-').css(""visibility"", ""visible"");
      
      __listenerBools['mousemove'] = true;
      // turn off THIS mouse move listener
      $(document).off(""mousemove"");
      // turn on the mouse move listener that changes the image
      $(document).mousemove(changeImg);
      // add mouse click listener
      $(document).on('click', clickHandler);
    };
  };

  // turn on the vertical line mouse move listener
  $(document).mousemove(verticalLineInit);
}","[object Object]","0","","Continue","5514","5514","true","blue23.jpg","22","avg","600","blue","10","[16,20,17,23,24,27,28,31,32,34]","25","three giraffes","55","blue","",""
"html-keyboard-response","174","671722","0.0-174.0","573b8bc2f3580b0006ce0986","null","","","","<p style=""font-size: 48px;""> + </p>","null","fixation","","","","","","","","","","","","","","","","","","","","","","","","","blue","",""
"html-keyboard-response","175","673234","0.0-175.0","573b8bc2f3580b0006ce0986","null","","","","<span class='grid'><div class='blue' style='background-position:1800% 0%;margin-top:41px'></div> <div class='blue' style='background-position:1000% 0%;margin-top:47px'></div> <div class='blue' style='background-position:1000% 0%;margin-top:38px'></div> <div class='blue' style='background-position:2600% 0%;margin-top:44px'></div> <div class='blue' style='background-position:900% 0%;margin-top:41px'></div> <div class='blue' style='background-position:1600% 0%;margin-top:38px'></div> <div class='blue' style='background-position:1700% 0%;margin-top:40px'></div> <div class='blue' style='background-position:1500% 0%;margin-top:47px'></div> <div class='blue' style='background-position:1600% 0%;margin-top:43px'></div> <div class='blue' style='background-position:1600% 0%;margin-top:36px'></div> <div> </div> <div> </div> <div class='blue' style='background-position:1000% 0%;margin-top:20px'></div> <div class='blue' style='background-position:1400% 0%;margin-top:24px'></div> <div class='blue' style='background-position:1800% 0%;margin-top:29px'></div> <div class='blue' style='background-position:700% 0%;margin-top:37px'></div> <div class='blue' style='background-position:1000% 0%;margin-top:46px'></div> <div> </div> <div class='blue' style='background-position:1700% 0%;margin-top:20px'></div> <div class='blue' style='background-position:2300% 0%;margin-top:26px'></div> <div class='blue' style='background-position:2200% 0%;margin-top:27px'></div> <div class='blue' style='background-position:1000% 0%;margin-top:48px'></div> <div class='blue' style='background-position:2600% 0%;margin-top:30px'></div></span>","null","stimulus","{""index"":42,""type"":""experimental"",""array_length"":10,""meanVal"":25,""color"":""blue""}","","","","","","","","","","","","","","","","","","","","","","","","blue","",""
"image-slider-response_noButton","176","678120","0.0-176.0","573b8bc2f3580b0006ce0986","4885","","","","img/blue1.jpg,img/blue2.jpg,img/blue3.jpg,img/blue4.jpg,img/blue5.jpg,img/blue6.jpg,img/blue7.jpg,img/blue8.jpg,img/blue9.jpg,img/blue10.jpg,img/blue11.jpg,img/blue12.jpg,img/blue13.jpg,img/blue14.jpg,img/blue15.jpg,img/blue16.jpg,img/blue17.jpg,img/blue18.jpg,img/blue19.jpg,img/blue20.jpg,img/blue21.jpg,img/blue22.jpg,img/blue23.jpg,img/blue24.jpg,img/blue25.jpg,img/blue26.jpg,img/blue27.jpg,img/blue28.jpg,img/blue29.jpg,img/blue30.jpg,img/blue31.jpg,img/blue32.jpg,img/blue33.jpg,img/blue34.jpg,img/blue35.jpg,img/blue36.jpg,img/blue37.jpg,img/blue38.jpg,img/blue39.jpg,img/blue40.jpg,img/blue41.jpg,img/blue42.jpg,img/blue43.jpg,img/blue44.jpg,img/blue45.jpg,img/blue46.jpg,img/blue47.jpg,img/blue48.jpg,img/blue49.jpg,img/blue50.jpg","","response","{""index"":43,""type"":""experimental"",""array_length"":20,""meanVal"":17,""color"":""blue""}","image-slider-response_noButton","<p>what was the average blueness of the array?</p>","1","50","0","function morphedScaleBlue() {
  // defining a few helper functions
  function nrange(size, startAt = 0) {
    return [...Array(size).keys()].map(i => i + startAt);
  };

  function fillArray(value, len) {
    var arr = [];
    for (var i = 0; i < len; i++) {
      arr.push(value);
    }
    return arr;
  };

  function generateSlices(vWidth, nSlices) {
    var step = vWidth*0.6/(nSlices-2);
    var stepArray = fillArray(step,nSlices-2)
    stepArray.unshift(0.2*vWidth)
    stepArray.push(0.2*vWidth)

    var bounds = [];
    
    for (var i = 0; i < nSlices; i++) {
      if (i==0) {
        bounds.push([(i*stepArray[i]), (i*stepArray[i])+stepArray[i]])
      } else if (i>0 && i!=nSlices-1) {
        bounds.push([(i*stepArray[i]+0.2*vWidth), (i*stepArray[i])+stepArray[i]+0.2*vWidth])
      } else {
        bounds.push([(vWidth-0.2*vWidth), vWidth])  
      }
    };
    return bounds;
  };
  
  // start trial timer
  var startTime = (new Date()).getTime();
  // get trial data
  var trialData = jsPsych.currentTrial();

  // remove the picture scales and the slider
  $('.jspsych-image-slider-response_noButton-container').css(""visibility"", ""hidden"");
  $('img').remove();
  
  // Remove mondrian background for rating phase
  $('body').css('background-image', 'none');

  var imgScale = getScaleBlue();
  
  // derive the letter of the image filenames
  var imgBase = imgScale[0].split('img/')[1].split('.jpg')[0].replace(/\d+/g, '');
  
  // split the number of the image filenames off from the rest of it
  var nScale = [];
  for (var i = 0; i < imgScale.length-1; i++) {
    var n = imgScale[i].split('img/')[1].split('.jpg')[0].split(imgBase)[1];
    nScale.push(n);
  };
  
  // calculate the element width, and slice it up into sections
  var vWidth = $(document).width();
  var nSlices = nScale.length;
  var slices = generateSlices(vWidth, nSlices);

  // setting up initial vertical line to start the mousemove functionality
  var vHeight = $(document).height()-8;
  var lineSlice = vWidth / 10;
  var vertLine = `<div style=""border-left:black;border-style:solid;margin-left:${lineSlice}px; height:${vHeight}px;width:0px;position:absolute;"" id=""vertLine""></div>`;
  var linePrompt = `<div id=""linePrompt""><div style=""font-size:50px;position:absolute;margin-left:${lineSlice*1.3}px;margin-top:${vHeight/2}px""></div><div style=""position:absolute;margin-left:${lineSlice*1.2}px;margin-top:${vHeight/2}px;z-index:5;"">Move mouse left of the line to begin</div></div>`;
  $("".jspsych-content-wrapper"").prepend(vertLine);
  $("".jspsych-content-wrapper"").prepend(linePrompt);
  
  // hide prompt until the trial is begun
  $('#jspsych-content > p').css(""visibility"", ""hidden"");

  // initialize the central image with the most neutral one (i.e. from
  // the middle of the scale) and set the image to be blurred
  var initialImage = imgScale[0];
  $('#jspsych-image-slider-response_noButton-stimulus').append(`<img src=""${initialImage}"" style=""filter:blur(4px);visibility:hidden;"" id=""changeable-image""/>`);

  // ADD VISUAL SCALE SHOWING MIN/MAX
  var scaleWidth = vWidth * 0.6;
  var scaleLeft = vWidth * 0.2;
  var scaleHtml = `
    <div id=""scale-container"" style=""position:absolute; bottom:120px; left:${scaleLeft}px; width:${scaleWidth}px; height:30px; background-color:rgba(220,220,220,0.7); border-radius:5px; display:none; z-index:10;"">
      <div style=""position:absolute; left:0px; width:2px; height:30px; background-color:black;""></div>
      <div style=""position:absolute; left:0px; top:32px; font-size:12px; color:black;"">Min (1)</div>
      <div style=""position:absolute; right:0px; width:2px; height:30px; background-color:black;""></div>
      <div style=""position:absolute; right:0px; top:32px; font-size:12px; color:black;"">Max (50)</div>
      <div id=""current-marker"" style=""position:absolute; left:0px; width:2px; height:30px; background-color:blue; display:none;""></div>
    </div>
  `;
  $("".jspsych-content-wrapper"").append(scaleHtml);

  // workaround with a global variable
  window.__imageMouseOver = {
    lineSlice: lineSlice,
    slices: slices,
    nScale: nScale,
    imgBase: imgBase,
    startTime: startTime,
    trialData: trialData,
    sliceSelected: 0,
  };
  var __listenerBools = {};

  // define mousemove event listener that changes image
  function changeImg(event) {
    var mouseX = Math.floor(event.pageX);
    
    // Show the scale after interaction begins
    $(""#scale-container"").css(""display"", ""block"");
    
    // Update current marker position based on mouse position
    var scaleWidth = $(""#scale-container"").width();
    var relativePos = Math.max(0, Math.min(mouseX - scaleLeft, scaleWidth));
    var percentPos = (relativePos / scaleWidth) * 100;
    
    $(""#current-marker"").css({
      ""left"": `${relativePos}px`,
      ""display"": ""block""
    });
    
    for (var i = 0; i < __imageMouseOver.slices.length; i++) {
      // if mouse X position is within the bounds of the X axis slice,
      // change the image to one that is indexed to that slice
      if (mouseX >= __imageMouseOver.slices[i][0] && mouseX <= __imageMouseOver.slices[i][1]) {
        // capture which slice is selected
        __imageMouseOver.sliceSelected = i;
        // update img src to the picture that corresponds to that slice
        $('#changeable-image').attr('src', `img/${__imageMouseOver.imgBase}${__imageMouseOver.nScale[i]}.jpg`);
      }
    };
  };
  
  // define the click listener that ends trial
  function clickHandler(event) {
    if (__listenerBools['mousemove']) {
      // derive trial data
      var trialData = __imageMouseOver.trialData;
      var end_time = (new Date()).getTime();
      var rt = end_time - __imageMouseOver.startTime;
      trialData['rt'] = rt;
      trialData['stimulus_duration'] = rt;
      trialData['trial_duration'] = rt;
      trialData['imageSelected'] = `${__imageMouseOver.imgBase}${__imageMouseOver.nScale[__imageMouseOver.sliceSelected]}.jpg`
      trialData['indexSelected'] = __imageMouseOver.sliceSelected;
      // turn off listeners
      $(document).off('mousemove');
      $(document).off('click');
      // clean up variable namespaces
      delete window.__imageMouseOver
      delete __listenerBools;
      // clean up scale
      $(""#scale-container"").remove();
      // finish the trial with trial data
      jsPsych.finishTrial(trialData);
    };
  };

  function verticalLineInit(event) {
    var mouseX = Math.floor(event.pageX);
    if (mouseX <= __imageMouseOver.lineSlice) {
      $(""#vertLine"").remove();
      $(""#linePrompt"").remove();
      $(""#jspsych-image-slider-response_noButton-stimulus > img"").css({
        ""filter"":""blur(0px)"",
        ""visibility"": ""visible"",
      });
      $('#jspsych-content > p').css(""visibility"", ""visible"");
      $('.jspsych-image-slider-response_noButton-').css(""visibility"", ""visible"");
      
      __listenerBools['mousemove'] = true;
      // turn off THIS mouse move listener
      $(document).off(""mousemove"");
      // turn on the mouse move listener that changes the image
      $(document).mousemove(changeImg);
      // add mouse click listener
      $(document).on('click', clickHandler);
    };
  };

  // turn on the vertical line mouse move listener
  $(document).mousemove(verticalLineInit);
}","[object Object]","0","","Continue","4885","4885","true","blue14.jpg","13","avg","400","blue","20","[7,9,10,10,10,10,10,14,15,16,16,16,17,17,18,18,22,23,26,26]","17","three giraffes","56","blue","",""
"html-keyboard-response","177","678531","0.0-177.0","573b8bc2f3580b0006ce0986","null","","","","<p style=""font-size: 48px;""> + </p>","null","fixation","","","","","","","","","","","","","","","","","","","","","","","","","blue","",""
"html-keyboard-response","178","680046","0.0-178.0","573b8bc2f3580b0006ce0986","null","","","","<span class='grid'><div class='blue' style='background-position:2300% 0%;margin-top:20px'></div> <div> </div> <div class='blue' style='background-position:3000% 0%;margin-top:36px'></div> <div class='blue' style='background-position:2100% 0%;margin-top:36px'></div> <div class='blue' style='background-position:1600% 0%;margin-top:23px'></div> <div class='blue' style='background-position:2400% 0%;margin-top:40px'></div> <div class='blue' style='background-position:2300% 0%;margin-top:39px'></div> <div class='blue' style='background-position:1700% 0%;margin-top:42px'></div> <div class='blue' style='background-position:2900% 0%;margin-top:30px'></div> <div class='blue' style='background-position:1700% 0%;margin-top:37px'></div> <div class='blue' style='background-position:1700% 0%;margin-top:48px'></div> <div class='blue' style='background-position:2500% 0%;margin-top:49px'></div> <div class='blue' style='background-position:1400% 0%;margin-top:21px'></div> <div> </div> <div> </div> <div class='blue' style='background-position:1700% 0%;margin-top:34px'></div> <div class='blue' style='background-position:2500% 0%;margin-top:28px'></div> <div class='blue' style='background-position:1700% 0%;margin-top:38px'></div> <div class='blue' style='background-position:2300% 0%;margin-top:28px'></div> <div class='blue' style='background-position:2200% 0%;margin-top:37px'></div> <div class='blue' style='background-position:2400% 0%;margin-top:30px'></div> <div class='blue' style='background-position:3300% 0%;margin-top:29px'></div> <div class='blue' style='background-position:3300% 0%;margin-top:24px'></div></span>","null","stimulus","{""index"":43,""type"":""experimental"",""array_length"":20,""meanVal"":17,""color"":""blue""}","","","","","","","","","","","","","","","","","","","","","","","","blue","",""
"image-slider-response_noButton","179","684387","0.0-179.0","573b8bc2f3580b0006ce0986","4341","","","","img/blue1.jpg,img/blue2.jpg,img/blue3.jpg,img/blue4.jpg,img/blue5.jpg,img/blue6.jpg,img/blue7.jpg,img/blue8.jpg,img/blue9.jpg,img/blue10.jpg,img/blue11.jpg,img/blue12.jpg,img/blue13.jpg,img/blue14.jpg,img/blue15.jpg,img/blue16.jpg,img/blue17.jpg,img/blue18.jpg,img/blue19.jpg,img/blue20.jpg,img/blue21.jpg,img/blue22.jpg,img/blue23.jpg,img/blue24.jpg,img/blue25.jpg,img/blue26.jpg,img/blue27.jpg,img/blue28.jpg,img/blue29.jpg,img/blue30.jpg,img/blue31.jpg,img/blue32.jpg,img/blue33.jpg,img/blue34.jpg,img/blue35.jpg,img/blue36.jpg,img/blue37.jpg,img/blue38.jpg,img/blue39.jpg,img/blue40.jpg,img/blue41.jpg,img/blue42.jpg,img/blue43.jpg,img/blue44.jpg,img/blue45.jpg,img/blue46.jpg,img/blue47.jpg,img/blue48.jpg,img/blue49.jpg,img/blue50.jpg","","response","{""index"":44,""type"":""experimental"",""array_length"":20,""meanVal"":24,""color"":""blue""}","image-slider-response_noButton","<p>what was the average blueness of the array?</p>","1","50","0","function morphedScaleBlue() {
  // defining a few helper functions
  function nrange(size, startAt = 0) {
    return [...Array(size).keys()].map(i => i + startAt);
  };

  function fillArray(value, len) {
    var arr = [];
    for (var i = 0; i < len; i++) {
      arr.push(value);
    }
    return arr;
  };

  function generateSlices(vWidth, nSlices) {
    var step = vWidth*0.6/(nSlices-2);
    var stepArray = fillArray(step,nSlices-2)
    stepArray.unshift(0.2*vWidth)
    stepArray.push(0.2*vWidth)

    var bounds = [];
    
    for (var i = 0; i < nSlices; i++) {
      if (i==0) {
        bounds.push([(i*stepArray[i]), (i*stepArray[i])+stepArray[i]])
      } else if (i>0 && i!=nSlices-1) {
        bounds.push([(i*stepArray[i]+0.2*vWidth), (i*stepArray[i])+stepArray[i]+0.2*vWidth])
      } else {
        bounds.push([(vWidth-0.2*vWidth), vWidth])  
      }
    };
    return bounds;
  };
  
  // start trial timer
  var startTime = (new Date()).getTime();
  // get trial data
  var trialData = jsPsych.currentTrial();

  // remove the picture scales and the slider
  $('.jspsych-image-slider-response_noButton-container').css(""visibility"", ""hidden"");
  $('img').remove();
  
  // Remove mondrian background for rating phase
  $('body').css('background-image', 'none');

  var imgScale = getScaleBlue();
  
  // derive the letter of the image filenames
  var imgBase = imgScale[0].split('img/')[1].split('.jpg')[0].replace(/\d+/g, '');
  
  // split the number of the image filenames off from the rest of it
  var nScale = [];
  for (var i = 0; i < imgScale.length-1; i++) {
    var n = imgScale[i].split('img/')[1].split('.jpg')[0].split(imgBase)[1];
    nScale.push(n);
  };
  
  // calculate the element width, and slice it up into sections
  var vWidth = $(document).width();
  var nSlices = nScale.length;
  var slices = generateSlices(vWidth, nSlices);

  // setting up initial vertical line to start the mousemove functionality
  var vHeight = $(document).height()-8;
  var lineSlice = vWidth / 10;
  var vertLine = `<div style=""border-left:black;border-style:solid;margin-left:${lineSlice}px; height:${vHeight}px;width:0px;position:absolute;"" id=""vertLine""></div>`;
  var linePrompt = `<div id=""linePrompt""><div style=""font-size:50px;position:absolute;margin-left:${lineSlice*1.3}px;margin-top:${vHeight/2}px""></div><div style=""position:absolute;margin-left:${lineSlice*1.2}px;margin-top:${vHeight/2}px;z-index:5;"">Move mouse left of the line to begin</div></div>`;
  $("".jspsych-content-wrapper"").prepend(vertLine);
  $("".jspsych-content-wrapper"").prepend(linePrompt);
  
  // hide prompt until the trial is begun
  $('#jspsych-content > p').css(""visibility"", ""hidden"");

  // initialize the central image with the most neutral one (i.e. from
  // the middle of the scale) and set the image to be blurred
  var initialImage = imgScale[0];
  $('#jspsych-image-slider-response_noButton-stimulus').append(`<img src=""${initialImage}"" style=""filter:blur(4px);visibility:hidden;"" id=""changeable-image""/>`);

  // ADD VISUAL SCALE SHOWING MIN/MAX
  var scaleWidth = vWidth * 0.6;
  var scaleLeft = vWidth * 0.2;
  var scaleHtml = `
    <div id=""scale-container"" style=""position:absolute; bottom:120px; left:${scaleLeft}px; width:${scaleWidth}px; height:30px; background-color:rgba(220,220,220,0.7); border-radius:5px; display:none; z-index:10;"">
      <div style=""position:absolute; left:0px; width:2px; height:30px; background-color:black;""></div>
      <div style=""position:absolute; left:0px; top:32px; font-size:12px; color:black;"">Min (1)</div>
      <div style=""position:absolute; right:0px; width:2px; height:30px; background-color:black;""></div>
      <div style=""position:absolute; right:0px; top:32px; font-size:12px; color:black;"">Max (50)</div>
      <div id=""current-marker"" style=""position:absolute; left:0px; width:2px; height:30px; background-color:blue; display:none;""></div>
    </div>
  `;
  $("".jspsych-content-wrapper"").append(scaleHtml);

  // workaround with a global variable
  window.__imageMouseOver = {
    lineSlice: lineSlice,
    slices: slices,
    nScale: nScale,
    imgBase: imgBase,
    startTime: startTime,
    trialData: trialData,
    sliceSelected: 0,
  };
  var __listenerBools = {};

  // define mousemove event listener that changes image
  function changeImg(event) {
    var mouseX = Math.floor(event.pageX);
    
    // Show the scale after interaction begins
    $(""#scale-container"").css(""display"", ""block"");
    
    // Update current marker position based on mouse position
    var scaleWidth = $(""#scale-container"").width();
    var relativePos = Math.max(0, Math.min(mouseX - scaleLeft, scaleWidth));
    var percentPos = (relativePos / scaleWidth) * 100;
    
    $(""#current-marker"").css({
      ""left"": `${relativePos}px`,
      ""display"": ""block""
    });
    
    for (var i = 0; i < __imageMouseOver.slices.length; i++) {
      // if mouse X position is within the bounds of the X axis slice,
      // change the image to one that is indexed to that slice
      if (mouseX >= __imageMouseOver.slices[i][0] && mouseX <= __imageMouseOver.slices[i][1]) {
        // capture which slice is selected
        __imageMouseOver.sliceSelected = i;
        // update img src to the picture that corresponds to that slice
        $('#changeable-image').attr('src', `img/${__imageMouseOver.imgBase}${__imageMouseOver.nScale[i]}.jpg`);
      }
    };
  };
  
  // define the click listener that ends trial
  function clickHandler(event) {
    if (__listenerBools['mousemove']) {
      // derive trial data
      var trialData = __imageMouseOver.trialData;
      var end_time = (new Date()).getTime();
      var rt = end_time - __imageMouseOver.startTime;
      trialData['rt'] = rt;
      trialData['stimulus_duration'] = rt;
      trialData['trial_duration'] = rt;
      trialData['imageSelected'] = `${__imageMouseOver.imgBase}${__imageMouseOver.nScale[__imageMouseOver.sliceSelected]}.jpg`
      trialData['indexSelected'] = __imageMouseOver.sliceSelected;
      // turn off listeners
      $(document).off('mousemove');
      $(document).off('click');
      // clean up variable namespaces
      delete window.__imageMouseOver
      delete __listenerBools;
      // clean up scale
      $(""#scale-container"").remove();
      // finish the trial with trial data
      jsPsych.finishTrial(trialData);
    };
  };

  function verticalLineInit(event) {
    var mouseX = Math.floor(event.pageX);
    if (mouseX <= __imageMouseOver.lineSlice) {
      $(""#vertLine"").remove();
      $(""#linePrompt"").remove();
      $(""#jspsych-image-slider-response_noButton-stimulus > img"").css({
        ""filter"":""blur(0px)"",
        ""visibility"": ""visible"",
      });
      $('#jspsych-content > p').css(""visibility"", ""visible"");
      $('.jspsych-image-slider-response_noButton-').css(""visibility"", ""visible"");
      
      __listenerBools['mousemove'] = true;
      // turn off THIS mouse move listener
      $(document).off(""mousemove"");
      // turn on the mouse move listener that changes the image
      $(document).mousemove(changeImg);
      // add mouse click listener
      $(document).on('click', clickHandler);
    };
  };

  // turn on the vertical line mouse move listener
  $(document).mousemove(verticalLineInit);
}","[object Object]","0","","Continue","4341","4341","true","blue15.jpg","14","avg","400","blue","20","[14,16,17,17,17,17,17,21,22,23,23,23,24,24,25,25,29,30,33,33]","24","three giraffes","57","blue","",""
"html-keyboard-response","180","684902","0.0-180.0","573b8bc2f3580b0006ce0986","null","","","","<p style=""font-size: 48px;""> + </p>","null","fixation","","","","","","","","","","","","","","","","","","","","","","","","","blue","",""
"html-keyboard-response","181","686412","0.0-181.0","573b8bc2f3580b0006ce0986","null","","","","<span class='grid'><div class='blue' style='background-position:700% 0%;margin-top:30px'></div> <div class='blue' style='background-position:1600% 0%;margin-top:26px'></div> <div class='blue' style='background-position:800% 0%;margin-top:45px'></div> <div class='blue' style='background-position:1500% 0%;margin-top:44px'></div> <div class='blue' style='background-position:2100% 0%;margin-top:50px'></div> <div class='blue' style='background-position:1500% 0%;margin-top:38px'></div> <div class='blue' style='background-position:500% 0%;margin-top:42px'></div> <div class='blue' style='background-position:1400% 0%;margin-top:23px'></div> <div class='blue' style='background-position:1400% 0%;margin-top:42px'></div> <div class='blue' style='background-position:2400% 0%;margin-top:41px'></div> <div class='blue' style='background-position:2000% 0%;margin-top:40px'></div> <div class='blue' style='background-position:800% 0%;margin-top:37px'></div> <div> </div> <div class='blue' style='background-position:1300% 0%;margin-top:38px'></div> <div class='blue' style='background-position:1200% 0%;margin-top:37px'></div> <div class='blue' style='background-position:2400% 0%;margin-top:26px'></div> <div> </div> <div class='blue' style='background-position:800% 0%;margin-top:41px'></div> <div class='blue' style='background-position:1600% 0%;margin-top:48px'></div> <div class='blue' style='background-position:1400% 0%;margin-top:23px'></div> <div> </div> <div class='blue' style='background-position:800% 0%;margin-top:29px'></div> <div class='blue' style='background-position:800% 0%;margin-top:32px'></div></span>","null","stimulus","{""index"":44,""type"":""experimental"",""array_length"":20,""meanVal"":24,""color"":""blue""}","","","","","","","","","","","","","","","","","","","","","","","","blue","",""
"image-slider-response_noButton","182","694369","0.0-182.0","573b8bc2f3580b0006ce0986","7956","","","","img/blue1.jpg,img/blue2.jpg,img/blue3.jpg,img/blue4.jpg,img/blue5.jpg,img/blue6.jpg,img/blue7.jpg,img/blue8.jpg,img/blue9.jpg,img/blue10.jpg,img/blue11.jpg,img/blue12.jpg,img/blue13.jpg,img/blue14.jpg,img/blue15.jpg,img/blue16.jpg,img/blue17.jpg,img/blue18.jpg,img/blue19.jpg,img/blue20.jpg,img/blue21.jpg,img/blue22.jpg,img/blue23.jpg,img/blue24.jpg,img/blue25.jpg,img/blue26.jpg,img/blue27.jpg,img/blue28.jpg,img/blue29.jpg,img/blue30.jpg,img/blue31.jpg,img/blue32.jpg,img/blue33.jpg,img/blue34.jpg,img/blue35.jpg,img/blue36.jpg,img/blue37.jpg,img/blue38.jpg,img/blue39.jpg,img/blue40.jpg,img/blue41.jpg,img/blue42.jpg,img/blue43.jpg,img/blue44.jpg,img/blue45.jpg,img/blue46.jpg,img/blue47.jpg,img/blue48.jpg,img/blue49.jpg,img/blue50.jpg","","response","{""index"":45,""type"":""experimental"",""array_length"":20,""meanVal"":15,""color"":""blue""}","image-slider-response_noButton","<p>what was the average blueness of the array?</p>","1","50","0","function morphedScaleBlue() {
  // defining a few helper functions
  function nrange(size, startAt = 0) {
    return [...Array(size).keys()].map(i => i + startAt);
  };

  function fillArray(value, len) {
    var arr = [];
    for (var i = 0; i < len; i++) {
      arr.push(value);
    }
    return arr;
  };

  function generateSlices(vWidth, nSlices) {
    var step = vWidth*0.6/(nSlices-2);
    var stepArray = fillArray(step,nSlices-2)
    stepArray.unshift(0.2*vWidth)
    stepArray.push(0.2*vWidth)

    var bounds = [];
    
    for (var i = 0; i < nSlices; i++) {
      if (i==0) {
        bounds.push([(i*stepArray[i]), (i*stepArray[i])+stepArray[i]])
      } else if (i>0 && i!=nSlices-1) {
        bounds.push([(i*stepArray[i]+0.2*vWidth), (i*stepArray[i])+stepArray[i]+0.2*vWidth])
      } else {
        bounds.push([(vWidth-0.2*vWidth), vWidth])  
      }
    };
    return bounds;
  };
  
  // start trial timer
  var startTime = (new Date()).getTime();
  // get trial data
  var trialData = jsPsych.currentTrial();

  // remove the picture scales and the slider
  $('.jspsych-image-slider-response_noButton-container').css(""visibility"", ""hidden"");
  $('img').remove();
  
  // Remove mondrian background for rating phase
  $('body').css('background-image', 'none');

  var imgScale = getScaleBlue();
  
  // derive the letter of the image filenames
  var imgBase = imgScale[0].split('img/')[1].split('.jpg')[0].replace(/\d+/g, '');
  
  // split the number of the image filenames off from the rest of it
  var nScale = [];
  for (var i = 0; i < imgScale.length-1; i++) {
    var n = imgScale[i].split('img/')[1].split('.jpg')[0].split(imgBase)[1];
    nScale.push(n);
  };
  
  // calculate the element width, and slice it up into sections
  var vWidth = $(document).width();
  var nSlices = nScale.length;
  var slices = generateSlices(vWidth, nSlices);

  // setting up initial vertical line to start the mousemove functionality
  var vHeight = $(document).height()-8;
  var lineSlice = vWidth / 10;
  var vertLine = `<div style=""border-left:black;border-style:solid;margin-left:${lineSlice}px; height:${vHeight}px;width:0px;position:absolute;"" id=""vertLine""></div>`;
  var linePrompt = `<div id=""linePrompt""><div style=""font-size:50px;position:absolute;margin-left:${lineSlice*1.3}px;margin-top:${vHeight/2}px""></div><div style=""position:absolute;margin-left:${lineSlice*1.2}px;margin-top:${vHeight/2}px;z-index:5;"">Move mouse left of the line to begin</div></div>`;
  $("".jspsych-content-wrapper"").prepend(vertLine);
  $("".jspsych-content-wrapper"").prepend(linePrompt);
  
  // hide prompt until the trial is begun
  $('#jspsych-content > p').css(""visibility"", ""hidden"");

  // initialize the central image with the most neutral one (i.e. from
  // the middle of the scale) and set the image to be blurred
  var initialImage = imgScale[0];
  $('#jspsych-image-slider-response_noButton-stimulus').append(`<img src=""${initialImage}"" style=""filter:blur(4px);visibility:hidden;"" id=""changeable-image""/>`);

  // ADD VISUAL SCALE SHOWING MIN/MAX
  var scaleWidth = vWidth * 0.6;
  var scaleLeft = vWidth * 0.2;
  var scaleHtml = `
    <div id=""scale-container"" style=""position:absolute; bottom:120px; left:${scaleLeft}px; width:${scaleWidth}px; height:30px; background-color:rgba(220,220,220,0.7); border-radius:5px; display:none; z-index:10;"">
      <div style=""position:absolute; left:0px; width:2px; height:30px; background-color:black;""></div>
      <div style=""position:absolute; left:0px; top:32px; font-size:12px; color:black;"">Min (1)</div>
      <div style=""position:absolute; right:0px; width:2px; height:30px; background-color:black;""></div>
      <div style=""position:absolute; right:0px; top:32px; font-size:12px; color:black;"">Max (50)</div>
      <div id=""current-marker"" style=""position:absolute; left:0px; width:2px; height:30px; background-color:blue; display:none;""></div>
    </div>
  `;
  $("".jspsych-content-wrapper"").append(scaleHtml);

  // workaround with a global variable
  window.__imageMouseOver = {
    lineSlice: lineSlice,
    slices: slices,
    nScale: nScale,
    imgBase: imgBase,
    startTime: startTime,
    trialData: trialData,
    sliceSelected: 0,
  };
  var __listenerBools = {};

  // define mousemove event listener that changes image
  function changeImg(event) {
    var mouseX = Math.floor(event.pageX);
    
    // Show the scale after interaction begins
    $(""#scale-container"").css(""display"", ""block"");
    
    // Update current marker position based on mouse position
    var scaleWidth = $(""#scale-container"").width();
    var relativePos = Math.max(0, Math.min(mouseX - scaleLeft, scaleWidth));
    var percentPos = (relativePos / scaleWidth) * 100;
    
    $(""#current-marker"").css({
      ""left"": `${relativePos}px`,
      ""display"": ""block""
    });
    
    for (var i = 0; i < __imageMouseOver.slices.length; i++) {
      // if mouse X position is within the bounds of the X axis slice,
      // change the image to one that is indexed to that slice
      if (mouseX >= __imageMouseOver.slices[i][0] && mouseX <= __imageMouseOver.slices[i][1]) {
        // capture which slice is selected
        __imageMouseOver.sliceSelected = i;
        // update img src to the picture that corresponds to that slice
        $('#changeable-image').attr('src', `img/${__imageMouseOver.imgBase}${__imageMouseOver.nScale[i]}.jpg`);
      }
    };
  };
  
  // define the click listener that ends trial
  function clickHandler(event) {
    if (__listenerBools['mousemove']) {
      // derive trial data
      var trialData = __imageMouseOver.trialData;
      var end_time = (new Date()).getTime();
      var rt = end_time - __imageMouseOver.startTime;
      trialData['rt'] = rt;
      trialData['stimulus_duration'] = rt;
      trialData['trial_duration'] = rt;
      trialData['imageSelected'] = `${__imageMouseOver.imgBase}${__imageMouseOver.nScale[__imageMouseOver.sliceSelected]}.jpg`
      trialData['indexSelected'] = __imageMouseOver.sliceSelected;
      // turn off listeners
      $(document).off('mousemove');
      $(document).off('click');
      // clean up variable namespaces
      delete window.__imageMouseOver
      delete __listenerBools;
      // clean up scale
      $(""#scale-container"").remove();
      // finish the trial with trial data
      jsPsych.finishTrial(trialData);
    };
  };

  function verticalLineInit(event) {
    var mouseX = Math.floor(event.pageX);
    if (mouseX <= __imageMouseOver.lineSlice) {
      $(""#vertLine"").remove();
      $(""#linePrompt"").remove();
      $(""#jspsych-image-slider-response_noButton-stimulus > img"").css({
        ""filter"":""blur(0px)"",
        ""visibility"": ""visible"",
      });
      $('#jspsych-content > p').css(""visibility"", ""visible"");
      $('.jspsych-image-slider-response_noButton-').css(""visibility"", ""visible"");
      
      __listenerBools['mousemove'] = true;
      // turn off THIS mouse move listener
      $(document).off(""mousemove"");
      // turn on the mouse move listener that changes the image
      $(document).mousemove(changeImg);
      // add mouse click listener
      $(document).on('click', clickHandler);
    };
  };

  // turn on the vertical line mouse move listener
  $(document).mousemove(verticalLineInit);
}","[object Object]","0","","Continue","7956","7956","true","blue12.jpg","11","avg","500","blue","20","[5,7,8,8,8,8,8,12,13,14,14,14,15,15,16,16,20,21,24,24]","15","three giraffes","58","blue","",""
"html-keyboard-response","183","694770","0.0-183.0","573b8bc2f3580b0006ce0986","null","","","","<p style=""font-size: 48px;""> + </p>","null","fixation","","","","","","","","","","","","","","","","","","","","","","","","","blue","",""
"html-keyboard-response","184","696274","0.0-184.0","573b8bc2f3580b0006ce0986","null","","","","<span class='grid'><div> </div> <div> </div> <div> </div> <div> </div> <div class='blue' style='background-position:2000% 0%;margin-top:32px'></div> <div> </div> <div> </div> <div> </div> <div> </div> <div> </div> <div> </div> <div class='blue' style='background-position:2800% 0%;margin-top:20px'></div> <div> </div> <div> </div></span>","null","stimulus","{""index"":45,""type"":""experimental"",""array_length"":20,""meanVal"":15,""color"":""blue""}","","","","","","","","","","","","","","","","","","","","","","","","blue","",""
"image-slider-response_noButton","185","702691","0.0-185.0","573b8bc2f3580b0006ce0986","6416","","","","img/blue1.jpg,img/blue2.jpg,img/blue3.jpg,img/blue4.jpg,img/blue5.jpg,img/blue6.jpg,img/blue7.jpg,img/blue8.jpg,img/blue9.jpg,img/blue10.jpg,img/blue11.jpg,img/blue12.jpg,img/blue13.jpg,img/blue14.jpg,img/blue15.jpg,img/blue16.jpg,img/blue17.jpg,img/blue18.jpg,img/blue19.jpg,img/blue20.jpg,img/blue21.jpg,img/blue22.jpg,img/blue23.jpg,img/blue24.jpg,img/blue25.jpg,img/blue26.jpg,img/blue27.jpg,img/blue28.jpg,img/blue29.jpg,img/blue30.jpg,img/blue31.jpg,img/blue32.jpg,img/blue33.jpg,img/blue34.jpg,img/blue35.jpg,img/blue36.jpg,img/blue37.jpg,img/blue38.jpg,img/blue39.jpg,img/blue40.jpg,img/blue41.jpg,img/blue42.jpg,img/blue43.jpg,img/blue44.jpg,img/blue45.jpg,img/blue46.jpg,img/blue47.jpg,img/blue48.jpg,img/blue49.jpg,img/blue50.jpg","","response","{""index"":46,""type"":""experimental"",""array_length"":2,""meanVal"":24,""color"":""blue""}","image-slider-response_noButton","<p>what was the average blueness of the array?</p>","1","50","0","function morphedScaleBlue() {
  // defining a few helper functions
  function nrange(size, startAt = 0) {
    return [...Array(size).keys()].map(i => i + startAt);
  };

  function fillArray(value, len) {
    var arr = [];
    for (var i = 0; i < len; i++) {
      arr.push(value);
    }
    return arr;
  };

  function generateSlices(vWidth, nSlices) {
    var step = vWidth*0.6/(nSlices-2);
    var stepArray = fillArray(step,nSlices-2)
    stepArray.unshift(0.2*vWidth)
    stepArray.push(0.2*vWidth)

    var bounds = [];
    
    for (var i = 0; i < nSlices; i++) {
      if (i==0) {
        bounds.push([(i*stepArray[i]), (i*stepArray[i])+stepArray[i]])
      } else if (i>0 && i!=nSlices-1) {
        bounds.push([(i*stepArray[i]+0.2*vWidth), (i*stepArray[i])+stepArray[i]+0.2*vWidth])
      } else {
        bounds.push([(vWidth-0.2*vWidth), vWidth])  
      }
    };
    return bounds;
  };
  
  // start trial timer
  var startTime = (new Date()).getTime();
  // get trial data
  var trialData = jsPsych.currentTrial();

  // remove the picture scales and the slider
  $('.jspsych-image-slider-response_noButton-container').css(""visibility"", ""hidden"");
  $('img').remove();
  
  // Remove mondrian background for rating phase
  $('body').css('background-image', 'none');

  var imgScale = getScaleBlue();
  
  // derive the letter of the image filenames
  var imgBase = imgScale[0].split('img/')[1].split('.jpg')[0].replace(/\d+/g, '');
  
  // split the number of the image filenames off from the rest of it
  var nScale = [];
  for (var i = 0; i < imgScale.length-1; i++) {
    var n = imgScale[i].split('img/')[1].split('.jpg')[0].split(imgBase)[1];
    nScale.push(n);
  };
  
  // calculate the element width, and slice it up into sections
  var vWidth = $(document).width();
  var nSlices = nScale.length;
  var slices = generateSlices(vWidth, nSlices);

  // setting up initial vertical line to start the mousemove functionality
  var vHeight = $(document).height()-8;
  var lineSlice = vWidth / 10;
  var vertLine = `<div style=""border-left:black;border-style:solid;margin-left:${lineSlice}px; height:${vHeight}px;width:0px;position:absolute;"" id=""vertLine""></div>`;
  var linePrompt = `<div id=""linePrompt""><div style=""font-size:50px;position:absolute;margin-left:${lineSlice*1.3}px;margin-top:${vHeight/2}px""></div><div style=""position:absolute;margin-left:${lineSlice*1.2}px;margin-top:${vHeight/2}px;z-index:5;"">Move mouse left of the line to begin</div></div>`;
  $("".jspsych-content-wrapper"").prepend(vertLine);
  $("".jspsych-content-wrapper"").prepend(linePrompt);
  
  // hide prompt until the trial is begun
  $('#jspsych-content > p').css(""visibility"", ""hidden"");

  // initialize the central image with the most neutral one (i.e. from
  // the middle of the scale) and set the image to be blurred
  var initialImage = imgScale[0];
  $('#jspsych-image-slider-response_noButton-stimulus').append(`<img src=""${initialImage}"" style=""filter:blur(4px);visibility:hidden;"" id=""changeable-image""/>`);

  // ADD VISUAL SCALE SHOWING MIN/MAX
  var scaleWidth = vWidth * 0.6;
  var scaleLeft = vWidth * 0.2;
  var scaleHtml = `
    <div id=""scale-container"" style=""position:absolute; bottom:120px; left:${scaleLeft}px; width:${scaleWidth}px; height:30px; background-color:rgba(220,220,220,0.7); border-radius:5px; display:none; z-index:10;"">
      <div style=""position:absolute; left:0px; width:2px; height:30px; background-color:black;""></div>
      <div style=""position:absolute; left:0px; top:32px; font-size:12px; color:black;"">Min (1)</div>
      <div style=""position:absolute; right:0px; width:2px; height:30px; background-color:black;""></div>
      <div style=""position:absolute; right:0px; top:32px; font-size:12px; color:black;"">Max (50)</div>
      <div id=""current-marker"" style=""position:absolute; left:0px; width:2px; height:30px; background-color:blue; display:none;""></div>
    </div>
  `;
  $("".jspsych-content-wrapper"").append(scaleHtml);

  // workaround with a global variable
  window.__imageMouseOver = {
    lineSlice: lineSlice,
    slices: slices,
    nScale: nScale,
    imgBase: imgBase,
    startTime: startTime,
    trialData: trialData,
    sliceSelected: 0,
  };
  var __listenerBools = {};

  // define mousemove event listener that changes image
  function changeImg(event) {
    var mouseX = Math.floor(event.pageX);
    
    // Show the scale after interaction begins
    $(""#scale-container"").css(""display"", ""block"");
    
    // Update current marker position based on mouse position
    var scaleWidth = $(""#scale-container"").width();
    var relativePos = Math.max(0, Math.min(mouseX - scaleLeft, scaleWidth));
    var percentPos = (relativePos / scaleWidth) * 100;
    
    $(""#current-marker"").css({
      ""left"": `${relativePos}px`,
      ""display"": ""block""
    });
    
    for (var i = 0; i < __imageMouseOver.slices.length; i++) {
      // if mouse X position is within the bounds of the X axis slice,
      // change the image to one that is indexed to that slice
      if (mouseX >= __imageMouseOver.slices[i][0] && mouseX <= __imageMouseOver.slices[i][1]) {
        // capture which slice is selected
        __imageMouseOver.sliceSelected = i;
        // update img src to the picture that corresponds to that slice
        $('#changeable-image').attr('src', `img/${__imageMouseOver.imgBase}${__imageMouseOver.nScale[i]}.jpg`);
      }
    };
  };
  
  // define the click listener that ends trial
  function clickHandler(event) {
    if (__listenerBools['mousemove']) {
      // derive trial data
      var trialData = __imageMouseOver.trialData;
      var end_time = (new Date()).getTime();
      var rt = end_time - __imageMouseOver.startTime;
      trialData['rt'] = rt;
      trialData['stimulus_duration'] = rt;
      trialData['trial_duration'] = rt;
      trialData['imageSelected'] = `${__imageMouseOver.imgBase}${__imageMouseOver.nScale[__imageMouseOver.sliceSelected]}.jpg`
      trialData['indexSelected'] = __imageMouseOver.sliceSelected;
      // turn off listeners
      $(document).off('mousemove');
      $(document).off('click');
      // clean up variable namespaces
      delete window.__imageMouseOver
      delete __listenerBools;
      // clean up scale
      $(""#scale-container"").remove();
      // finish the trial with trial data
      jsPsych.finishTrial(trialData);
    };
  };

  function verticalLineInit(event) {
    var mouseX = Math.floor(event.pageX);
    if (mouseX <= __imageMouseOver.lineSlice) {
      $(""#vertLine"").remove();
      $(""#linePrompt"").remove();
      $(""#jspsych-image-slider-response_noButton-stimulus > img"").css({
        ""filter"":""blur(0px)"",
        ""visibility"": ""visible"",
      });
      $('#jspsych-content > p').css(""visibility"", ""visible"");
      $('.jspsych-image-slider-response_noButton-').css(""visibility"", ""visible"");
      
      __listenerBools['mousemove'] = true;
      // turn off THIS mouse move listener
      $(document).off(""mousemove"");
      // turn on the mouse move listener that changes the image
      $(document).mousemove(changeImg);
      // add mouse click listener
      $(document).on('click', clickHandler);
    };
  };

  // turn on the vertical line mouse move listener
  $(document).mousemove(verticalLineInit);
}","[object Object]","0","","Continue","6416","6416","true","blue19.jpg","18","avg","400","blue","2","[20,28]","24","three giraffes","59","blue","",""
"html-keyboard-response","186","703202","0.0-186.0","573b8bc2f3580b0006ce0986","null","","","","<p style=""font-size: 48px;""> + </p>","null","fixation","","","","","","","","","","","","","","","","","","","","","","","","","blue","",""
"html-keyboard-response","187","704715","0.0-187.0","573b8bc2f3580b0006ce0986","null","","","","<span class='grid'><div class='blue' style='background-position:3000% 0%;margin-top:38px'></div> <div class='blue' style='background-position:2200% 0%;margin-top:28px'></div> <div class='blue' style='background-position:3100% 0%;margin-top:26px'></div> <div> </div> <div> </div> <div class='blue' style='background-position:4100% 0%;margin-top:45px'></div> <div class='blue' style='background-position:2500% 0%;margin-top:26px'></div> <div class='blue' style='background-position:3100% 0%;margin-top:33px'></div> <div class='blue' style='background-position:3300% 0%;margin-top:30px'></div> <div class='blue' style='background-position:4100% 0%;margin-top:21px'></div> <div class='blue' style='background-position:2400% 0%;margin-top:43px'></div> <div class='blue' style='background-position:2500% 0%;margin-top:26px'></div> <div class='blue' style='background-position:2500% 0%;margin-top:43px'></div> <div class='blue' style='background-position:3200% 0%;margin-top:21px'></div> <div class='blue' style='background-position:3200% 0%;margin-top:33px'></div> <div class='blue' style='background-position:3700% 0%;margin-top:36px'></div> <div class='blue' style='background-position:3100% 0%;margin-top:22px'></div> <div> </div> <div class='blue' style='background-position:3800% 0%;margin-top:20px'></div> <div class='blue' style='background-position:2900% 0%;margin-top:41px'></div> <div class='blue' style='background-position:3300% 0%;margin-top:26px'></div> <div class='blue' style='background-position:2500% 0%;margin-top:31px'></div> <div class='blue' style='background-position:2500% 0%;margin-top:34px'></div></span>","null","stimulus","{""index"":46,""type"":""experimental"",""array_length"":2,""meanVal"":24,""color"":""blue""}","","","","","","","","","","","","","","","","","","","","","","","","blue","",""
"image-slider-response_noButton","188","711026","0.0-188.0","573b8bc2f3580b0006ce0986","6310","","","","img/blue1.jpg,img/blue2.jpg,img/blue3.jpg,img/blue4.jpg,img/blue5.jpg,img/blue6.jpg,img/blue7.jpg,img/blue8.jpg,img/blue9.jpg,img/blue10.jpg,img/blue11.jpg,img/blue12.jpg,img/blue13.jpg,img/blue14.jpg,img/blue15.jpg,img/blue16.jpg,img/blue17.jpg,img/blue18.jpg,img/blue19.jpg,img/blue20.jpg,img/blue21.jpg,img/blue22.jpg,img/blue23.jpg,img/blue24.jpg,img/blue25.jpg,img/blue26.jpg,img/blue27.jpg,img/blue28.jpg,img/blue29.jpg,img/blue30.jpg,img/blue31.jpg,img/blue32.jpg,img/blue33.jpg,img/blue34.jpg,img/blue35.jpg,img/blue36.jpg,img/blue37.jpg,img/blue38.jpg,img/blue39.jpg,img/blue40.jpg,img/blue41.jpg,img/blue42.jpg,img/blue43.jpg,img/blue44.jpg,img/blue45.jpg,img/blue46.jpg,img/blue47.jpg,img/blue48.jpg,img/blue49.jpg,img/blue50.jpg","","response","{""index"":47,""type"":""experimental"",""array_length"":20,""meanVal"":32,""color"":""blue""}","image-slider-response_noButton","<p>what was the average blueness of the array?</p>","1","50","0","function morphedScaleBlue() {
  // defining a few helper functions
  function nrange(size, startAt = 0) {
    return [...Array(size).keys()].map(i => i + startAt);
  };

  function fillArray(value, len) {
    var arr = [];
    for (var i = 0; i < len; i++) {
      arr.push(value);
    }
    return arr;
  };

  function generateSlices(vWidth, nSlices) {
    var step = vWidth*0.6/(nSlices-2);
    var stepArray = fillArray(step,nSlices-2)
    stepArray.unshift(0.2*vWidth)
    stepArray.push(0.2*vWidth)

    var bounds = [];
    
    for (var i = 0; i < nSlices; i++) {
      if (i==0) {
        bounds.push([(i*stepArray[i]), (i*stepArray[i])+stepArray[i]])
      } else if (i>0 && i!=nSlices-1) {
        bounds.push([(i*stepArray[i]+0.2*vWidth), (i*stepArray[i])+stepArray[i]+0.2*vWidth])
      } else {
        bounds.push([(vWidth-0.2*vWidth), vWidth])  
      }
    };
    return bounds;
  };
  
  // start trial timer
  var startTime = (new Date()).getTime();
  // get trial data
  var trialData = jsPsych.currentTrial();

  // remove the picture scales and the slider
  $('.jspsych-image-slider-response_noButton-container').css(""visibility"", ""hidden"");
  $('img').remove();
  
  // Remove mondrian background for rating phase
  $('body').css('background-image', 'none');

  var imgScale = getScaleBlue();
  
  // derive the letter of the image filenames
  var imgBase = imgScale[0].split('img/')[1].split('.jpg')[0].replace(/\d+/g, '');
  
  // split the number of the image filenames off from the rest of it
  var nScale = [];
  for (var i = 0; i < imgScale.length-1; i++) {
    var n = imgScale[i].split('img/')[1].split('.jpg')[0].split(imgBase)[1];
    nScale.push(n);
  };
  
  // calculate the element width, and slice it up into sections
  var vWidth = $(document).width();
  var nSlices = nScale.length;
  var slices = generateSlices(vWidth, nSlices);

  // setting up initial vertical line to start the mousemove functionality
  var vHeight = $(document).height()-8;
  var lineSlice = vWidth / 10;
  var vertLine = `<div style=""border-left:black;border-style:solid;margin-left:${lineSlice}px; height:${vHeight}px;width:0px;position:absolute;"" id=""vertLine""></div>`;
  var linePrompt = `<div id=""linePrompt""><div style=""font-size:50px;position:absolute;margin-left:${lineSlice*1.3}px;margin-top:${vHeight/2}px""></div><div style=""position:absolute;margin-left:${lineSlice*1.2}px;margin-top:${vHeight/2}px;z-index:5;"">Move mouse left of the line to begin</div></div>`;
  $("".jspsych-content-wrapper"").prepend(vertLine);
  $("".jspsych-content-wrapper"").prepend(linePrompt);
  
  // hide prompt until the trial is begun
  $('#jspsych-content > p').css(""visibility"", ""hidden"");

  // initialize the central image with the most neutral one (i.e. from
  // the middle of the scale) and set the image to be blurred
  var initialImage = imgScale[0];
  $('#jspsych-image-slider-response_noButton-stimulus').append(`<img src=""${initialImage}"" style=""filter:blur(4px);visibility:hidden;"" id=""changeable-image""/>`);

  // ADD VISUAL SCALE SHOWING MIN/MAX
  var scaleWidth = vWidth * 0.6;
  var scaleLeft = vWidth * 0.2;
  var scaleHtml = `
    <div id=""scale-container"" style=""position:absolute; bottom:120px; left:${scaleLeft}px; width:${scaleWidth}px; height:30px; background-color:rgba(220,220,220,0.7); border-radius:5px; display:none; z-index:10;"">
      <div style=""position:absolute; left:0px; width:2px; height:30px; background-color:black;""></div>
      <div style=""position:absolute; left:0px; top:32px; font-size:12px; color:black;"">Min (1)</div>
      <div style=""position:absolute; right:0px; width:2px; height:30px; background-color:black;""></div>
      <div style=""position:absolute; right:0px; top:32px; font-size:12px; color:black;"">Max (50)</div>
      <div id=""current-marker"" style=""position:absolute; left:0px; width:2px; height:30px; background-color:blue; display:none;""></div>
    </div>
  `;
  $("".jspsych-content-wrapper"").append(scaleHtml);

  // workaround with a global variable
  window.__imageMouseOver = {
    lineSlice: lineSlice,
    slices: slices,
    nScale: nScale,
    imgBase: imgBase,
    startTime: startTime,
    trialData: trialData,
    sliceSelected: 0,
  };
  var __listenerBools = {};

  // define mousemove event listener that changes image
  function changeImg(event) {
    var mouseX = Math.floor(event.pageX);
    
    // Show the scale after interaction begins
    $(""#scale-container"").css(""display"", ""block"");
    
    // Update current marker position based on mouse position
    var scaleWidth = $(""#scale-container"").width();
    var relativePos = Math.max(0, Math.min(mouseX - scaleLeft, scaleWidth));
    var percentPos = (relativePos / scaleWidth) * 100;
    
    $(""#current-marker"").css({
      ""left"": `${relativePos}px`,
      ""display"": ""block""
    });
    
    for (var i = 0; i < __imageMouseOver.slices.length; i++) {
      // if mouse X position is within the bounds of the X axis slice,
      // change the image to one that is indexed to that slice
      if (mouseX >= __imageMouseOver.slices[i][0] && mouseX <= __imageMouseOver.slices[i][1]) {
        // capture which slice is selected
        __imageMouseOver.sliceSelected = i;
        // update img src to the picture that corresponds to that slice
        $('#changeable-image').attr('src', `img/${__imageMouseOver.imgBase}${__imageMouseOver.nScale[i]}.jpg`);
      }
    };
  };
  
  // define the click listener that ends trial
  function clickHandler(event) {
    if (__listenerBools['mousemove']) {
      // derive trial data
      var trialData = __imageMouseOver.trialData;
      var end_time = (new Date()).getTime();
      var rt = end_time - __imageMouseOver.startTime;
      trialData['rt'] = rt;
      trialData['stimulus_duration'] = rt;
      trialData['trial_duration'] = rt;
      trialData['imageSelected'] = `${__imageMouseOver.imgBase}${__imageMouseOver.nScale[__imageMouseOver.sliceSelected]}.jpg`
      trialData['indexSelected'] = __imageMouseOver.sliceSelected;
      // turn off listeners
      $(document).off('mousemove');
      $(document).off('click');
      // clean up variable namespaces
      delete window.__imageMouseOver
      delete __listenerBools;
      // clean up scale
      $(""#scale-container"").remove();
      // finish the trial with trial data
      jsPsych.finishTrial(trialData);
    };
  };

  function verticalLineInit(event) {
    var mouseX = Math.floor(event.pageX);
    if (mouseX <= __imageMouseOver.lineSlice) {
      $(""#vertLine"").remove();
      $(""#linePrompt"").remove();
      $(""#jspsych-image-slider-response_noButton-stimulus > img"").css({
        ""filter"":""blur(0px)"",
        ""visibility"": ""visible"",
      });
      $('#jspsych-content > p').css(""visibility"", ""visible"");
      $('.jspsych-image-slider-response_noButton-').css(""visibility"", ""visible"");
      
      __listenerBools['mousemove'] = true;
      // turn off THIS mouse move listener
      $(document).off(""mousemove"");
      // turn on the mouse move listener that changes the image
      $(document).mousemove(changeImg);
      // add mouse click listener
      $(document).on('click', clickHandler);
    };
  };

  // turn on the vertical line mouse move listener
  $(document).mousemove(verticalLineInit);
}","[object Object]","0","","Continue","6310","6310","true","blue26.jpg","25","avg","500","blue","20","[22,24,25,25,25,25,25,29,30,31,31,31,32,32,33,33,37,38,41,41]","32","three giraffes","60","blue","",""
"survey-text","189","718170","0.0-189.0-0.0","573b8bc2f3580b0006ce0986","7142.400000002235","","","{""Q0"":""sky""}","","","","","","","","","","","","","","","","","","","","","","","","","","","","","",""
"html-keyboard-response","190","718677","0.0-190.0","573b8bc2f3580b0006ce0986","null","","","","<p style=""font-size: 48px;""> + </p>","null","fixation","","","","","","","","","","","","","","","","","","","","","","","","","red","",""
"html-keyboard-response","191","720190","0.0-191.0","573b8bc2f3580b0006ce0986","null","","","","<span class='grid'><div> </div> <div> </div> <div class='red' style='background-position:2300% 0%;margin-top:39px'></div> <div class='red' style='background-position:1200% 0%;margin-top:45px'></div> <div class='red' style='background-position:2100% 0%;margin-top:46px'></div> <div class='red' style='background-position:600% 0%;margin-top:39px'></div> <div> </div> <div> </div> <div class='red' style='background-position:1300% 0%;margin-top:28px'></div> <div> </div> <div> </div> <div> </div> <div> </div> <div class='red' style='background-position:1600% 0%;margin-top:22px'></div> <div class='red' style='background-position:2000% 0%;margin-top:26px'></div> <div class='red' style='background-position:1700% 0%;margin-top:42px'></div> <div class='red' style='background-position:500% 0%;margin-top:27px'></div> <div class='red' style='background-position:900% 0%;margin-top:29px'></div></span>","null","stimulus","{""index"":47,""type"":""experimental"",""array_length"":20,""meanVal"":32,""color"":""blue""}","","","","","","","","","","","","","","","","","","","","","","","","red","",""
"image-slider-response_noButton","192","725192","0.0-192.0","573b8bc2f3580b0006ce0986","5002","","","","img/red1.jpg,img/red2.jpg,img/red3.jpg,img/red4.jpg,img/red5.jpg,img/red6.jpg,img/red7.jpg,img/red8.jpg,img/red9.jpg,img/red10.jpg,img/red11.jpg,img/red12.jpg,img/red13.jpg,img/red14.jpg,img/red15.jpg,img/red16.jpg,img/red17.jpg,img/red18.jpg,img/red19.jpg,img/red20.jpg,img/red21.jpg,img/red22.jpg,img/red23.jpg,img/red24.jpg,img/red25.jpg,img/red26.jpg,img/red27.jpg,img/red28.jpg,img/red29.jpg,img/red30.jpg,img/red31.jpg,img/red32.jpg,img/red33.jpg,img/red34.jpg,img/red35.jpg,img/red36.jpg,img/red37.jpg,img/red38.jpg,img/red39.jpg,img/red40.jpg,img/red41.jpg,img/red42.jpg,img/red43.jpg,img/red44.jpg,img/red45.jpg,img/red46.jpg,img/red47.jpg,img/red48.jpg,img/red49.jpg,img/red50.jpg","","response","{""index"":48,""type"":""experimental"",""array_length"":10,""meanVal"":14,""color"":""red""}","image-slider-response_noButton","<p>what was the average redness of the array?</p>","1","50","0","function morphedScaleRed() {
    // defining a few helper functions
    function nrange(size, startAt = 0) {
      return [...Array(size).keys()].map(i => i + startAt);
    };
  
    function fillArray(value, len) {
      var arr = [];
      for (var i = 0; i < len; i++) {
        arr.push(value);
      }
      return arr;
    };
  
    function generateSlices(vWidth, nSlices) {
      var step = vWidth*0.6/(nSlices-2);
      var stepArray = fillArray(step,nSlices-2)
      stepArray.unshift(0.2*vWidth)
      stepArray.push(0.2*vWidth)
  
      var bounds = [];
      
      for (var i = 0; i < nSlices; i++) {
        if (i==0) {
          bounds.push([(i*stepArray[i]), (i*stepArray[i])+stepArray[i]])
        } else if (i>0 && i!=nSlices-1) {
          bounds.push([(i*stepArray[i]+0.2*vWidth), (i*stepArray[i])+stepArray[i]+0.2*vWidth])
        } else {
          bounds.push([(vWidth-0.2*vWidth), vWidth])  
        }
      };
      return bounds;
    };
    
    // start trial timer
    var startTime = (new Date()).getTime();
    // get trial data
    var trialData = jsPsych.currentTrial();
  
    // remove the picture scales and the slider
    $('.jspsych-image-slider-response_noButton-container').css(""visibility"", ""hidden"");
    $('img').remove();
    
    // Remove mondrian background for rating phase
    $('body').css('background-image', 'none');
  
    var imgScale = getScaleRed();
    
    // derive the letter of the image filenames
    var imgBase = imgScale[0].split('img/')[1].split('.jpg')[0].replace(/\d+/g, '');
    
    // split the number of the image filenames off from the rest of it
    var nScale = [];
    for (var i = 0; i < imgScale.length-1; i++) {
      var n = imgScale[i].split('img/')[1].split('.jpg')[0].split(imgBase)[1];
      nScale.push(n);
    };
    
    // calculate the element width, and slice it up into sections
    var vWidth = $(document).width();
    var nSlices = nScale.length;
    var slices = generateSlices(vWidth, nSlices);
  
    // setting up initial vertical line to start the mousemove functionality
    var vHeight = $(document).height()-8;
    var lineSlice = vWidth / 10;
    var vertLine = `<div style=""border-left:black;border-style:solid;margin-left:${lineSlice}px; height:${vHeight}px;width:0px;position:absolute;"" id=""vertLine""></div>`;
    var linePrompt = `<div id=""linePrompt""><div style=""font-size:50px;position:absolute;margin-left:${lineSlice*1.3}px;margin-top:${vHeight/2}px""></div><div style=""position:absolute;margin-left:${lineSlice*1.2}px;margin-top:${vHeight/2}px;z-index:5;"">Move mouse left of the line to begin</div></div>`;
    $("".jspsych-content-wrapper"").prepend(vertLine);
    $("".jspsych-content-wrapper"").prepend(linePrompt);
    
    // hide prompt until the trial is begun
    $('#jspsych-content > p').css(""visibility"", ""hidden"");
  
    // initialize the central image with the most neutral one (i.e. from
    // the middle of the scale) and set the image to be blurred
    var initialImage = imgScale[0];
    $('#jspsych-image-slider-response_noButton-stimulus').append(`<img src=""${initialImage}"" style=""filter:blur(4px);visibility:hidden;"" id=""changeable-image""/>`);
  
    // ADD VISUAL SCALE SHOWING MIN/MAX
    var scaleWidth = vWidth * 0.6;
    var scaleLeft = vWidth * 0.2;
    var scaleHtml = `
      <div id=""scale-container"" style=""position:absolute; bottom:120px; left:${scaleLeft}px; width:${scaleWidth}px; height:30px; background-color:rgba(220,220,220,0.7); border-radius:5px; display:none; z-index:10;"">
        <div style=""position:absolute; left:0px; width:2px; height:30px; background-color:black;""></div>
        <div style=""position:absolute; left:0px; top:32px; font-size:12px; color:black;"">Min (1)</div>
        <div style=""position:absolute; right:0px; width:2px; height:30px; background-color:black;""></div>
        <div style=""position:absolute; right:0px; top:32px; font-size:12px; color:black;"">Max (50)</div>
        <div id=""current-marker"" style=""position:absolute; left:0px; width:2px; height:30px; background-color:red; display:none;""></div>
      </div>
    `;
    $("".jspsych-content-wrapper"").append(scaleHtml);
  
    // workaround with a global variable
    window.__imageMouseOver = {
      lineSlice: lineSlice,
      slices: slices,
      nScale: nScale,
      imgBase: imgBase,
      startTime: startTime,
      trialData: trialData,
      sliceSelected: 0,
    };
    var __listenerBools = {};
  
    // define mousemove event listener that changes image
    function changeImg(event) {
      var mouseX = Math.floor(event.pageX);
      
      // Show the scale after interaction begins
      $(""#scale-container"").css(""display"", ""block"");
      
      // Update current marker position based on mouse position
      var scaleWidth = $(""#scale-container"").width();
      var relativePos = Math.max(0, Math.min(mouseX - scaleLeft, scaleWidth));
      var percentPos = (relativePos / scaleWidth) * 100;
      
      $(""#current-marker"").css({
        ""left"": `${relativePos}px`,
        ""display"": ""block""
      });
      
      for (var i = 0; i < __imageMouseOver.slices.length; i++) {
        // if mouse X position is within the bounds of the X axis slice,
        // change the image to one that is indexed to that slice
        if (mouseX >= __imageMouseOver.slices[i][0] && mouseX <= __imageMouseOver.slices[i][1]) {
          // capture which slice is selected
          __imageMouseOver.sliceSelected = i;
          // update img src to the picture that corresponds to that slice
          $('#changeable-image').attr('src', `img/${__imageMouseOver.imgBase}${__imageMouseOver.nScale[i]}.jpg`);
        }
      };
    };
    
    // define the click listener that ends trial
    function clickHandler(event) {
      if (__listenerBools['mousemove']) {
        // derive trial data
        var trialData = __imageMouseOver.trialData;
        var end_time = (new Date()).getTime();
        var rt = end_time - __imageMouseOver.startTime;
        trialData['rt'] = rt;
        trialData['stimulus_duration'] = rt;
        trialData['trial_duration'] = rt;
        trialData['imageSelected'] = `${__imageMouseOver.imgBase}${__imageMouseOver.nScale[__imageMouseOver.sliceSelected]}.jpg`
        trialData['indexSelected'] = __imageMouseOver.sliceSelected;
        // turn off listeners
        $(document).off('mousemove');
        $(document).off('click');
        // clean up variable namespaces
        delete window.__imageMouseOver
        delete __listenerBools;
        // clean up scale
        $(""#scale-container"").remove();
        // finish the trial with trial data
        jsPsych.finishTrial(trialData);
      };
    };
  
    function verticalLineInit(event) {
      var mouseX = Math.floor(event.pageX);
      if (mouseX <= __imageMouseOver.lineSlice) {
        $(""#vertLine"").remove();
        $(""#linePrompt"").remove();
        $(""#jspsych-image-slider-response_noButton-stimulus > img"").css({
          ""filter"":""blur(0px)"",
          ""visibility"": ""visible"",
        });
        $('#jspsych-content > p').css(""visibility"", ""visible"");
        __listenerBools['mousemove'] = true;
        // turn off THIS mouse move listener
        $(document).off(""mousemove"");
        // turn on the mouse move listener that changes the image
        $(document).mousemove(changeImg);
        // add mouse click listener
        $(document).on('click', clickHandler);
      };
    };
  
    // turn on the vertical line mouse move listener
    $(document).mousemove(verticalLineInit);
  }","[object Object]","0","","Continue","5002","5002","true","red19.jpg","18","avg","500","red","10","[5,9,6,12,13,16,17,20,21,23]","14","three giraffes","61","red","",""
"html-keyboard-response","193","725693","0.0-193.0","573b8bc2f3580b0006ce0986","null","","","","<p style=""font-size: 48px;""> + </p>","null","fixation","","","","","","","","","","","","","","","","","","","","","","","","","red","",""
"html-keyboard-response","194","727207","0.0-194.0","573b8bc2f3580b0006ce0986","null","","","","<span class='grid'><div> </div> <div> </div> <div class='red' style='background-position:2700% 0%;margin-top:23px'></div> <div> </div> <div> </div> <div> </div> <div> </div> <div> </div> <div> </div> <div> </div> <div> </div> <div class='red' style='background-position:3500% 0%;margin-top:43px'></div> <div> </div> <div> </div></span>","null","stimulus","{""index"":48,""type"":""experimental"",""array_length"":10,""meanVal"":14,""color"":""red""}","","","","","","","","","","","","","","","","","","","","","","","","red","",""
"image-slider-response_noButton","195","733323","0.0-195.0","573b8bc2f3580b0006ce0986","6115","","","","img/red1.jpg,img/red2.jpg,img/red3.jpg,img/red4.jpg,img/red5.jpg,img/red6.jpg,img/red7.jpg,img/red8.jpg,img/red9.jpg,img/red10.jpg,img/red11.jpg,img/red12.jpg,img/red13.jpg,img/red14.jpg,img/red15.jpg,img/red16.jpg,img/red17.jpg,img/red18.jpg,img/red19.jpg,img/red20.jpg,img/red21.jpg,img/red22.jpg,img/red23.jpg,img/red24.jpg,img/red25.jpg,img/red26.jpg,img/red27.jpg,img/red28.jpg,img/red29.jpg,img/red30.jpg,img/red31.jpg,img/red32.jpg,img/red33.jpg,img/red34.jpg,img/red35.jpg,img/red36.jpg,img/red37.jpg,img/red38.jpg,img/red39.jpg,img/red40.jpg,img/red41.jpg,img/red42.jpg,img/red43.jpg,img/red44.jpg,img/red45.jpg,img/red46.jpg,img/red47.jpg,img/red48.jpg,img/red49.jpg,img/red50.jpg","","response","{""index"":49,""type"":""experimental"",""array_length"":2,""meanVal"":31,""color"":""red""}","image-slider-response_noButton","<p>what was the average redness of the array?</p>","1","50","0","function morphedScaleRed() {
    // defining a few helper functions
    function nrange(size, startAt = 0) {
      return [...Array(size).keys()].map(i => i + startAt);
    };
  
    function fillArray(value, len) {
      var arr = [];
      for (var i = 0; i < len; i++) {
        arr.push(value);
      }
      return arr;
    };
  
    function generateSlices(vWidth, nSlices) {
      var step = vWidth*0.6/(nSlices-2);
      var stepArray = fillArray(step,nSlices-2)
      stepArray.unshift(0.2*vWidth)
      stepArray.push(0.2*vWidth)
  
      var bounds = [];
      
      for (var i = 0; i < nSlices; i++) {
        if (i==0) {
          bounds.push([(i*stepArray[i]), (i*stepArray[i])+stepArray[i]])
        } else if (i>0 && i!=nSlices-1) {
          bounds.push([(i*stepArray[i]+0.2*vWidth), (i*stepArray[i])+stepArray[i]+0.2*vWidth])
        } else {
          bounds.push([(vWidth-0.2*vWidth), vWidth])  
        }
      };
      return bounds;
    };
    
    // start trial timer
    var startTime = (new Date()).getTime();
    // get trial data
    var trialData = jsPsych.currentTrial();
  
    // remove the picture scales and the slider
    $('.jspsych-image-slider-response_noButton-container').css(""visibility"", ""hidden"");
    $('img').remove();
    
    // Remove mondrian background for rating phase
    $('body').css('background-image', 'none');
  
    var imgScale = getScaleRed();
    
    // derive the letter of the image filenames
    var imgBase = imgScale[0].split('img/')[1].split('.jpg')[0].replace(/\d+/g, '');
    
    // split the number of the image filenames off from the rest of it
    var nScale = [];
    for (var i = 0; i < imgScale.length-1; i++) {
      var n = imgScale[i].split('img/')[1].split('.jpg')[0].split(imgBase)[1];
      nScale.push(n);
    };
    
    // calculate the element width, and slice it up into sections
    var vWidth = $(document).width();
    var nSlices = nScale.length;
    var slices = generateSlices(vWidth, nSlices);
  
    // setting up initial vertical line to start the mousemove functionality
    var vHeight = $(document).height()-8;
    var lineSlice = vWidth / 10;
    var vertLine = `<div style=""border-left:black;border-style:solid;margin-left:${lineSlice}px; height:${vHeight}px;width:0px;position:absolute;"" id=""vertLine""></div>`;
    var linePrompt = `<div id=""linePrompt""><div style=""font-size:50px;position:absolute;margin-left:${lineSlice*1.3}px;margin-top:${vHeight/2}px""></div><div style=""position:absolute;margin-left:${lineSlice*1.2}px;margin-top:${vHeight/2}px;z-index:5;"">Move mouse left of the line to begin</div></div>`;
    $("".jspsych-content-wrapper"").prepend(vertLine);
    $("".jspsych-content-wrapper"").prepend(linePrompt);
    
    // hide prompt until the trial is begun
    $('#jspsych-content > p').css(""visibility"", ""hidden"");
  
    // initialize the central image with the most neutral one (i.e. from
    // the middle of the scale) and set the image to be blurred
    var initialImage = imgScale[0];
    $('#jspsych-image-slider-response_noButton-stimulus').append(`<img src=""${initialImage}"" style=""filter:blur(4px);visibility:hidden;"" id=""changeable-image""/>`);
  
    // ADD VISUAL SCALE SHOWING MIN/MAX
    var scaleWidth = vWidth * 0.6;
    var scaleLeft = vWidth * 0.2;
    var scaleHtml = `
      <div id=""scale-container"" style=""position:absolute; bottom:120px; left:${scaleLeft}px; width:${scaleWidth}px; height:30px; background-color:rgba(220,220,220,0.7); border-radius:5px; display:none; z-index:10;"">
        <div style=""position:absolute; left:0px; width:2px; height:30px; background-color:black;""></div>
        <div style=""position:absolute; left:0px; top:32px; font-size:12px; color:black;"">Min (1)</div>
        <div style=""position:absolute; right:0px; width:2px; height:30px; background-color:black;""></div>
        <div style=""position:absolute; right:0px; top:32px; font-size:12px; color:black;"">Max (50)</div>
        <div id=""current-marker"" style=""position:absolute; left:0px; width:2px; height:30px; background-color:red; display:none;""></div>
      </div>
    `;
    $("".jspsych-content-wrapper"").append(scaleHtml);
  
    // workaround with a global variable
    window.__imageMouseOver = {
      lineSlice: lineSlice,
      slices: slices,
      nScale: nScale,
      imgBase: imgBase,
      startTime: startTime,
      trialData: trialData,
      sliceSelected: 0,
    };
    var __listenerBools = {};
  
    // define mousemove event listener that changes image
    function changeImg(event) {
      var mouseX = Math.floor(event.pageX);
      
      // Show the scale after interaction begins
      $(""#scale-container"").css(""display"", ""block"");
      
      // Update current marker position based on mouse position
      var scaleWidth = $(""#scale-container"").width();
      var relativePos = Math.max(0, Math.min(mouseX - scaleLeft, scaleWidth));
      var percentPos = (relativePos / scaleWidth) * 100;
      
      $(""#current-marker"").css({
        ""left"": `${relativePos}px`,
        ""display"": ""block""
      });
      
      for (var i = 0; i < __imageMouseOver.slices.length; i++) {
        // if mouse X position is within the bounds of the X axis slice,
        // change the image to one that is indexed to that slice
        if (mouseX >= __imageMouseOver.slices[i][0] && mouseX <= __imageMouseOver.slices[i][1]) {
          // capture which slice is selected
          __imageMouseOver.sliceSelected = i;
          // update img src to the picture that corresponds to that slice
          $('#changeable-image').attr('src', `img/${__imageMouseOver.imgBase}${__imageMouseOver.nScale[i]}.jpg`);
        }
      };
    };
    
    // define the click listener that ends trial
    function clickHandler(event) {
      if (__listenerBools['mousemove']) {
        // derive trial data
        var trialData = __imageMouseOver.trialData;
        var end_time = (new Date()).getTime();
        var rt = end_time - __imageMouseOver.startTime;
        trialData['rt'] = rt;
        trialData['stimulus_duration'] = rt;
        trialData['trial_duration'] = rt;
        trialData['imageSelected'] = `${__imageMouseOver.imgBase}${__imageMouseOver.nScale[__imageMouseOver.sliceSelected]}.jpg`
        trialData['indexSelected'] = __imageMouseOver.sliceSelected;
        // turn off listeners
        $(document).off('mousemove');
        $(document).off('click');
        // clean up variable namespaces
        delete window.__imageMouseOver
        delete __listenerBools;
        // clean up scale
        $(""#scale-container"").remove();
        // finish the trial with trial data
        jsPsych.finishTrial(trialData);
      };
    };
  
    function verticalLineInit(event) {
      var mouseX = Math.floor(event.pageX);
      if (mouseX <= __imageMouseOver.lineSlice) {
        $(""#vertLine"").remove();
        $(""#linePrompt"").remove();
        $(""#jspsych-image-slider-response_noButton-stimulus > img"").css({
          ""filter"":""blur(0px)"",
          ""visibility"": ""visible"",
        });
        $('#jspsych-content > p').css(""visibility"", ""visible"");
        __listenerBools['mousemove'] = true;
        // turn off THIS mouse move listener
        $(document).off(""mousemove"");
        // turn on the mouse move listener that changes the image
        $(document).mousemove(changeImg);
        // add mouse click listener
        $(document).on('click', clickHandler);
      };
    };
  
    // turn on the vertical line mouse move listener
    $(document).mousemove(verticalLineInit);
  }","[object Object]","0","","Continue","6115","6115","true","red30.jpg","29","avg","500","red","2","[27,35]","31","three giraffes","62","red","",""
"html-keyboard-response","196","733726","0.0-196.0","573b8bc2f3580b0006ce0986","null","","","","<p style=""font-size: 48px;""> + </p>","null","fixation","","","","","","","","","","","","","","","","","","","","","","","","","red","",""
"html-keyboard-response","197","735239","0.0-197.0","573b8bc2f3580b0006ce0986","null","","","","<span class='grid'><div class='red' style='background-position:3700% 0%;margin-top:36px'></div> <div> </div> <div class='red' style='background-position:3600% 0%;margin-top:21px'></div> <div> </div> <div class='red' style='background-position:3300% 0%;margin-top:30px'></div> <div class='red' style='background-position:2100% 0%;margin-top:28px'></div> <div> </div> <div class='red' style='background-position:3900% 0%;margin-top:37px'></div> <div> </div> <div class='red' style='background-position:2500% 0%;margin-top:38px'></div> <div> </div> <div class='red' style='background-position:2200% 0%;margin-top:27px'></div> <div> </div> <div class='red' style='background-position:2900% 0%;margin-top:42px'></div> <div> </div> <div> </div> <div class='red' style='background-position:3200% 0%;margin-top:46px'></div> <div class='red' style='background-position:2800% 0%;margin-top:37px'></div></span>","null","stimulus","{""index"":49,""type"":""experimental"",""array_length"":2,""meanVal"":31,""color"":""red""}","","","","","","","","","","","","","","","","","","","","","","","","red","",""
"image-slider-response_noButton","198","742007","0.0-198.0","573b8bc2f3580b0006ce0986","6767","","","","img/red1.jpg,img/red2.jpg,img/red3.jpg,img/red4.jpg,img/red5.jpg,img/red6.jpg,img/red7.jpg,img/red8.jpg,img/red9.jpg,img/red10.jpg,img/red11.jpg,img/red12.jpg,img/red13.jpg,img/red14.jpg,img/red15.jpg,img/red16.jpg,img/red17.jpg,img/red18.jpg,img/red19.jpg,img/red20.jpg,img/red21.jpg,img/red22.jpg,img/red23.jpg,img/red24.jpg,img/red25.jpg,img/red26.jpg,img/red27.jpg,img/red28.jpg,img/red29.jpg,img/red30.jpg,img/red31.jpg,img/red32.jpg,img/red33.jpg,img/red34.jpg,img/red35.jpg,img/red36.jpg,img/red37.jpg,img/red38.jpg,img/red39.jpg,img/red40.jpg,img/red41.jpg,img/red42.jpg,img/red43.jpg,img/red44.jpg,img/red45.jpg,img/red46.jpg,img/red47.jpg,img/red48.jpg,img/red49.jpg,img/red50.jpg","","response","{""index"":50,""type"":""experimental"",""array_length"":10,""meanVal"":30,""color"":""red""}","image-slider-response_noButton","<p>what was the average redness of the array?</p>","1","50","0","function morphedScaleRed() {
    // defining a few helper functions
    function nrange(size, startAt = 0) {
      return [...Array(size).keys()].map(i => i + startAt);
    };
  
    function fillArray(value, len) {
      var arr = [];
      for (var i = 0; i < len; i++) {
        arr.push(value);
      }
      return arr;
    };
  
    function generateSlices(vWidth, nSlices) {
      var step = vWidth*0.6/(nSlices-2);
      var stepArray = fillArray(step,nSlices-2)
      stepArray.unshift(0.2*vWidth)
      stepArray.push(0.2*vWidth)
  
      var bounds = [];
      
      for (var i = 0; i < nSlices; i++) {
        if (i==0) {
          bounds.push([(i*stepArray[i]), (i*stepArray[i])+stepArray[i]])
        } else if (i>0 && i!=nSlices-1) {
          bounds.push([(i*stepArray[i]+0.2*vWidth), (i*stepArray[i])+stepArray[i]+0.2*vWidth])
        } else {
          bounds.push([(vWidth-0.2*vWidth), vWidth])  
        }
      };
      return bounds;
    };
    
    // start trial timer
    var startTime = (new Date()).getTime();
    // get trial data
    var trialData = jsPsych.currentTrial();
  
    // remove the picture scales and the slider
    $('.jspsych-image-slider-response_noButton-container').css(""visibility"", ""hidden"");
    $('img').remove();
    
    // Remove mondrian background for rating phase
    $('body').css('background-image', 'none');
  
    var imgScale = getScaleRed();
    
    // derive the letter of the image filenames
    var imgBase = imgScale[0].split('img/')[1].split('.jpg')[0].replace(/\d+/g, '');
    
    // split the number of the image filenames off from the rest of it
    var nScale = [];
    for (var i = 0; i < imgScale.length-1; i++) {
      var n = imgScale[i].split('img/')[1].split('.jpg')[0].split(imgBase)[1];
      nScale.push(n);
    };
    
    // calculate the element width, and slice it up into sections
    var vWidth = $(document).width();
    var nSlices = nScale.length;
    var slices = generateSlices(vWidth, nSlices);
  
    // setting up initial vertical line to start the mousemove functionality
    var vHeight = $(document).height()-8;
    var lineSlice = vWidth / 10;
    var vertLine = `<div style=""border-left:black;border-style:solid;margin-left:${lineSlice}px; height:${vHeight}px;width:0px;position:absolute;"" id=""vertLine""></div>`;
    var linePrompt = `<div id=""linePrompt""><div style=""font-size:50px;position:absolute;margin-left:${lineSlice*1.3}px;margin-top:${vHeight/2}px""></div><div style=""position:absolute;margin-left:${lineSlice*1.2}px;margin-top:${vHeight/2}px;z-index:5;"">Move mouse left of the line to begin</div></div>`;
    $("".jspsych-content-wrapper"").prepend(vertLine);
    $("".jspsych-content-wrapper"").prepend(linePrompt);
    
    // hide prompt until the trial is begun
    $('#jspsych-content > p').css(""visibility"", ""hidden"");
  
    // initialize the central image with the most neutral one (i.e. from
    // the middle of the scale) and set the image to be blurred
    var initialImage = imgScale[0];
    $('#jspsych-image-slider-response_noButton-stimulus').append(`<img src=""${initialImage}"" style=""filter:blur(4px);visibility:hidden;"" id=""changeable-image""/>`);
  
    // ADD VISUAL SCALE SHOWING MIN/MAX
    var scaleWidth = vWidth * 0.6;
    var scaleLeft = vWidth * 0.2;
    var scaleHtml = `
      <div id=""scale-container"" style=""position:absolute; bottom:120px; left:${scaleLeft}px; width:${scaleWidth}px; height:30px; background-color:rgba(220,220,220,0.7); border-radius:5px; display:none; z-index:10;"">
        <div style=""position:absolute; left:0px; width:2px; height:30px; background-color:black;""></div>
        <div style=""position:absolute; left:0px; top:32px; font-size:12px; color:black;"">Min (1)</div>
        <div style=""position:absolute; right:0px; width:2px; height:30px; background-color:black;""></div>
        <div style=""position:absolute; right:0px; top:32px; font-size:12px; color:black;"">Max (50)</div>
        <div id=""current-marker"" style=""position:absolute; left:0px; width:2px; height:30px; background-color:red; display:none;""></div>
      </div>
    `;
    $("".jspsych-content-wrapper"").append(scaleHtml);
  
    // workaround with a global variable
    window.__imageMouseOver = {
      lineSlice: lineSlice,
      slices: slices,
      nScale: nScale,
      imgBase: imgBase,
      startTime: startTime,
      trialData: trialData,
      sliceSelected: 0,
    };
    var __listenerBools = {};
  
    // define mousemove event listener that changes image
    function changeImg(event) {
      var mouseX = Math.floor(event.pageX);
      
      // Show the scale after interaction begins
      $(""#scale-container"").css(""display"", ""block"");
      
      // Update current marker position based on mouse position
      var scaleWidth = $(""#scale-container"").width();
      var relativePos = Math.max(0, Math.min(mouseX - scaleLeft, scaleWidth));
      var percentPos = (relativePos / scaleWidth) * 100;
      
      $(""#current-marker"").css({
        ""left"": `${relativePos}px`,
        ""display"": ""block""
      });
      
      for (var i = 0; i < __imageMouseOver.slices.length; i++) {
        // if mouse X position is within the bounds of the X axis slice,
        // change the image to one that is indexed to that slice
        if (mouseX >= __imageMouseOver.slices[i][0] && mouseX <= __imageMouseOver.slices[i][1]) {
          // capture which slice is selected
          __imageMouseOver.sliceSelected = i;
          // update img src to the picture that corresponds to that slice
          $('#changeable-image').attr('src', `img/${__imageMouseOver.imgBase}${__imageMouseOver.nScale[i]}.jpg`);
        }
      };
    };
    
    // define the click listener that ends trial
    function clickHandler(event) {
      if (__listenerBools['mousemove']) {
        // derive trial data
        var trialData = __imageMouseOver.trialData;
        var end_time = (new Date()).getTime();
        var rt = end_time - __imageMouseOver.startTime;
        trialData['rt'] = rt;
        trialData['stimulus_duration'] = rt;
        trialData['trial_duration'] = rt;
        trialData['imageSelected'] = `${__imageMouseOver.imgBase}${__imageMouseOver.nScale[__imageMouseOver.sliceSelected]}.jpg`
        trialData['indexSelected'] = __imageMouseOver.sliceSelected;
        // turn off listeners
        $(document).off('mousemove');
        $(document).off('click');
        // clean up variable namespaces
        delete window.__imageMouseOver
        delete __listenerBools;
        // clean up scale
        $(""#scale-container"").remove();
        // finish the trial with trial data
        jsPsych.finishTrial(trialData);
      };
    };
  
    function verticalLineInit(event) {
      var mouseX = Math.floor(event.pageX);
      if (mouseX <= __imageMouseOver.lineSlice) {
        $(""#vertLine"").remove();
        $(""#linePrompt"").remove();
        $(""#jspsych-image-slider-response_noButton-stimulus > img"").css({
          ""filter"":""blur(0px)"",
          ""visibility"": ""visible"",
        });
        $('#jspsych-content > p').css(""visibility"", ""visible"");
        __listenerBools['mousemove'] = true;
        // turn off THIS mouse move listener
        $(document).off(""mousemove"");
        // turn on the mouse move listener that changes the image
        $(document).mousemove(changeImg);
        // add mouse click listener
        $(document).on('click', clickHandler);
      };
    };
  
    // turn on the vertical line mouse move listener
    $(document).mousemove(verticalLineInit);
  }","[object Object]","0","","Continue","6767","6767","true","red33.jpg","32","avg","400","red","10","[21,25,22,28,29,32,33,36,37,39]","30","three giraffes","63","red","",""
"html-keyboard-response","199","742408","0.0-199.0","573b8bc2f3580b0006ce0986","null","","","","<p style=""font-size: 48px;""> + </p>","null","fixation","","","","","","","","","","","","","","","","","","","","","","","","","red","",""
"html-keyboard-response","200","743925","0.0-200.0","573b8bc2f3580b0006ce0986","null","","","","<span class='grid'><div> </div> <div class='red' style='background-position:2100% 0%;margin-top:45px'></div> <div> </div> <div class='red' style='background-position:1000% 0%;margin-top:45px'></div> <div class='red' style='background-position:1700% 0%;margin-top:34px'></div> <div class='red' style='background-position:1100% 0%;margin-top:48px'></div> <div> </div> <div class='red' style='background-position:1800% 0%;margin-top:26px'></div> <div class='red' style='background-position:2600% 0%;margin-top:50px'></div> <div> </div> <div> </div> <div> </div> <div> </div> <div class='red' style='background-position:1400% 0%;margin-top:20px'></div> <div> </div> <div class='red' style='background-position:2500% 0%;margin-top:44px'></div> <div class='red' style='background-position:2800% 0%;margin-top:26px'></div> <div class='red' style='background-position:2200% 0%;margin-top:21px'></div></span>","null","stimulus","{""index"":50,""type"":""experimental"",""array_length"":10,""meanVal"":30,""color"":""red""}","","","","","","","","","","","","","","","","","","","","","","","","red","",""
"image-slider-response_noButton","201","748106","0.0-201.0","573b8bc2f3580b0006ce0986","4181","","","","img/red1.jpg,img/red2.jpg,img/red3.jpg,img/red4.jpg,img/red5.jpg,img/red6.jpg,img/red7.jpg,img/red8.jpg,img/red9.jpg,img/red10.jpg,img/red11.jpg,img/red12.jpg,img/red13.jpg,img/red14.jpg,img/red15.jpg,img/red16.jpg,img/red17.jpg,img/red18.jpg,img/red19.jpg,img/red20.jpg,img/red21.jpg,img/red22.jpg,img/red23.jpg,img/red24.jpg,img/red25.jpg,img/red26.jpg,img/red27.jpg,img/red28.jpg,img/red29.jpg,img/red30.jpg,img/red31.jpg,img/red32.jpg,img/red33.jpg,img/red34.jpg,img/red35.jpg,img/red36.jpg,img/red37.jpg,img/red38.jpg,img/red39.jpg,img/red40.jpg,img/red41.jpg,img/red42.jpg,img/red43.jpg,img/red44.jpg,img/red45.jpg,img/red46.jpg,img/red47.jpg,img/red48.jpg,img/red49.jpg,img/red50.jpg","","response","{""index"":51,""type"":""experimental"",""array_length"":10,""meanVal"":19,""color"":""red""}","image-slider-response_noButton","<p>what was the average redness of the array?</p>","1","50","0","function morphedScaleRed() {
    // defining a few helper functions
    function nrange(size, startAt = 0) {
      return [...Array(size).keys()].map(i => i + startAt);
    };
  
    function fillArray(value, len) {
      var arr = [];
      for (var i = 0; i < len; i++) {
        arr.push(value);
      }
      return arr;
    };
  
    function generateSlices(vWidth, nSlices) {
      var step = vWidth*0.6/(nSlices-2);
      var stepArray = fillArray(step,nSlices-2)
      stepArray.unshift(0.2*vWidth)
      stepArray.push(0.2*vWidth)
  
      var bounds = [];
      
      for (var i = 0; i < nSlices; i++) {
        if (i==0) {
          bounds.push([(i*stepArray[i]), (i*stepArray[i])+stepArray[i]])
        } else if (i>0 && i!=nSlices-1) {
          bounds.push([(i*stepArray[i]+0.2*vWidth), (i*stepArray[i])+stepArray[i]+0.2*vWidth])
        } else {
          bounds.push([(vWidth-0.2*vWidth), vWidth])  
        }
      };
      return bounds;
    };
    
    // start trial timer
    var startTime = (new Date()).getTime();
    // get trial data
    var trialData = jsPsych.currentTrial();
  
    // remove the picture scales and the slider
    $('.jspsych-image-slider-response_noButton-container').css(""visibility"", ""hidden"");
    $('img').remove();
    
    // Remove mondrian background for rating phase
    $('body').css('background-image', 'none');
  
    var imgScale = getScaleRed();
    
    // derive the letter of the image filenames
    var imgBase = imgScale[0].split('img/')[1].split('.jpg')[0].replace(/\d+/g, '');
    
    // split the number of the image filenames off from the rest of it
    var nScale = [];
    for (var i = 0; i < imgScale.length-1; i++) {
      var n = imgScale[i].split('img/')[1].split('.jpg')[0].split(imgBase)[1];
      nScale.push(n);
    };
    
    // calculate the element width, and slice it up into sections
    var vWidth = $(document).width();
    var nSlices = nScale.length;
    var slices = generateSlices(vWidth, nSlices);
  
    // setting up initial vertical line to start the mousemove functionality
    var vHeight = $(document).height()-8;
    var lineSlice = vWidth / 10;
    var vertLine = `<div style=""border-left:black;border-style:solid;margin-left:${lineSlice}px; height:${vHeight}px;width:0px;position:absolute;"" id=""vertLine""></div>`;
    var linePrompt = `<div id=""linePrompt""><div style=""font-size:50px;position:absolute;margin-left:${lineSlice*1.3}px;margin-top:${vHeight/2}px""></div><div style=""position:absolute;margin-left:${lineSlice*1.2}px;margin-top:${vHeight/2}px;z-index:5;"">Move mouse left of the line to begin</div></div>`;
    $("".jspsych-content-wrapper"").prepend(vertLine);
    $("".jspsych-content-wrapper"").prepend(linePrompt);
    
    // hide prompt until the trial is begun
    $('#jspsych-content > p').css(""visibility"", ""hidden"");
  
    // initialize the central image with the most neutral one (i.e. from
    // the middle of the scale) and set the image to be blurred
    var initialImage = imgScale[0];
    $('#jspsych-image-slider-response_noButton-stimulus').append(`<img src=""${initialImage}"" style=""filter:blur(4px);visibility:hidden;"" id=""changeable-image""/>`);
  
    // ADD VISUAL SCALE SHOWING MIN/MAX
    var scaleWidth = vWidth * 0.6;
    var scaleLeft = vWidth * 0.2;
    var scaleHtml = `
      <div id=""scale-container"" style=""position:absolute; bottom:120px; left:${scaleLeft}px; width:${scaleWidth}px; height:30px; background-color:rgba(220,220,220,0.7); border-radius:5px; display:none; z-index:10;"">
        <div style=""position:absolute; left:0px; width:2px; height:30px; background-color:black;""></div>
        <div style=""position:absolute; left:0px; top:32px; font-size:12px; color:black;"">Min (1)</div>
        <div style=""position:absolute; right:0px; width:2px; height:30px; background-color:black;""></div>
        <div style=""position:absolute; right:0px; top:32px; font-size:12px; color:black;"">Max (50)</div>
        <div id=""current-marker"" style=""position:absolute; left:0px; width:2px; height:30px; background-color:red; display:none;""></div>
      </div>
    `;
    $("".jspsych-content-wrapper"").append(scaleHtml);
  
    // workaround with a global variable
    window.__imageMouseOver = {
      lineSlice: lineSlice,
      slices: slices,
      nScale: nScale,
      imgBase: imgBase,
      startTime: startTime,
      trialData: trialData,
      sliceSelected: 0,
    };
    var __listenerBools = {};
  
    // define mousemove event listener that changes image
    function changeImg(event) {
      var mouseX = Math.floor(event.pageX);
      
      // Show the scale after interaction begins
      $(""#scale-container"").css(""display"", ""block"");
      
      // Update current marker position based on mouse position
      var scaleWidth = $(""#scale-container"").width();
      var relativePos = Math.max(0, Math.min(mouseX - scaleLeft, scaleWidth));
      var percentPos = (relativePos / scaleWidth) * 100;
      
      $(""#current-marker"").css({
        ""left"": `${relativePos}px`,
        ""display"": ""block""
      });
      
      for (var i = 0; i < __imageMouseOver.slices.length; i++) {
        // if mouse X position is within the bounds of the X axis slice,
        // change the image to one that is indexed to that slice
        if (mouseX >= __imageMouseOver.slices[i][0] && mouseX <= __imageMouseOver.slices[i][1]) {
          // capture which slice is selected
          __imageMouseOver.sliceSelected = i;
          // update img src to the picture that corresponds to that slice
          $('#changeable-image').attr('src', `img/${__imageMouseOver.imgBase}${__imageMouseOver.nScale[i]}.jpg`);
        }
      };
    };
    
    // define the click listener that ends trial
    function clickHandler(event) {
      if (__listenerBools['mousemove']) {
        // derive trial data
        var trialData = __imageMouseOver.trialData;
        var end_time = (new Date()).getTime();
        var rt = end_time - __imageMouseOver.startTime;
        trialData['rt'] = rt;
        trialData['stimulus_duration'] = rt;
        trialData['trial_duration'] = rt;
        trialData['imageSelected'] = `${__imageMouseOver.imgBase}${__imageMouseOver.nScale[__imageMouseOver.sliceSelected]}.jpg`
        trialData['indexSelected'] = __imageMouseOver.sliceSelected;
        // turn off listeners
        $(document).off('mousemove');
        $(document).off('click');
        // clean up variable namespaces
        delete window.__imageMouseOver
        delete __listenerBools;
        // clean up scale
        $(""#scale-container"").remove();
        // finish the trial with trial data
        jsPsych.finishTrial(trialData);
      };
    };
  
    function verticalLineInit(event) {
      var mouseX = Math.floor(event.pageX);
      if (mouseX <= __imageMouseOver.lineSlice) {
        $(""#vertLine"").remove();
        $(""#linePrompt"").remove();
        $(""#jspsych-image-slider-response_noButton-stimulus > img"").css({
          ""filter"":""blur(0px)"",
          ""visibility"": ""visible"",
        });
        $('#jspsych-content > p').css(""visibility"", ""visible"");
        __listenerBools['mousemove'] = true;
        // turn off THIS mouse move listener
        $(document).off(""mousemove"");
        // turn on the mouse move listener that changes the image
        $(document).mousemove(changeImg);
        // add mouse click listener
        $(document).on('click', clickHandler);
      };
    };
  
    // turn on the vertical line mouse move listener
    $(document).mousemove(verticalLineInit);
  }","[object Object]","0","","Continue","4181","4181","true","red20.jpg","19","avg","400","red","10","[10,14,11,17,18,21,22,25,26,28]","19","three giraffes","64","red","",""
"html-keyboard-response","202","748707","0.0-202.0","573b8bc2f3580b0006ce0986","null","","","","<p style=""font-size: 48px;""> + </p>","null","fixation","","","","","","","","","","","","","","","","","","","","","","","","","red","",""
"html-keyboard-response","203","750224","0.0-203.0","573b8bc2f3580b0006ce0986","null","","","","<span class='grid'><div> </div> <div> </div> <div> </div> <div> </div> <div> </div> <div> </div> <div> </div> <div> </div> <div class='red' style='background-position:3000% 0%;margin-top:20px'></div> <div> </div> <div> </div> <div> </div> <div class='red' style='background-position:2200% 0%;margin-top:30px'></div> <div> </div></span>","null","stimulus","{""index"":51,""type"":""experimental"",""array_length"":10,""meanVal"":19,""color"":""red""}","","","","","","","","","","","","","","","","","","","","","","","","red","",""
"image-slider-response_noButton","204","754330","0.0-204.0","573b8bc2f3580b0006ce0986","4105","","","","img/red1.jpg,img/red2.jpg,img/red3.jpg,img/red4.jpg,img/red5.jpg,img/red6.jpg,img/red7.jpg,img/red8.jpg,img/red9.jpg,img/red10.jpg,img/red11.jpg,img/red12.jpg,img/red13.jpg,img/red14.jpg,img/red15.jpg,img/red16.jpg,img/red17.jpg,img/red18.jpg,img/red19.jpg,img/red20.jpg,img/red21.jpg,img/red22.jpg,img/red23.jpg,img/red24.jpg,img/red25.jpg,img/red26.jpg,img/red27.jpg,img/red28.jpg,img/red29.jpg,img/red30.jpg,img/red31.jpg,img/red32.jpg,img/red33.jpg,img/red34.jpg,img/red35.jpg,img/red36.jpg,img/red37.jpg,img/red38.jpg,img/red39.jpg,img/red40.jpg,img/red41.jpg,img/red42.jpg,img/red43.jpg,img/red44.jpg,img/red45.jpg,img/red46.jpg,img/red47.jpg,img/red48.jpg,img/red49.jpg,img/red50.jpg","","response","{""index"":52,""type"":""experimental"",""array_length"":2,""meanVal"":26,""color"":""red""}","image-slider-response_noButton","<p>what was the average redness of the array?</p>","1","50","0","function morphedScaleRed() {
    // defining a few helper functions
    function nrange(size, startAt = 0) {
      return [...Array(size).keys()].map(i => i + startAt);
    };
  
    function fillArray(value, len) {
      var arr = [];
      for (var i = 0; i < len; i++) {
        arr.push(value);
      }
      return arr;
    };
  
    function generateSlices(vWidth, nSlices) {
      var step = vWidth*0.6/(nSlices-2);
      var stepArray = fillArray(step,nSlices-2)
      stepArray.unshift(0.2*vWidth)
      stepArray.push(0.2*vWidth)
  
      var bounds = [];
      
      for (var i = 0; i < nSlices; i++) {
        if (i==0) {
          bounds.push([(i*stepArray[i]), (i*stepArray[i])+stepArray[i]])
        } else if (i>0 && i!=nSlices-1) {
          bounds.push([(i*stepArray[i]+0.2*vWidth), (i*stepArray[i])+stepArray[i]+0.2*vWidth])
        } else {
          bounds.push([(vWidth-0.2*vWidth), vWidth])  
        }
      };
      return bounds;
    };
    
    // start trial timer
    var startTime = (new Date()).getTime();
    // get trial data
    var trialData = jsPsych.currentTrial();
  
    // remove the picture scales and the slider
    $('.jspsych-image-slider-response_noButton-container').css(""visibility"", ""hidden"");
    $('img').remove();
    
    // Remove mondrian background for rating phase
    $('body').css('background-image', 'none');
  
    var imgScale = getScaleRed();
    
    // derive the letter of the image filenames
    var imgBase = imgScale[0].split('img/')[1].split('.jpg')[0].replace(/\d+/g, '');
    
    // split the number of the image filenames off from the rest of it
    var nScale = [];
    for (var i = 0; i < imgScale.length-1; i++) {
      var n = imgScale[i].split('img/')[1].split('.jpg')[0].split(imgBase)[1];
      nScale.push(n);
    };
    
    // calculate the element width, and slice it up into sections
    var vWidth = $(document).width();
    var nSlices = nScale.length;
    var slices = generateSlices(vWidth, nSlices);
  
    // setting up initial vertical line to start the mousemove functionality
    var vHeight = $(document).height()-8;
    var lineSlice = vWidth / 10;
    var vertLine = `<div style=""border-left:black;border-style:solid;margin-left:${lineSlice}px; height:${vHeight}px;width:0px;position:absolute;"" id=""vertLine""></div>`;
    var linePrompt = `<div id=""linePrompt""><div style=""font-size:50px;position:absolute;margin-left:${lineSlice*1.3}px;margin-top:${vHeight/2}px""></div><div style=""position:absolute;margin-left:${lineSlice*1.2}px;margin-top:${vHeight/2}px;z-index:5;"">Move mouse left of the line to begin</div></div>`;
    $("".jspsych-content-wrapper"").prepend(vertLine);
    $("".jspsych-content-wrapper"").prepend(linePrompt);
    
    // hide prompt until the trial is begun
    $('#jspsych-content > p').css(""visibility"", ""hidden"");
  
    // initialize the central image with the most neutral one (i.e. from
    // the middle of the scale) and set the image to be blurred
    var initialImage = imgScale[0];
    $('#jspsych-image-slider-response_noButton-stimulus').append(`<img src=""${initialImage}"" style=""filter:blur(4px);visibility:hidden;"" id=""changeable-image""/>`);
  
    // ADD VISUAL SCALE SHOWING MIN/MAX
    var scaleWidth = vWidth * 0.6;
    var scaleLeft = vWidth * 0.2;
    var scaleHtml = `
      <div id=""scale-container"" style=""position:absolute; bottom:120px; left:${scaleLeft}px; width:${scaleWidth}px; height:30px; background-color:rgba(220,220,220,0.7); border-radius:5px; display:none; z-index:10;"">
        <div style=""position:absolute; left:0px; width:2px; height:30px; background-color:black;""></div>
        <div style=""position:absolute; left:0px; top:32px; font-size:12px; color:black;"">Min (1)</div>
        <div style=""position:absolute; right:0px; width:2px; height:30px; background-color:black;""></div>
        <div style=""position:absolute; right:0px; top:32px; font-size:12px; color:black;"">Max (50)</div>
        <div id=""current-marker"" style=""position:absolute; left:0px; width:2px; height:30px; background-color:red; display:none;""></div>
      </div>
    `;
    $("".jspsych-content-wrapper"").append(scaleHtml);
  
    // workaround with a global variable
    window.__imageMouseOver = {
      lineSlice: lineSlice,
      slices: slices,
      nScale: nScale,
      imgBase: imgBase,
      startTime: startTime,
      trialData: trialData,
      sliceSelected: 0,
    };
    var __listenerBools = {};
  
    // define mousemove event listener that changes image
    function changeImg(event) {
      var mouseX = Math.floor(event.pageX);
      
      // Show the scale after interaction begins
      $(""#scale-container"").css(""display"", ""block"");
      
      // Update current marker position based on mouse position
      var scaleWidth = $(""#scale-container"").width();
      var relativePos = Math.max(0, Math.min(mouseX - scaleLeft, scaleWidth));
      var percentPos = (relativePos / scaleWidth) * 100;
      
      $(""#current-marker"").css({
        ""left"": `${relativePos}px`,
        ""display"": ""block""
      });
      
      for (var i = 0; i < __imageMouseOver.slices.length; i++) {
        // if mouse X position is within the bounds of the X axis slice,
        // change the image to one that is indexed to that slice
        if (mouseX >= __imageMouseOver.slices[i][0] && mouseX <= __imageMouseOver.slices[i][1]) {
          // capture which slice is selected
          __imageMouseOver.sliceSelected = i;
          // update img src to the picture that corresponds to that slice
          $('#changeable-image').attr('src', `img/${__imageMouseOver.imgBase}${__imageMouseOver.nScale[i]}.jpg`);
        }
      };
    };
    
    // define the click listener that ends trial
    function clickHandler(event) {
      if (__listenerBools['mousemove']) {
        // derive trial data
        var trialData = __imageMouseOver.trialData;
        var end_time = (new Date()).getTime();
        var rt = end_time - __imageMouseOver.startTime;
        trialData['rt'] = rt;
        trialData['stimulus_duration'] = rt;
        trialData['trial_duration'] = rt;
        trialData['imageSelected'] = `${__imageMouseOver.imgBase}${__imageMouseOver.nScale[__imageMouseOver.sliceSelected]}.jpg`
        trialData['indexSelected'] = __imageMouseOver.sliceSelected;
        // turn off listeners
        $(document).off('mousemove');
        $(document).off('click');
        // clean up variable namespaces
        delete window.__imageMouseOver
        delete __listenerBools;
        // clean up scale
        $(""#scale-container"").remove();
        // finish the trial with trial data
        jsPsych.finishTrial(trialData);
      };
    };
  
    function verticalLineInit(event) {
      var mouseX = Math.floor(event.pageX);
      if (mouseX <= __imageMouseOver.lineSlice) {
        $(""#vertLine"").remove();
        $(""#linePrompt"").remove();
        $(""#jspsych-image-slider-response_noButton-stimulus > img"").css({
          ""filter"":""blur(0px)"",
          ""visibility"": ""visible"",
        });
        $('#jspsych-content > p').css(""visibility"", ""visible"");
        __listenerBools['mousemove'] = true;
        // turn off THIS mouse move listener
        $(document).off(""mousemove"");
        // turn on the mouse move listener that changes the image
        $(document).mousemove(changeImg);
        // add mouse click listener
        $(document).on('click', clickHandler);
      };
    };
  
    // turn on the vertical line mouse move listener
    $(document).mousemove(verticalLineInit);
  }","[object Object]","0","","Continue","4105","4105","true","red25.jpg","24","avg","600","red","2","[22,30]","26","three giraffes","65","red","",""
"html-keyboard-response","205","754740","0.0-205.0","573b8bc2f3580b0006ce0986","null","","","","<p style=""font-size: 48px;""> + </p>","null","fixation","","","","","","","","","","","","","","","","","","","","","","","","","red","",""
"html-keyboard-response","206","756253","0.0-206.0","573b8bc2f3580b0006ce0986","null","","","","<span class='grid'><div class='red' style='background-position:800% 0%;margin-top:40px'></div> <div class='red' style='background-position:800% 0%;margin-top:48px'></div> <div class='red' style='background-position:800% 0%;margin-top:41px'></div> <div class='red' style='background-position:2100% 0%;margin-top:28px'></div> <div class='red' style='background-position:500% 0%;margin-top:29px'></div> <div class='red' style='background-position:2400% 0%;margin-top:27px'></div> <div class='red' style='background-position:1200% 0%;margin-top:26px'></div> <div class='red' style='background-position:1500% 0%;margin-top:44px'></div> <div class='red' style='background-position:1500% 0%;margin-top:38px'></div> <div class='red' style='background-position:1600% 0%;margin-top:45px'></div> <div class='red' style='background-position:1400% 0%;margin-top:27px'></div> <div class='red' style='background-position:1400% 0%;margin-top:33px'></div> <div class='red' style='background-position:2000% 0%;margin-top:24px'></div> <div class='red' style='background-position:800% 0%;margin-top:42px'></div> <div> </div> <div class='red' style='background-position:1300% 0%;margin-top:49px'></div> <div class='red' style='background-position:1400% 0%;margin-top:43px'></div> <div> </div> <div class='red' style='background-position:1600% 0%;margin-top:48px'></div> <div class='red' style='background-position:2400% 0%;margin-top:29px'></div> <div class='red' style='background-position:700% 0%;margin-top:36px'></div> <div> </div> <div class='red' style='background-position:800% 0%;margin-top:22px'></div></span>","null","stimulus","{""index"":52,""type"":""experimental"",""array_length"":2,""meanVal"":26,""color"":""red""}","","","","","","","","","","","","","","","","","","","","","","","","red","",""
"image-slider-response_noButton","207","761384","0.0-207.0","573b8bc2f3580b0006ce0986","5131","","","","img/red1.jpg,img/red2.jpg,img/red3.jpg,img/red4.jpg,img/red5.jpg,img/red6.jpg,img/red7.jpg,img/red8.jpg,img/red9.jpg,img/red10.jpg,img/red11.jpg,img/red12.jpg,img/red13.jpg,img/red14.jpg,img/red15.jpg,img/red16.jpg,img/red17.jpg,img/red18.jpg,img/red19.jpg,img/red20.jpg,img/red21.jpg,img/red22.jpg,img/red23.jpg,img/red24.jpg,img/red25.jpg,img/red26.jpg,img/red27.jpg,img/red28.jpg,img/red29.jpg,img/red30.jpg,img/red31.jpg,img/red32.jpg,img/red33.jpg,img/red34.jpg,img/red35.jpg,img/red36.jpg,img/red37.jpg,img/red38.jpg,img/red39.jpg,img/red40.jpg,img/red41.jpg,img/red42.jpg,img/red43.jpg,img/red44.jpg,img/red45.jpg,img/red46.jpg,img/red47.jpg,img/red48.jpg,img/red49.jpg,img/red50.jpg","","response","{""index"":53,""type"":""experimental"",""array_length"":20,""meanVal"":15,""color"":""red""}","image-slider-response_noButton","<p>what was the average redness of the array?</p>","1","50","0","function morphedScaleRed() {
    // defining a few helper functions
    function nrange(size, startAt = 0) {
      return [...Array(size).keys()].map(i => i + startAt);
    };
  
    function fillArray(value, len) {
      var arr = [];
      for (var i = 0; i < len; i++) {
        arr.push(value);
      }
      return arr;
    };
  
    function generateSlices(vWidth, nSlices) {
      var step = vWidth*0.6/(nSlices-2);
      var stepArray = fillArray(step,nSlices-2)
      stepArray.unshift(0.2*vWidth)
      stepArray.push(0.2*vWidth)
  
      var bounds = [];
      
      for (var i = 0; i < nSlices; i++) {
        if (i==0) {
          bounds.push([(i*stepArray[i]), (i*stepArray[i])+stepArray[i]])
        } else if (i>0 && i!=nSlices-1) {
          bounds.push([(i*stepArray[i]+0.2*vWidth), (i*stepArray[i])+stepArray[i]+0.2*vWidth])
        } else {
          bounds.push([(vWidth-0.2*vWidth), vWidth])  
        }
      };
      return bounds;
    };
    
    // start trial timer
    var startTime = (new Date()).getTime();
    // get trial data
    var trialData = jsPsych.currentTrial();
  
    // remove the picture scales and the slider
    $('.jspsych-image-slider-response_noButton-container').css(""visibility"", ""hidden"");
    $('img').remove();
    
    // Remove mondrian background for rating phase
    $('body').css('background-image', 'none');
  
    var imgScale = getScaleRed();
    
    // derive the letter of the image filenames
    var imgBase = imgScale[0].split('img/')[1].split('.jpg')[0].replace(/\d+/g, '');
    
    // split the number of the image filenames off from the rest of it
    var nScale = [];
    for (var i = 0; i < imgScale.length-1; i++) {
      var n = imgScale[i].split('img/')[1].split('.jpg')[0].split(imgBase)[1];
      nScale.push(n);
    };
    
    // calculate the element width, and slice it up into sections
    var vWidth = $(document).width();
    var nSlices = nScale.length;
    var slices = generateSlices(vWidth, nSlices);
  
    // setting up initial vertical line to start the mousemove functionality
    var vHeight = $(document).height()-8;
    var lineSlice = vWidth / 10;
    var vertLine = `<div style=""border-left:black;border-style:solid;margin-left:${lineSlice}px; height:${vHeight}px;width:0px;position:absolute;"" id=""vertLine""></div>`;
    var linePrompt = `<div id=""linePrompt""><div style=""font-size:50px;position:absolute;margin-left:${lineSlice*1.3}px;margin-top:${vHeight/2}px""></div><div style=""position:absolute;margin-left:${lineSlice*1.2}px;margin-top:${vHeight/2}px;z-index:5;"">Move mouse left of the line to begin</div></div>`;
    $("".jspsych-content-wrapper"").prepend(vertLine);
    $("".jspsych-content-wrapper"").prepend(linePrompt);
    
    // hide prompt until the trial is begun
    $('#jspsych-content > p').css(""visibility"", ""hidden"");
  
    // initialize the central image with the most neutral one (i.e. from
    // the middle of the scale) and set the image to be blurred
    var initialImage = imgScale[0];
    $('#jspsych-image-slider-response_noButton-stimulus').append(`<img src=""${initialImage}"" style=""filter:blur(4px);visibility:hidden;"" id=""changeable-image""/>`);
  
    // ADD VISUAL SCALE SHOWING MIN/MAX
    var scaleWidth = vWidth * 0.6;
    var scaleLeft = vWidth * 0.2;
    var scaleHtml = `
      <div id=""scale-container"" style=""position:absolute; bottom:120px; left:${scaleLeft}px; width:${scaleWidth}px; height:30px; background-color:rgba(220,220,220,0.7); border-radius:5px; display:none; z-index:10;"">
        <div style=""position:absolute; left:0px; width:2px; height:30px; background-color:black;""></div>
        <div style=""position:absolute; left:0px; top:32px; font-size:12px; color:black;"">Min (1)</div>
        <div style=""position:absolute; right:0px; width:2px; height:30px; background-color:black;""></div>
        <div style=""position:absolute; right:0px; top:32px; font-size:12px; color:black;"">Max (50)</div>
        <div id=""current-marker"" style=""position:absolute; left:0px; width:2px; height:30px; background-color:red; display:none;""></div>
      </div>
    `;
    $("".jspsych-content-wrapper"").append(scaleHtml);
  
    // workaround with a global variable
    window.__imageMouseOver = {
      lineSlice: lineSlice,
      slices: slices,
      nScale: nScale,
      imgBase: imgBase,
      startTime: startTime,
      trialData: trialData,
      sliceSelected: 0,
    };
    var __listenerBools = {};
  
    // define mousemove event listener that changes image
    function changeImg(event) {
      var mouseX = Math.floor(event.pageX);
      
      // Show the scale after interaction begins
      $(""#scale-container"").css(""display"", ""block"");
      
      // Update current marker position based on mouse position
      var scaleWidth = $(""#scale-container"").width();
      var relativePos = Math.max(0, Math.min(mouseX - scaleLeft, scaleWidth));
      var percentPos = (relativePos / scaleWidth) * 100;
      
      $(""#current-marker"").css({
        ""left"": `${relativePos}px`,
        ""display"": ""block""
      });
      
      for (var i = 0; i < __imageMouseOver.slices.length; i++) {
        // if mouse X position is within the bounds of the X axis slice,
        // change the image to one that is indexed to that slice
        if (mouseX >= __imageMouseOver.slices[i][0] && mouseX <= __imageMouseOver.slices[i][1]) {
          // capture which slice is selected
          __imageMouseOver.sliceSelected = i;
          // update img src to the picture that corresponds to that slice
          $('#changeable-image').attr('src', `img/${__imageMouseOver.imgBase}${__imageMouseOver.nScale[i]}.jpg`);
        }
      };
    };
    
    // define the click listener that ends trial
    function clickHandler(event) {
      if (__listenerBools['mousemove']) {
        // derive trial data
        var trialData = __imageMouseOver.trialData;
        var end_time = (new Date()).getTime();
        var rt = end_time - __imageMouseOver.startTime;
        trialData['rt'] = rt;
        trialData['stimulus_duration'] = rt;
        trialData['trial_duration'] = rt;
        trialData['imageSelected'] = `${__imageMouseOver.imgBase}${__imageMouseOver.nScale[__imageMouseOver.sliceSelected]}.jpg`
        trialData['indexSelected'] = __imageMouseOver.sliceSelected;
        // turn off listeners
        $(document).off('mousemove');
        $(document).off('click');
        // clean up variable namespaces
        delete window.__imageMouseOver
        delete __listenerBools;
        // clean up scale
        $(""#scale-container"").remove();
        // finish the trial with trial data
        jsPsych.finishTrial(trialData);
      };
    };
  
    function verticalLineInit(event) {
      var mouseX = Math.floor(event.pageX);
      if (mouseX <= __imageMouseOver.lineSlice) {
        $(""#vertLine"").remove();
        $(""#linePrompt"").remove();
        $(""#jspsych-image-slider-response_noButton-stimulus > img"").css({
          ""filter"":""blur(0px)"",
          ""visibility"": ""visible"",
        });
        $('#jspsych-content > p').css(""visibility"", ""visible"");
        __listenerBools['mousemove'] = true;
        // turn off THIS mouse move listener
        $(document).off(""mousemove"");
        // turn on the mouse move listener that changes the image
        $(document).mousemove(changeImg);
        // add mouse click listener
        $(document).on('click', clickHandler);
      };
    };
  
    // turn on the vertical line mouse move listener
    $(document).mousemove(verticalLineInit);
  }","[object Object]","0","","Continue","5131","5131","true","red14.jpg","13","avg","400","red","20","[5,7,8,8,8,8,8,12,13,14,14,14,15,15,16,16,20,21,24,24]","15","three giraffes","66","red","",""
"html-keyboard-response","208","761897","0.0-208.0","573b8bc2f3580b0006ce0986","null","","","","<p style=""font-size: 48px;""> + </p>","null","fixation","","","","","","","","","","","","","","","","","","","","","","","","","red","",""
"html-keyboard-response","209","763411","0.0-209.0","573b8bc2f3580b0006ce0986","null","","","","<span class='grid'><div> </div> <div> </div> <div> </div> <div> </div> <div> </div> <div> </div> <div> </div> <div> </div> <div class='red' style='background-position:2600% 0%;margin-top:27px'></div> <div> </div> <div> </div> <div> </div> <div> </div> <div class='red' style='background-position:3400% 0%;margin-top:35px'></div></span>","null","stimulus","{""index"":53,""type"":""experimental"",""array_length"":20,""meanVal"":15,""color"":""red""}","","","","","","","","","","","","","","","","","","","","","","","","red","",""
"image-slider-response_noButton","210","767868","0.0-210.0","573b8bc2f3580b0006ce0986","4456","","","","img/red1.jpg,img/red2.jpg,img/red3.jpg,img/red4.jpg,img/red5.jpg,img/red6.jpg,img/red7.jpg,img/red8.jpg,img/red9.jpg,img/red10.jpg,img/red11.jpg,img/red12.jpg,img/red13.jpg,img/red14.jpg,img/red15.jpg,img/red16.jpg,img/red17.jpg,img/red18.jpg,img/red19.jpg,img/red20.jpg,img/red21.jpg,img/red22.jpg,img/red23.jpg,img/red24.jpg,img/red25.jpg,img/red26.jpg,img/red27.jpg,img/red28.jpg,img/red29.jpg,img/red30.jpg,img/red31.jpg,img/red32.jpg,img/red33.jpg,img/red34.jpg,img/red35.jpg,img/red36.jpg,img/red37.jpg,img/red38.jpg,img/red39.jpg,img/red40.jpg,img/red41.jpg,img/red42.jpg,img/red43.jpg,img/red44.jpg,img/red45.jpg,img/red46.jpg,img/red47.jpg,img/red48.jpg,img/red49.jpg,img/red50.jpg","","response","{""index"":54,""type"":""experimental"",""array_length"":2,""meanVal"":30,""color"":""red""}","image-slider-response_noButton","<p>what was the average redness of the array?</p>","1","50","0","function morphedScaleRed() {
    // defining a few helper functions
    function nrange(size, startAt = 0) {
      return [...Array(size).keys()].map(i => i + startAt);
    };
  
    function fillArray(value, len) {
      var arr = [];
      for (var i = 0; i < len; i++) {
        arr.push(value);
      }
      return arr;
    };
  
    function generateSlices(vWidth, nSlices) {
      var step = vWidth*0.6/(nSlices-2);
      var stepArray = fillArray(step,nSlices-2)
      stepArray.unshift(0.2*vWidth)
      stepArray.push(0.2*vWidth)
  
      var bounds = [];
      
      for (var i = 0; i < nSlices; i++) {
        if (i==0) {
          bounds.push([(i*stepArray[i]), (i*stepArray[i])+stepArray[i]])
        } else if (i>0 && i!=nSlices-1) {
          bounds.push([(i*stepArray[i]+0.2*vWidth), (i*stepArray[i])+stepArray[i]+0.2*vWidth])
        } else {
          bounds.push([(vWidth-0.2*vWidth), vWidth])  
        }
      };
      return bounds;
    };
    
    // start trial timer
    var startTime = (new Date()).getTime();
    // get trial data
    var trialData = jsPsych.currentTrial();
  
    // remove the picture scales and the slider
    $('.jspsych-image-slider-response_noButton-container').css(""visibility"", ""hidden"");
    $('img').remove();
    
    // Remove mondrian background for rating phase
    $('body').css('background-image', 'none');
  
    var imgScale = getScaleRed();
    
    // derive the letter of the image filenames
    var imgBase = imgScale[0].split('img/')[1].split('.jpg')[0].replace(/\d+/g, '');
    
    // split the number of the image filenames off from the rest of it
    var nScale = [];
    for (var i = 0; i < imgScale.length-1; i++) {
      var n = imgScale[i].split('img/')[1].split('.jpg')[0].split(imgBase)[1];
      nScale.push(n);
    };
    
    // calculate the element width, and slice it up into sections
    var vWidth = $(document).width();
    var nSlices = nScale.length;
    var slices = generateSlices(vWidth, nSlices);
  
    // setting up initial vertical line to start the mousemove functionality
    var vHeight = $(document).height()-8;
    var lineSlice = vWidth / 10;
    var vertLine = `<div style=""border-left:black;border-style:solid;margin-left:${lineSlice}px; height:${vHeight}px;width:0px;position:absolute;"" id=""vertLine""></div>`;
    var linePrompt = `<div id=""linePrompt""><div style=""font-size:50px;position:absolute;margin-left:${lineSlice*1.3}px;margin-top:${vHeight/2}px""></div><div style=""position:absolute;margin-left:${lineSlice*1.2}px;margin-top:${vHeight/2}px;z-index:5;"">Move mouse left of the line to begin</div></div>`;
    $("".jspsych-content-wrapper"").prepend(vertLine);
    $("".jspsych-content-wrapper"").prepend(linePrompt);
    
    // hide prompt until the trial is begun
    $('#jspsych-content > p').css(""visibility"", ""hidden"");
  
    // initialize the central image with the most neutral one (i.e. from
    // the middle of the scale) and set the image to be blurred
    var initialImage = imgScale[0];
    $('#jspsych-image-slider-response_noButton-stimulus').append(`<img src=""${initialImage}"" style=""filter:blur(4px);visibility:hidden;"" id=""changeable-image""/>`);
  
    // ADD VISUAL SCALE SHOWING MIN/MAX
    var scaleWidth = vWidth * 0.6;
    var scaleLeft = vWidth * 0.2;
    var scaleHtml = `
      <div id=""scale-container"" style=""position:absolute; bottom:120px; left:${scaleLeft}px; width:${scaleWidth}px; height:30px; background-color:rgba(220,220,220,0.7); border-radius:5px; display:none; z-index:10;"">
        <div style=""position:absolute; left:0px; width:2px; height:30px; background-color:black;""></div>
        <div style=""position:absolute; left:0px; top:32px; font-size:12px; color:black;"">Min (1)</div>
        <div style=""position:absolute; right:0px; width:2px; height:30px; background-color:black;""></div>
        <div style=""position:absolute; right:0px; top:32px; font-size:12px; color:black;"">Max (50)</div>
        <div id=""current-marker"" style=""position:absolute; left:0px; width:2px; height:30px; background-color:red; display:none;""></div>
      </div>
    `;
    $("".jspsych-content-wrapper"").append(scaleHtml);
  
    // workaround with a global variable
    window.__imageMouseOver = {
      lineSlice: lineSlice,
      slices: slices,
      nScale: nScale,
      imgBase: imgBase,
      startTime: startTime,
      trialData: trialData,
      sliceSelected: 0,
    };
    var __listenerBools = {};
  
    // define mousemove event listener that changes image
    function changeImg(event) {
      var mouseX = Math.floor(event.pageX);
      
      // Show the scale after interaction begins
      $(""#scale-container"").css(""display"", ""block"");
      
      // Update current marker position based on mouse position
      var scaleWidth = $(""#scale-container"").width();
      var relativePos = Math.max(0, Math.min(mouseX - scaleLeft, scaleWidth));
      var percentPos = (relativePos / scaleWidth) * 100;
      
      $(""#current-marker"").css({
        ""left"": `${relativePos}px`,
        ""display"": ""block""
      });
      
      for (var i = 0; i < __imageMouseOver.slices.length; i++) {
        // if mouse X position is within the bounds of the X axis slice,
        // change the image to one that is indexed to that slice
        if (mouseX >= __imageMouseOver.slices[i][0] && mouseX <= __imageMouseOver.slices[i][1]) {
          // capture which slice is selected
          __imageMouseOver.sliceSelected = i;
          // update img src to the picture that corresponds to that slice
          $('#changeable-image').attr('src', `img/${__imageMouseOver.imgBase}${__imageMouseOver.nScale[i]}.jpg`);
        }
      };
    };
    
    // define the click listener that ends trial
    function clickHandler(event) {
      if (__listenerBools['mousemove']) {
        // derive trial data
        var trialData = __imageMouseOver.trialData;
        var end_time = (new Date()).getTime();
        var rt = end_time - __imageMouseOver.startTime;
        trialData['rt'] = rt;
        trialData['stimulus_duration'] = rt;
        trialData['trial_duration'] = rt;
        trialData['imageSelected'] = `${__imageMouseOver.imgBase}${__imageMouseOver.nScale[__imageMouseOver.sliceSelected]}.jpg`
        trialData['indexSelected'] = __imageMouseOver.sliceSelected;
        // turn off listeners
        $(document).off('mousemove');
        $(document).off('click');
        // clean up variable namespaces
        delete window.__imageMouseOver
        delete __listenerBools;
        // clean up scale
        $(""#scale-container"").remove();
        // finish the trial with trial data
        jsPsych.finishTrial(trialData);
      };
    };
  
    function verticalLineInit(event) {
      var mouseX = Math.floor(event.pageX);
      if (mouseX <= __imageMouseOver.lineSlice) {
        $(""#vertLine"").remove();
        $(""#linePrompt"").remove();
        $(""#jspsych-image-slider-response_noButton-stimulus > img"").css({
          ""filter"":""blur(0px)"",
          ""visibility"": ""visible"",
        });
        $('#jspsych-content > p').css(""visibility"", ""visible"");
        __listenerBools['mousemove'] = true;
        // turn off THIS mouse move listener
        $(document).off(""mousemove"");
        // turn on the mouse move listener that changes the image
        $(document).mousemove(changeImg);
        // add mouse click listener
        $(document).on('click', clickHandler);
      };
    };
  
    // turn on the vertical line mouse move listener
    $(document).mousemove(verticalLineInit);
  }","[object Object]","0","","Continue","4456","4456","true","red24.jpg","23","avg","500","red","2","[26,34]","30","three giraffes","67","red","",""
"html-keyboard-response","211","768276","0.0-211.0","573b8bc2f3580b0006ce0986","null","","","","<p style=""font-size: 48px;""> + </p>","null","fixation","","","","","","","","","","","","","","","","","","","","","","","","","red","",""
"html-keyboard-response","212","769786","0.0-212.0","573b8bc2f3580b0006ce0986","null","","","","<span class='grid'><div> </div> <div> </div> <div class='red' style='background-position:1300% 0%;margin-top:41px'></div> <div class='red' style='background-position:2100% 0%;margin-top:48px'></div> <div> </div> <div> </div> <div> </div> <div> </div> <div> </div> <div> </div> <div> </div> <div> </div> <div> </div> <div> </div></span>","null","stimulus","{""index"":54,""type"":""experimental"",""array_length"":2,""meanVal"":30,""color"":""red""}","","","","","","","","","","","","","","","","","","","","","","","","red","",""
"image-slider-response_noButton","213","773886","0.0-213.0","573b8bc2f3580b0006ce0986","4099","","","","img/red1.jpg,img/red2.jpg,img/red3.jpg,img/red4.jpg,img/red5.jpg,img/red6.jpg,img/red7.jpg,img/red8.jpg,img/red9.jpg,img/red10.jpg,img/red11.jpg,img/red12.jpg,img/red13.jpg,img/red14.jpg,img/red15.jpg,img/red16.jpg,img/red17.jpg,img/red18.jpg,img/red19.jpg,img/red20.jpg,img/red21.jpg,img/red22.jpg,img/red23.jpg,img/red24.jpg,img/red25.jpg,img/red26.jpg,img/red27.jpg,img/red28.jpg,img/red29.jpg,img/red30.jpg,img/red31.jpg,img/red32.jpg,img/red33.jpg,img/red34.jpg,img/red35.jpg,img/red36.jpg,img/red37.jpg,img/red38.jpg,img/red39.jpg,img/red40.jpg,img/red41.jpg,img/red42.jpg,img/red43.jpg,img/red44.jpg,img/red45.jpg,img/red46.jpg,img/red47.jpg,img/red48.jpg,img/red49.jpg,img/red50.jpg","","response","{""index"":55,""type"":""experimental"",""array_length"":2,""meanVal"":17,""color"":""red""}","image-slider-response_noButton","<p>what was the average redness of the array?</p>","1","50","0","function morphedScaleRed() {
    // defining a few helper functions
    function nrange(size, startAt = 0) {
      return [...Array(size).keys()].map(i => i + startAt);
    };
  
    function fillArray(value, len) {
      var arr = [];
      for (var i = 0; i < len; i++) {
        arr.push(value);
      }
      return arr;
    };
  
    function generateSlices(vWidth, nSlices) {
      var step = vWidth*0.6/(nSlices-2);
      var stepArray = fillArray(step,nSlices-2)
      stepArray.unshift(0.2*vWidth)
      stepArray.push(0.2*vWidth)
  
      var bounds = [];
      
      for (var i = 0; i < nSlices; i++) {
        if (i==0) {
          bounds.push([(i*stepArray[i]), (i*stepArray[i])+stepArray[i]])
        } else if (i>0 && i!=nSlices-1) {
          bounds.push([(i*stepArray[i]+0.2*vWidth), (i*stepArray[i])+stepArray[i]+0.2*vWidth])
        } else {
          bounds.push([(vWidth-0.2*vWidth), vWidth])  
        }
      };
      return bounds;
    };
    
    // start trial timer
    var startTime = (new Date()).getTime();
    // get trial data
    var trialData = jsPsych.currentTrial();
  
    // remove the picture scales and the slider
    $('.jspsych-image-slider-response_noButton-container').css(""visibility"", ""hidden"");
    $('img').remove();
    
    // Remove mondrian background for rating phase
    $('body').css('background-image', 'none');
  
    var imgScale = getScaleRed();
    
    // derive the letter of the image filenames
    var imgBase = imgScale[0].split('img/')[1].split('.jpg')[0].replace(/\d+/g, '');
    
    // split the number of the image filenames off from the rest of it
    var nScale = [];
    for (var i = 0; i < imgScale.length-1; i++) {
      var n = imgScale[i].split('img/')[1].split('.jpg')[0].split(imgBase)[1];
      nScale.push(n);
    };
    
    // calculate the element width, and slice it up into sections
    var vWidth = $(document).width();
    var nSlices = nScale.length;
    var slices = generateSlices(vWidth, nSlices);
  
    // setting up initial vertical line to start the mousemove functionality
    var vHeight = $(document).height()-8;
    var lineSlice = vWidth / 10;
    var vertLine = `<div style=""border-left:black;border-style:solid;margin-left:${lineSlice}px; height:${vHeight}px;width:0px;position:absolute;"" id=""vertLine""></div>`;
    var linePrompt = `<div id=""linePrompt""><div style=""font-size:50px;position:absolute;margin-left:${lineSlice*1.3}px;margin-top:${vHeight/2}px""></div><div style=""position:absolute;margin-left:${lineSlice*1.2}px;margin-top:${vHeight/2}px;z-index:5;"">Move mouse left of the line to begin</div></div>`;
    $("".jspsych-content-wrapper"").prepend(vertLine);
    $("".jspsych-content-wrapper"").prepend(linePrompt);
    
    // hide prompt until the trial is begun
    $('#jspsych-content > p').css(""visibility"", ""hidden"");
  
    // initialize the central image with the most neutral one (i.e. from
    // the middle of the scale) and set the image to be blurred
    var initialImage = imgScale[0];
    $('#jspsych-image-slider-response_noButton-stimulus').append(`<img src=""${initialImage}"" style=""filter:blur(4px);visibility:hidden;"" id=""changeable-image""/>`);
  
    // ADD VISUAL SCALE SHOWING MIN/MAX
    var scaleWidth = vWidth * 0.6;
    var scaleLeft = vWidth * 0.2;
    var scaleHtml = `
      <div id=""scale-container"" style=""position:absolute; bottom:120px; left:${scaleLeft}px; width:${scaleWidth}px; height:30px; background-color:rgba(220,220,220,0.7); border-radius:5px; display:none; z-index:10;"">
        <div style=""position:absolute; left:0px; width:2px; height:30px; background-color:black;""></div>
        <div style=""position:absolute; left:0px; top:32px; font-size:12px; color:black;"">Min (1)</div>
        <div style=""position:absolute; right:0px; width:2px; height:30px; background-color:black;""></div>
        <div style=""position:absolute; right:0px; top:32px; font-size:12px; color:black;"">Max (50)</div>
        <div id=""current-marker"" style=""position:absolute; left:0px; width:2px; height:30px; background-color:red; display:none;""></div>
      </div>
    `;
    $("".jspsych-content-wrapper"").append(scaleHtml);
  
    // workaround with a global variable
    window.__imageMouseOver = {
      lineSlice: lineSlice,
      slices: slices,
      nScale: nScale,
      imgBase: imgBase,
      startTime: startTime,
      trialData: trialData,
      sliceSelected: 0,
    };
    var __listenerBools = {};
  
    // define mousemove event listener that changes image
    function changeImg(event) {
      var mouseX = Math.floor(event.pageX);
      
      // Show the scale after interaction begins
      $(""#scale-container"").css(""display"", ""block"");
      
      // Update current marker position based on mouse position
      var scaleWidth = $(""#scale-container"").width();
      var relativePos = Math.max(0, Math.min(mouseX - scaleLeft, scaleWidth));
      var percentPos = (relativePos / scaleWidth) * 100;
      
      $(""#current-marker"").css({
        ""left"": `${relativePos}px`,
        ""display"": ""block""
      });
      
      for (var i = 0; i < __imageMouseOver.slices.length; i++) {
        // if mouse X position is within the bounds of the X axis slice,
        // change the image to one that is indexed to that slice
        if (mouseX >= __imageMouseOver.slices[i][0] && mouseX <= __imageMouseOver.slices[i][1]) {
          // capture which slice is selected
          __imageMouseOver.sliceSelected = i;
          // update img src to the picture that corresponds to that slice
          $('#changeable-image').attr('src', `img/${__imageMouseOver.imgBase}${__imageMouseOver.nScale[i]}.jpg`);
        }
      };
    };
    
    // define the click listener that ends trial
    function clickHandler(event) {
      if (__listenerBools['mousemove']) {
        // derive trial data
        var trialData = __imageMouseOver.trialData;
        var end_time = (new Date()).getTime();
        var rt = end_time - __imageMouseOver.startTime;
        trialData['rt'] = rt;
        trialData['stimulus_duration'] = rt;
        trialData['trial_duration'] = rt;
        trialData['imageSelected'] = `${__imageMouseOver.imgBase}${__imageMouseOver.nScale[__imageMouseOver.sliceSelected]}.jpg`
        trialData['indexSelected'] = __imageMouseOver.sliceSelected;
        // turn off listeners
        $(document).off('mousemove');
        $(document).off('click');
        // clean up variable namespaces
        delete window.__imageMouseOver
        delete __listenerBools;
        // clean up scale
        $(""#scale-container"").remove();
        // finish the trial with trial data
        jsPsych.finishTrial(trialData);
      };
    };
  
    function verticalLineInit(event) {
      var mouseX = Math.floor(event.pageX);
      if (mouseX <= __imageMouseOver.lineSlice) {
        $(""#vertLine"").remove();
        $(""#linePrompt"").remove();
        $(""#jspsych-image-slider-response_noButton-stimulus > img"").css({
          ""filter"":""blur(0px)"",
          ""visibility"": ""visible"",
        });
        $('#jspsych-content > p').css(""visibility"", ""visible"");
        __listenerBools['mousemove'] = true;
        // turn off THIS mouse move listener
        $(document).off(""mousemove"");
        // turn on the mouse move listener that changes the image
        $(document).mousemove(changeImg);
        // add mouse click listener
        $(document).on('click', clickHandler);
      };
    };
  
    // turn on the vertical line mouse move listener
    $(document).mousemove(verticalLineInit);
  }","[object Object]","0","","Continue","4099","4099","true","red14.jpg","13","avg","400","red","2","[13,21]","17","three giraffes","68","red","",""
"html-keyboard-response","214","774391","0.0-214.0","573b8bc2f3580b0006ce0986","null","","","","<p style=""font-size: 48px;""> + </p>","null","fixation","","","","","","","","","","","","","","","","","","","","","","","","","red","",""
"html-keyboard-response","215","775901","0.0-215.0","573b8bc2f3580b0006ce0986","null","","","","<span class='grid'><div class='red' style='background-position:2300% 0%;margin-top:28px'></div> <div class='red' style='background-position:2200% 0%;margin-top:24px'></div> <div class='red' style='background-position:1500% 0%;margin-top:30px'></div> <div class='red' style='background-position:3400% 0%;margin-top:44px'></div> <div class='red' style='background-position:2600% 0%;margin-top:50px'></div> <div class='red' style='background-position:3000% 0%;margin-top:20px'></div> <div class='red' style='background-position:1700% 0%;margin-top:42px'></div> <div class='red' style='background-position:1800% 0%;margin-top:43px'></div> <div class='red' style='background-position:1800% 0%;margin-top:50px'></div> <div class='red' style='background-position:2400% 0%;margin-top:22px'></div> <div class='red' style='background-position:2500% 0%;margin-top:29px'></div> <div class='red' style='background-position:1800% 0%;margin-top:29px'></div> <div> </div> <div> </div> <div class='red' style='background-position:2400% 0%;margin-top:43px'></div> <div class='red' style='background-position:2600% 0%;margin-top:35px'></div> <div> </div> <div class='red' style='background-position:1800% 0%;margin-top:20px'></div> <div class='red' style='background-position:1800% 0%;margin-top:23px'></div> <div class='red' style='background-position:2400% 0%;margin-top:22px'></div> <div class='red' style='background-position:3100% 0%;margin-top:21px'></div> <div class='red' style='background-position:2500% 0%;margin-top:40px'></div> <div class='red' style='background-position:3400% 0%;margin-top:41px'></div></span>","null","stimulus","{""index"":55,""type"":""experimental"",""array_length"":2,""meanVal"":17,""color"":""red""}","","","","","","","","","","","","","","","","","","","","","","","","red","",""
"image-slider-response_noButton","216","779692","0.0-216.0","573b8bc2f3580b0006ce0986","3790","","","","img/red1.jpg,img/red2.jpg,img/red3.jpg,img/red4.jpg,img/red5.jpg,img/red6.jpg,img/red7.jpg,img/red8.jpg,img/red9.jpg,img/red10.jpg,img/red11.jpg,img/red12.jpg,img/red13.jpg,img/red14.jpg,img/red15.jpg,img/red16.jpg,img/red17.jpg,img/red18.jpg,img/red19.jpg,img/red20.jpg,img/red21.jpg,img/red22.jpg,img/red23.jpg,img/red24.jpg,img/red25.jpg,img/red26.jpg,img/red27.jpg,img/red28.jpg,img/red29.jpg,img/red30.jpg,img/red31.jpg,img/red32.jpg,img/red33.jpg,img/red34.jpg,img/red35.jpg,img/red36.jpg,img/red37.jpg,img/red38.jpg,img/red39.jpg,img/red40.jpg,img/red41.jpg,img/red42.jpg,img/red43.jpg,img/red44.jpg,img/red45.jpg,img/red46.jpg,img/red47.jpg,img/red48.jpg,img/red49.jpg,img/red50.jpg","","response","{""index"":56,""type"":""experimental"",""array_length"":20,""meanVal"":25,""color"":""red""}","image-slider-response_noButton","<p>what was the average redness of the array?</p>","1","50","0","function morphedScaleRed() {
    // defining a few helper functions
    function nrange(size, startAt = 0) {
      return [...Array(size).keys()].map(i => i + startAt);
    };
  
    function fillArray(value, len) {
      var arr = [];
      for (var i = 0; i < len; i++) {
        arr.push(value);
      }
      return arr;
    };
  
    function generateSlices(vWidth, nSlices) {
      var step = vWidth*0.6/(nSlices-2);
      var stepArray = fillArray(step,nSlices-2)
      stepArray.unshift(0.2*vWidth)
      stepArray.push(0.2*vWidth)
  
      var bounds = [];
      
      for (var i = 0; i < nSlices; i++) {
        if (i==0) {
          bounds.push([(i*stepArray[i]), (i*stepArray[i])+stepArray[i]])
        } else if (i>0 && i!=nSlices-1) {
          bounds.push([(i*stepArray[i]+0.2*vWidth), (i*stepArray[i])+stepArray[i]+0.2*vWidth])
        } else {
          bounds.push([(vWidth-0.2*vWidth), vWidth])  
        }
      };
      return bounds;
    };
    
    // start trial timer
    var startTime = (new Date()).getTime();
    // get trial data
    var trialData = jsPsych.currentTrial();
  
    // remove the picture scales and the slider
    $('.jspsych-image-slider-response_noButton-container').css(""visibility"", ""hidden"");
    $('img').remove();
    
    // Remove mondrian background for rating phase
    $('body').css('background-image', 'none');
  
    var imgScale = getScaleRed();
    
    // derive the letter of the image filenames
    var imgBase = imgScale[0].split('img/')[1].split('.jpg')[0].replace(/\d+/g, '');
    
    // split the number of the image filenames off from the rest of it
    var nScale = [];
    for (var i = 0; i < imgScale.length-1; i++) {
      var n = imgScale[i].split('img/')[1].split('.jpg')[0].split(imgBase)[1];
      nScale.push(n);
    };
    
    // calculate the element width, and slice it up into sections
    var vWidth = $(document).width();
    var nSlices = nScale.length;
    var slices = generateSlices(vWidth, nSlices);
  
    // setting up initial vertical line to start the mousemove functionality
    var vHeight = $(document).height()-8;
    var lineSlice = vWidth / 10;
    var vertLine = `<div style=""border-left:black;border-style:solid;margin-left:${lineSlice}px; height:${vHeight}px;width:0px;position:absolute;"" id=""vertLine""></div>`;
    var linePrompt = `<div id=""linePrompt""><div style=""font-size:50px;position:absolute;margin-left:${lineSlice*1.3}px;margin-top:${vHeight/2}px""></div><div style=""position:absolute;margin-left:${lineSlice*1.2}px;margin-top:${vHeight/2}px;z-index:5;"">Move mouse left of the line to begin</div></div>`;
    $("".jspsych-content-wrapper"").prepend(vertLine);
    $("".jspsych-content-wrapper"").prepend(linePrompt);
    
    // hide prompt until the trial is begun
    $('#jspsych-content > p').css(""visibility"", ""hidden"");
  
    // initialize the central image with the most neutral one (i.e. from
    // the middle of the scale) and set the image to be blurred
    var initialImage = imgScale[0];
    $('#jspsych-image-slider-response_noButton-stimulus').append(`<img src=""${initialImage}"" style=""filter:blur(4px);visibility:hidden;"" id=""changeable-image""/>`);
  
    // ADD VISUAL SCALE SHOWING MIN/MAX
    var scaleWidth = vWidth * 0.6;
    var scaleLeft = vWidth * 0.2;
    var scaleHtml = `
      <div id=""scale-container"" style=""position:absolute; bottom:120px; left:${scaleLeft}px; width:${scaleWidth}px; height:30px; background-color:rgba(220,220,220,0.7); border-radius:5px; display:none; z-index:10;"">
        <div style=""position:absolute; left:0px; width:2px; height:30px; background-color:black;""></div>
        <div style=""position:absolute; left:0px; top:32px; font-size:12px; color:black;"">Min (1)</div>
        <div style=""position:absolute; right:0px; width:2px; height:30px; background-color:black;""></div>
        <div style=""position:absolute; right:0px; top:32px; font-size:12px; color:black;"">Max (50)</div>
        <div id=""current-marker"" style=""position:absolute; left:0px; width:2px; height:30px; background-color:red; display:none;""></div>
      </div>
    `;
    $("".jspsych-content-wrapper"").append(scaleHtml);
  
    // workaround with a global variable
    window.__imageMouseOver = {
      lineSlice: lineSlice,
      slices: slices,
      nScale: nScale,
      imgBase: imgBase,
      startTime: startTime,
      trialData: trialData,
      sliceSelected: 0,
    };
    var __listenerBools = {};
  
    // define mousemove event listener that changes image
    function changeImg(event) {
      var mouseX = Math.floor(event.pageX);
      
      // Show the scale after interaction begins
      $(""#scale-container"").css(""display"", ""block"");
      
      // Update current marker position based on mouse position
      var scaleWidth = $(""#scale-container"").width();
      var relativePos = Math.max(0, Math.min(mouseX - scaleLeft, scaleWidth));
      var percentPos = (relativePos / scaleWidth) * 100;
      
      $(""#current-marker"").css({
        ""left"": `${relativePos}px`,
        ""display"": ""block""
      });
      
      for (var i = 0; i < __imageMouseOver.slices.length; i++) {
        // if mouse X position is within the bounds of the X axis slice,
        // change the image to one that is indexed to that slice
        if (mouseX >= __imageMouseOver.slices[i][0] && mouseX <= __imageMouseOver.slices[i][1]) {
          // capture which slice is selected
          __imageMouseOver.sliceSelected = i;
          // update img src to the picture that corresponds to that slice
          $('#changeable-image').attr('src', `img/${__imageMouseOver.imgBase}${__imageMouseOver.nScale[i]}.jpg`);
        }
      };
    };
    
    // define the click listener that ends trial
    function clickHandler(event) {
      if (__listenerBools['mousemove']) {
        // derive trial data
        var trialData = __imageMouseOver.trialData;
        var end_time = (new Date()).getTime();
        var rt = end_time - __imageMouseOver.startTime;
        trialData['rt'] = rt;
        trialData['stimulus_duration'] = rt;
        trialData['trial_duration'] = rt;
        trialData['imageSelected'] = `${__imageMouseOver.imgBase}${__imageMouseOver.nScale[__imageMouseOver.sliceSelected]}.jpg`
        trialData['indexSelected'] = __imageMouseOver.sliceSelected;
        // turn off listeners
        $(document).off('mousemove');
        $(document).off('click');
        // clean up variable namespaces
        delete window.__imageMouseOver
        delete __listenerBools;
        // clean up scale
        $(""#scale-container"").remove();
        // finish the trial with trial data
        jsPsych.finishTrial(trialData);
      };
    };
  
    function verticalLineInit(event) {
      var mouseX = Math.floor(event.pageX);
      if (mouseX <= __imageMouseOver.lineSlice) {
        $(""#vertLine"").remove();
        $(""#linePrompt"").remove();
        $(""#jspsych-image-slider-response_noButton-stimulus > img"").css({
          ""filter"":""blur(0px)"",
          ""visibility"": ""visible"",
        });
        $('#jspsych-content > p').css(""visibility"", ""visible"");
        __listenerBools['mousemove'] = true;
        // turn off THIS mouse move listener
        $(document).off(""mousemove"");
        // turn on the mouse move listener that changes the image
        $(document).mousemove(changeImg);
        // add mouse click listener
        $(document).on('click', clickHandler);
      };
    };
  
    // turn on the vertical line mouse move listener
    $(document).mousemove(verticalLineInit);
  }","[object Object]","0","","Continue","3790","3790","true","red17.jpg","16","avg","500","red","20","[15,17,18,18,18,18,18,22,23,24,24,24,25,25,26,26,30,31,34,34]","25","three giraffes","69","red","",""
"html-keyboard-response","217","780293","0.0-217.0","573b8bc2f3580b0006ce0986","null","","","","<p style=""font-size: 48px;""> + </p>","null","fixation","","","","","","","","","","","","","","","","","","","","","","","","","red","",""
"html-keyboard-response","218","781808","0.0-218.0","573b8bc2f3580b0006ce0986","null","","","","<span class='grid'><div class='red' style='background-position:2700% 0%;margin-top:44px'></div> <div> </div> <div class='red' style='background-position:2200% 0%;margin-top:49px'></div> <div class='red' style='background-position:2100% 0%;margin-top:50px'></div> <div class='red' style='background-position:3000% 0%;margin-top:49px'></div> <div class='red' style='background-position:1900% 0%;margin-top:49px'></div> <div> </div> <div class='red' style='background-position:1800% 0%;margin-top:45px'></div> <div class='red' style='background-position:1400% 0%;margin-top:28px'></div> <div class='red' style='background-position:2100% 0%;margin-top:24px'></div> <div> </div> <div class='red' style='background-position:1100% 0%;margin-top:50px'></div> <div class='red' style='background-position:2000% 0%;margin-top:37px'></div> <div class='red' style='background-position:1400% 0%;margin-top:21px'></div> <div class='red' style='background-position:2200% 0%;margin-top:22px'></div> <div class='red' style='background-position:2000% 0%;margin-top:32px'></div> <div class='red' style='background-position:1400% 0%;margin-top:30px'></div> <div class='red' style='background-position:1300% 0%;margin-top:33px'></div> <div class='red' style='background-position:2000% 0%;margin-top:32px'></div> <div class='red' style='background-position:3000% 0%;margin-top:22px'></div> <div class='red' style='background-position:1400% 0%;margin-top:37px'></div> <div class='red' style='background-position:2600% 0%;margin-top:38px'></div> <div class='red' style='background-position:1400% 0%;margin-top:43px'></div></span>","null","stimulus","{""index"":56,""type"":""experimental"",""array_length"":20,""meanVal"":25,""color"":""red""}","","","","","","","","","","","","","","","","","","","","","","","","red","",""
"image-slider-response_noButton","219","787088","0.0-219.0","573b8bc2f3580b0006ce0986","5279","","","","img/red1.jpg,img/red2.jpg,img/red3.jpg,img/red4.jpg,img/red5.jpg,img/red6.jpg,img/red7.jpg,img/red8.jpg,img/red9.jpg,img/red10.jpg,img/red11.jpg,img/red12.jpg,img/red13.jpg,img/red14.jpg,img/red15.jpg,img/red16.jpg,img/red17.jpg,img/red18.jpg,img/red19.jpg,img/red20.jpg,img/red21.jpg,img/red22.jpg,img/red23.jpg,img/red24.jpg,img/red25.jpg,img/red26.jpg,img/red27.jpg,img/red28.jpg,img/red29.jpg,img/red30.jpg,img/red31.jpg,img/red32.jpg,img/red33.jpg,img/red34.jpg,img/red35.jpg,img/red36.jpg,img/red37.jpg,img/red38.jpg,img/red39.jpg,img/red40.jpg,img/red41.jpg,img/red42.jpg,img/red43.jpg,img/red44.jpg,img/red45.jpg,img/red46.jpg,img/red47.jpg,img/red48.jpg,img/red49.jpg,img/red50.jpg","","response","{""index"":57,""type"":""experimental"",""array_length"":20,""meanVal"":21,""color"":""red""}","image-slider-response_noButton","<p>what was the average redness of the array?</p>","1","50","0","function morphedScaleRed() {
    // defining a few helper functions
    function nrange(size, startAt = 0) {
      return [...Array(size).keys()].map(i => i + startAt);
    };
  
    function fillArray(value, len) {
      var arr = [];
      for (var i = 0; i < len; i++) {
        arr.push(value);
      }
      return arr;
    };
  
    function generateSlices(vWidth, nSlices) {
      var step = vWidth*0.6/(nSlices-2);
      var stepArray = fillArray(step,nSlices-2)
      stepArray.unshift(0.2*vWidth)
      stepArray.push(0.2*vWidth)
  
      var bounds = [];
      
      for (var i = 0; i < nSlices; i++) {
        if (i==0) {
          bounds.push([(i*stepArray[i]), (i*stepArray[i])+stepArray[i]])
        } else if (i>0 && i!=nSlices-1) {
          bounds.push([(i*stepArray[i]+0.2*vWidth), (i*stepArray[i])+stepArray[i]+0.2*vWidth])
        } else {
          bounds.push([(vWidth-0.2*vWidth), vWidth])  
        }
      };
      return bounds;
    };
    
    // start trial timer
    var startTime = (new Date()).getTime();
    // get trial data
    var trialData = jsPsych.currentTrial();
  
    // remove the picture scales and the slider
    $('.jspsych-image-slider-response_noButton-container').css(""visibility"", ""hidden"");
    $('img').remove();
    
    // Remove mondrian background for rating phase
    $('body').css('background-image', 'none');
  
    var imgScale = getScaleRed();
    
    // derive the letter of the image filenames
    var imgBase = imgScale[0].split('img/')[1].split('.jpg')[0].replace(/\d+/g, '');
    
    // split the number of the image filenames off from the rest of it
    var nScale = [];
    for (var i = 0; i < imgScale.length-1; i++) {
      var n = imgScale[i].split('img/')[1].split('.jpg')[0].split(imgBase)[1];
      nScale.push(n);
    };
    
    // calculate the element width, and slice it up into sections
    var vWidth = $(document).width();
    var nSlices = nScale.length;
    var slices = generateSlices(vWidth, nSlices);
  
    // setting up initial vertical line to start the mousemove functionality
    var vHeight = $(document).height()-8;
    var lineSlice = vWidth / 10;
    var vertLine = `<div style=""border-left:black;border-style:solid;margin-left:${lineSlice}px; height:${vHeight}px;width:0px;position:absolute;"" id=""vertLine""></div>`;
    var linePrompt = `<div id=""linePrompt""><div style=""font-size:50px;position:absolute;margin-left:${lineSlice*1.3}px;margin-top:${vHeight/2}px""></div><div style=""position:absolute;margin-left:${lineSlice*1.2}px;margin-top:${vHeight/2}px;z-index:5;"">Move mouse left of the line to begin</div></div>`;
    $("".jspsych-content-wrapper"").prepend(vertLine);
    $("".jspsych-content-wrapper"").prepend(linePrompt);
    
    // hide prompt until the trial is begun
    $('#jspsych-content > p').css(""visibility"", ""hidden"");
  
    // initialize the central image with the most neutral one (i.e. from
    // the middle of the scale) and set the image to be blurred
    var initialImage = imgScale[0];
    $('#jspsych-image-slider-response_noButton-stimulus').append(`<img src=""${initialImage}"" style=""filter:blur(4px);visibility:hidden;"" id=""changeable-image""/>`);
  
    // ADD VISUAL SCALE SHOWING MIN/MAX
    var scaleWidth = vWidth * 0.6;
    var scaleLeft = vWidth * 0.2;
    var scaleHtml = `
      <div id=""scale-container"" style=""position:absolute; bottom:120px; left:${scaleLeft}px; width:${scaleWidth}px; height:30px; background-color:rgba(220,220,220,0.7); border-radius:5px; display:none; z-index:10;"">
        <div style=""position:absolute; left:0px; width:2px; height:30px; background-color:black;""></div>
        <div style=""position:absolute; left:0px; top:32px; font-size:12px; color:black;"">Min (1)</div>
        <div style=""position:absolute; right:0px; width:2px; height:30px; background-color:black;""></div>
        <div style=""position:absolute; right:0px; top:32px; font-size:12px; color:black;"">Max (50)</div>
        <div id=""current-marker"" style=""position:absolute; left:0px; width:2px; height:30px; background-color:red; display:none;""></div>
      </div>
    `;
    $("".jspsych-content-wrapper"").append(scaleHtml);
  
    // workaround with a global variable
    window.__imageMouseOver = {
      lineSlice: lineSlice,
      slices: slices,
      nScale: nScale,
      imgBase: imgBase,
      startTime: startTime,
      trialData: trialData,
      sliceSelected: 0,
    };
    var __listenerBools = {};
  
    // define mousemove event listener that changes image
    function changeImg(event) {
      var mouseX = Math.floor(event.pageX);
      
      // Show the scale after interaction begins
      $(""#scale-container"").css(""display"", ""block"");
      
      // Update current marker position based on mouse position
      var scaleWidth = $(""#scale-container"").width();
      var relativePos = Math.max(0, Math.min(mouseX - scaleLeft, scaleWidth));
      var percentPos = (relativePos / scaleWidth) * 100;
      
      $(""#current-marker"").css({
        ""left"": `${relativePos}px`,
        ""display"": ""block""
      });
      
      for (var i = 0; i < __imageMouseOver.slices.length; i++) {
        // if mouse X position is within the bounds of the X axis slice,
        // change the image to one that is indexed to that slice
        if (mouseX >= __imageMouseOver.slices[i][0] && mouseX <= __imageMouseOver.slices[i][1]) {
          // capture which slice is selected
          __imageMouseOver.sliceSelected = i;
          // update img src to the picture that corresponds to that slice
          $('#changeable-image').attr('src', `img/${__imageMouseOver.imgBase}${__imageMouseOver.nScale[i]}.jpg`);
        }
      };
    };
    
    // define the click listener that ends trial
    function clickHandler(event) {
      if (__listenerBools['mousemove']) {
        // derive trial data
        var trialData = __imageMouseOver.trialData;
        var end_time = (new Date()).getTime();
        var rt = end_time - __imageMouseOver.startTime;
        trialData['rt'] = rt;
        trialData['stimulus_duration'] = rt;
        trialData['trial_duration'] = rt;
        trialData['imageSelected'] = `${__imageMouseOver.imgBase}${__imageMouseOver.nScale[__imageMouseOver.sliceSelected]}.jpg`
        trialData['indexSelected'] = __imageMouseOver.sliceSelected;
        // turn off listeners
        $(document).off('mousemove');
        $(document).off('click');
        // clean up variable namespaces
        delete window.__imageMouseOver
        delete __listenerBools;
        // clean up scale
        $(""#scale-container"").remove();
        // finish the trial with trial data
        jsPsych.finishTrial(trialData);
      };
    };
  
    function verticalLineInit(event) {
      var mouseX = Math.floor(event.pageX);
      if (mouseX <= __imageMouseOver.lineSlice) {
        $(""#vertLine"").remove();
        $(""#linePrompt"").remove();
        $(""#jspsych-image-slider-response_noButton-stimulus > img"").css({
          ""filter"":""blur(0px)"",
          ""visibility"": ""visible"",
        });
        $('#jspsych-content > p').css(""visibility"", ""visible"");
        __listenerBools['mousemove'] = true;
        // turn off THIS mouse move listener
        $(document).off(""mousemove"");
        // turn on the mouse move listener that changes the image
        $(document).mousemove(changeImg);
        // add mouse click listener
        $(document).on('click', clickHandler);
      };
    };
  
    // turn on the vertical line mouse move listener
    $(document).mousemove(verticalLineInit);
  }","[object Object]","0","","Continue","5279","5279","true","red14.jpg","13","avg","600","red","20","[11,13,14,14,14,14,14,18,19,20,20,20,21,21,22,22,26,27,30,30]","21","three giraffes","70","red","",""
"html-keyboard-response","220","787595","0.0-220.0","573b8bc2f3580b0006ce0986","null","","","","<p style=""font-size: 48px;""> + </p>","null","fixation","","","","","","","","","","","","","","","","","","","","","","","","","red","",""
"html-keyboard-response","221","789105","0.0-221.0","573b8bc2f3580b0006ce0986","null","","","","<span class='grid'><div> </div> <div> </div> <div> </div> <div> </div> <div> </div> <div> </div> <div class='red' style='background-position:2100% 0%;margin-top:38px'></div> <div> </div> <div class='red' style='background-position:1300% 0%;margin-top:48px'></div> <div> </div> <div> </div> <div> </div> <div> </div> <div> </div></span>","null","stimulus","{""index"":57,""type"":""experimental"",""array_length"":20,""meanVal"":21,""color"":""red""}","","","","","","","","","","","","","","","","","","","","","","","","red","",""
"image-slider-response_noButton","222","793510","0.0-222.0","573b8bc2f3580b0006ce0986","4404","","","","img/red1.jpg,img/red2.jpg,img/red3.jpg,img/red4.jpg,img/red5.jpg,img/red6.jpg,img/red7.jpg,img/red8.jpg,img/red9.jpg,img/red10.jpg,img/red11.jpg,img/red12.jpg,img/red13.jpg,img/red14.jpg,img/red15.jpg,img/red16.jpg,img/red17.jpg,img/red18.jpg,img/red19.jpg,img/red20.jpg,img/red21.jpg,img/red22.jpg,img/red23.jpg,img/red24.jpg,img/red25.jpg,img/red26.jpg,img/red27.jpg,img/red28.jpg,img/red29.jpg,img/red30.jpg,img/red31.jpg,img/red32.jpg,img/red33.jpg,img/red34.jpg,img/red35.jpg,img/red36.jpg,img/red37.jpg,img/red38.jpg,img/red39.jpg,img/red40.jpg,img/red41.jpg,img/red42.jpg,img/red43.jpg,img/red44.jpg,img/red45.jpg,img/red46.jpg,img/red47.jpg,img/red48.jpg,img/red49.jpg,img/red50.jpg","","response","{""index"":58,""type"":""experimental"",""array_length"":2,""meanVal"":17,""color"":""red""}","image-slider-response_noButton","<p>what was the average redness of the array?</p>","1","50","0","function morphedScaleRed() {
    // defining a few helper functions
    function nrange(size, startAt = 0) {
      return [...Array(size).keys()].map(i => i + startAt);
    };
  
    function fillArray(value, len) {
      var arr = [];
      for (var i = 0; i < len; i++) {
        arr.push(value);
      }
      return arr;
    };
  
    function generateSlices(vWidth, nSlices) {
      var step = vWidth*0.6/(nSlices-2);
      var stepArray = fillArray(step,nSlices-2)
      stepArray.unshift(0.2*vWidth)
      stepArray.push(0.2*vWidth)
  
      var bounds = [];
      
      for (var i = 0; i < nSlices; i++) {
        if (i==0) {
          bounds.push([(i*stepArray[i]), (i*stepArray[i])+stepArray[i]])
        } else if (i>0 && i!=nSlices-1) {
          bounds.push([(i*stepArray[i]+0.2*vWidth), (i*stepArray[i])+stepArray[i]+0.2*vWidth])
        } else {
          bounds.push([(vWidth-0.2*vWidth), vWidth])  
        }
      };
      return bounds;
    };
    
    // start trial timer
    var startTime = (new Date()).getTime();
    // get trial data
    var trialData = jsPsych.currentTrial();
  
    // remove the picture scales and the slider
    $('.jspsych-image-slider-response_noButton-container').css(""visibility"", ""hidden"");
    $('img').remove();
    
    // Remove mondrian background for rating phase
    $('body').css('background-image', 'none');
  
    var imgScale = getScaleRed();
    
    // derive the letter of the image filenames
    var imgBase = imgScale[0].split('img/')[1].split('.jpg')[0].replace(/\d+/g, '');
    
    // split the number of the image filenames off from the rest of it
    var nScale = [];
    for (var i = 0; i < imgScale.length-1; i++) {
      var n = imgScale[i].split('img/')[1].split('.jpg')[0].split(imgBase)[1];
      nScale.push(n);
    };
    
    // calculate the element width, and slice it up into sections
    var vWidth = $(document).width();
    var nSlices = nScale.length;
    var slices = generateSlices(vWidth, nSlices);
  
    // setting up initial vertical line to start the mousemove functionality
    var vHeight = $(document).height()-8;
    var lineSlice = vWidth / 10;
    var vertLine = `<div style=""border-left:black;border-style:solid;margin-left:${lineSlice}px; height:${vHeight}px;width:0px;position:absolute;"" id=""vertLine""></div>`;
    var linePrompt = `<div id=""linePrompt""><div style=""font-size:50px;position:absolute;margin-left:${lineSlice*1.3}px;margin-top:${vHeight/2}px""></div><div style=""position:absolute;margin-left:${lineSlice*1.2}px;margin-top:${vHeight/2}px;z-index:5;"">Move mouse left of the line to begin</div></div>`;
    $("".jspsych-content-wrapper"").prepend(vertLine);
    $("".jspsych-content-wrapper"").prepend(linePrompt);
    
    // hide prompt until the trial is begun
    $('#jspsych-content > p').css(""visibility"", ""hidden"");
  
    // initialize the central image with the most neutral one (i.e. from
    // the middle of the scale) and set the image to be blurred
    var initialImage = imgScale[0];
    $('#jspsych-image-slider-response_noButton-stimulus').append(`<img src=""${initialImage}"" style=""filter:blur(4px);visibility:hidden;"" id=""changeable-image""/>`);
  
    // ADD VISUAL SCALE SHOWING MIN/MAX
    var scaleWidth = vWidth * 0.6;
    var scaleLeft = vWidth * 0.2;
    var scaleHtml = `
      <div id=""scale-container"" style=""position:absolute; bottom:120px; left:${scaleLeft}px; width:${scaleWidth}px; height:30px; background-color:rgba(220,220,220,0.7); border-radius:5px; display:none; z-index:10;"">
        <div style=""position:absolute; left:0px; width:2px; height:30px; background-color:black;""></div>
        <div style=""position:absolute; left:0px; top:32px; font-size:12px; color:black;"">Min (1)</div>
        <div style=""position:absolute; right:0px; width:2px; height:30px; background-color:black;""></div>
        <div style=""position:absolute; right:0px; top:32px; font-size:12px; color:black;"">Max (50)</div>
        <div id=""current-marker"" style=""position:absolute; left:0px; width:2px; height:30px; background-color:red; display:none;""></div>
      </div>
    `;
    $("".jspsych-content-wrapper"").append(scaleHtml);
  
    // workaround with a global variable
    window.__imageMouseOver = {
      lineSlice: lineSlice,
      slices: slices,
      nScale: nScale,
      imgBase: imgBase,
      startTime: startTime,
      trialData: trialData,
      sliceSelected: 0,
    };
    var __listenerBools = {};
  
    // define mousemove event listener that changes image
    function changeImg(event) {
      var mouseX = Math.floor(event.pageX);
      
      // Show the scale after interaction begins
      $(""#scale-container"").css(""display"", ""block"");
      
      // Update current marker position based on mouse position
      var scaleWidth = $(""#scale-container"").width();
      var relativePos = Math.max(0, Math.min(mouseX - scaleLeft, scaleWidth));
      var percentPos = (relativePos / scaleWidth) * 100;
      
      $(""#current-marker"").css({
        ""left"": `${relativePos}px`,
        ""display"": ""block""
      });
      
      for (var i = 0; i < __imageMouseOver.slices.length; i++) {
        // if mouse X position is within the bounds of the X axis slice,
        // change the image to one that is indexed to that slice
        if (mouseX >= __imageMouseOver.slices[i][0] && mouseX <= __imageMouseOver.slices[i][1]) {
          // capture which slice is selected
          __imageMouseOver.sliceSelected = i;
          // update img src to the picture that corresponds to that slice
          $('#changeable-image').attr('src', `img/${__imageMouseOver.imgBase}${__imageMouseOver.nScale[i]}.jpg`);
        }
      };
    };
    
    // define the click listener that ends trial
    function clickHandler(event) {
      if (__listenerBools['mousemove']) {
        // derive trial data
        var trialData = __imageMouseOver.trialData;
        var end_time = (new Date()).getTime();
        var rt = end_time - __imageMouseOver.startTime;
        trialData['rt'] = rt;
        trialData['stimulus_duration'] = rt;
        trialData['trial_duration'] = rt;
        trialData['imageSelected'] = `${__imageMouseOver.imgBase}${__imageMouseOver.nScale[__imageMouseOver.sliceSelected]}.jpg`
        trialData['indexSelected'] = __imageMouseOver.sliceSelected;
        // turn off listeners
        $(document).off('mousemove');
        $(document).off('click');
        // clean up variable namespaces
        delete window.__imageMouseOver
        delete __listenerBools;
        // clean up scale
        $(""#scale-container"").remove();
        // finish the trial with trial data
        jsPsych.finishTrial(trialData);
      };
    };
  
    function verticalLineInit(event) {
      var mouseX = Math.floor(event.pageX);
      if (mouseX <= __imageMouseOver.lineSlice) {
        $(""#vertLine"").remove();
        $(""#linePrompt"").remove();
        $(""#jspsych-image-slider-response_noButton-stimulus > img"").css({
          ""filter"":""blur(0px)"",
          ""visibility"": ""visible"",
        });
        $('#jspsych-content > p').css(""visibility"", ""visible"");
        __listenerBools['mousemove'] = true;
        // turn off THIS mouse move listener
        $(document).off(""mousemove"");
        // turn on the mouse move listener that changes the image
        $(document).mousemove(changeImg);
        // add mouse click listener
        $(document).on('click', clickHandler);
      };
    };
  
    // turn on the vertical line mouse move listener
    $(document).mousemove(verticalLineInit);
  }","[object Object]","0","","Continue","4404","4404","true","red11.jpg","10","avg","500","red","2","[13,21]","17","three giraffes","71","red","",""
"html-keyboard-response","223","794026","0.0-223.0","573b8bc2f3580b0006ce0986","null","","","","<p style=""font-size: 48px;""> + </p>","null","fixation","","","","","","","","","","","","","","","","","","","","","","","","","red","",""
"html-keyboard-response","224","795538","0.0-224.0","573b8bc2f3580b0006ce0986","null","","","","<span class='grid'><div> </div> <div> </div> <div class='red' style='background-position:2700% 0%;margin-top:26px'></div> <div class='red' style='background-position:2700% 0%;margin-top:31px'></div> <div class='red' style='background-position:2100% 0%;margin-top:43px'></div> <div class='red' style='background-position:2000% 0%;margin-top:34px'></div> <div class='red' style='background-position:2600% 0%;margin-top:45px'></div> <div class='red' style='background-position:2900% 0%;margin-top:43px'></div> <div class='red' style='background-position:3400% 0%;margin-top:22px'></div> <div> </div> <div class='red' style='background-position:2100% 0%;margin-top:29px'></div> <div class='red' style='background-position:2800% 0%;margin-top:22px'></div> <div class='red' style='background-position:3700% 0%;margin-top:26px'></div> <div class='red' style='background-position:2100% 0%;margin-top:39px'></div> <div class='red' style='background-position:2500% 0%;margin-top:21px'></div> <div class='red' style='background-position:2100% 0%;margin-top:35px'></div> <div class='red' style='background-position:2900% 0%;margin-top:24px'></div> <div class='red' style='background-position:2700% 0%;margin-top:22px'></div> <div class='red' style='background-position:2800% 0%;margin-top:37px'></div> <div class='red' style='background-position:2100% 0%;margin-top:23px'></div> <div class='red' style='background-position:3300% 0%;margin-top:20px'></div> <div class='red' style='background-position:3700% 0%;margin-top:29px'></div> <div class='red' style='background-position:1800% 0%;margin-top:26px'></div></span>","null","stimulus","{""index"":58,""type"":""experimental"",""array_length"":2,""meanVal"":17,""color"":""red""}","","","","","","","","","","","","","","","","","","","","","","","","red","",""
"image-slider-response_noButton","225","800444","0.0-225.0","573b8bc2f3580b0006ce0986","4905","","","","img/red1.jpg,img/red2.jpg,img/red3.jpg,img/red4.jpg,img/red5.jpg,img/red6.jpg,img/red7.jpg,img/red8.jpg,img/red9.jpg,img/red10.jpg,img/red11.jpg,img/red12.jpg,img/red13.jpg,img/red14.jpg,img/red15.jpg,img/red16.jpg,img/red17.jpg,img/red18.jpg,img/red19.jpg,img/red20.jpg,img/red21.jpg,img/red22.jpg,img/red23.jpg,img/red24.jpg,img/red25.jpg,img/red26.jpg,img/red27.jpg,img/red28.jpg,img/red29.jpg,img/red30.jpg,img/red31.jpg,img/red32.jpg,img/red33.jpg,img/red34.jpg,img/red35.jpg,img/red36.jpg,img/red37.jpg,img/red38.jpg,img/red39.jpg,img/red40.jpg,img/red41.jpg,img/red42.jpg,img/red43.jpg,img/red44.jpg,img/red45.jpg,img/red46.jpg,img/red47.jpg,img/red48.jpg,img/red49.jpg,img/red50.jpg","","response","{""index"":59,""type"":""experimental"",""array_length"":20,""meanVal"":28,""color"":""red""}","image-slider-response_noButton","<p>what was the average redness of the array?</p>","1","50","0","function morphedScaleRed() {
    // defining a few helper functions
    function nrange(size, startAt = 0) {
      return [...Array(size).keys()].map(i => i + startAt);
    };
  
    function fillArray(value, len) {
      var arr = [];
      for (var i = 0; i < len; i++) {
        arr.push(value);
      }
      return arr;
    };
  
    function generateSlices(vWidth, nSlices) {
      var step = vWidth*0.6/(nSlices-2);
      var stepArray = fillArray(step,nSlices-2)
      stepArray.unshift(0.2*vWidth)
      stepArray.push(0.2*vWidth)
  
      var bounds = [];
      
      for (var i = 0; i < nSlices; i++) {
        if (i==0) {
          bounds.push([(i*stepArray[i]), (i*stepArray[i])+stepArray[i]])
        } else if (i>0 && i!=nSlices-1) {
          bounds.push([(i*stepArray[i]+0.2*vWidth), (i*stepArray[i])+stepArray[i]+0.2*vWidth])
        } else {
          bounds.push([(vWidth-0.2*vWidth), vWidth])  
        }
      };
      return bounds;
    };
    
    // start trial timer
    var startTime = (new Date()).getTime();
    // get trial data
    var trialData = jsPsych.currentTrial();
  
    // remove the picture scales and the slider
    $('.jspsych-image-slider-response_noButton-container').css(""visibility"", ""hidden"");
    $('img').remove();
    
    // Remove mondrian background for rating phase
    $('body').css('background-image', 'none');
  
    var imgScale = getScaleRed();
    
    // derive the letter of the image filenames
    var imgBase = imgScale[0].split('img/')[1].split('.jpg')[0].replace(/\d+/g, '');
    
    // split the number of the image filenames off from the rest of it
    var nScale = [];
    for (var i = 0; i < imgScale.length-1; i++) {
      var n = imgScale[i].split('img/')[1].split('.jpg')[0].split(imgBase)[1];
      nScale.push(n);
    };
    
    // calculate the element width, and slice it up into sections
    var vWidth = $(document).width();
    var nSlices = nScale.length;
    var slices = generateSlices(vWidth, nSlices);
  
    // setting up initial vertical line to start the mousemove functionality
    var vHeight = $(document).height()-8;
    var lineSlice = vWidth / 10;
    var vertLine = `<div style=""border-left:black;border-style:solid;margin-left:${lineSlice}px; height:${vHeight}px;width:0px;position:absolute;"" id=""vertLine""></div>`;
    var linePrompt = `<div id=""linePrompt""><div style=""font-size:50px;position:absolute;margin-left:${lineSlice*1.3}px;margin-top:${vHeight/2}px""></div><div style=""position:absolute;margin-left:${lineSlice*1.2}px;margin-top:${vHeight/2}px;z-index:5;"">Move mouse left of the line to begin</div></div>`;
    $("".jspsych-content-wrapper"").prepend(vertLine);
    $("".jspsych-content-wrapper"").prepend(linePrompt);
    
    // hide prompt until the trial is begun
    $('#jspsych-content > p').css(""visibility"", ""hidden"");
  
    // initialize the central image with the most neutral one (i.e. from
    // the middle of the scale) and set the image to be blurred
    var initialImage = imgScale[0];
    $('#jspsych-image-slider-response_noButton-stimulus').append(`<img src=""${initialImage}"" style=""filter:blur(4px);visibility:hidden;"" id=""changeable-image""/>`);
  
    // ADD VISUAL SCALE SHOWING MIN/MAX
    var scaleWidth = vWidth * 0.6;
    var scaleLeft = vWidth * 0.2;
    var scaleHtml = `
      <div id=""scale-container"" style=""position:absolute; bottom:120px; left:${scaleLeft}px; width:${scaleWidth}px; height:30px; background-color:rgba(220,220,220,0.7); border-radius:5px; display:none; z-index:10;"">
        <div style=""position:absolute; left:0px; width:2px; height:30px; background-color:black;""></div>
        <div style=""position:absolute; left:0px; top:32px; font-size:12px; color:black;"">Min (1)</div>
        <div style=""position:absolute; right:0px; width:2px; height:30px; background-color:black;""></div>
        <div style=""position:absolute; right:0px; top:32px; font-size:12px; color:black;"">Max (50)</div>
        <div id=""current-marker"" style=""position:absolute; left:0px; width:2px; height:30px; background-color:red; display:none;""></div>
      </div>
    `;
    $("".jspsych-content-wrapper"").append(scaleHtml);
  
    // workaround with a global variable
    window.__imageMouseOver = {
      lineSlice: lineSlice,
      slices: slices,
      nScale: nScale,
      imgBase: imgBase,
      startTime: startTime,
      trialData: trialData,
      sliceSelected: 0,
    };
    var __listenerBools = {};
  
    // define mousemove event listener that changes image
    function changeImg(event) {
      var mouseX = Math.floor(event.pageX);
      
      // Show the scale after interaction begins
      $(""#scale-container"").css(""display"", ""block"");
      
      // Update current marker position based on mouse position
      var scaleWidth = $(""#scale-container"").width();
      var relativePos = Math.max(0, Math.min(mouseX - scaleLeft, scaleWidth));
      var percentPos = (relativePos / scaleWidth) * 100;
      
      $(""#current-marker"").css({
        ""left"": `${relativePos}px`,
        ""display"": ""block""
      });
      
      for (var i = 0; i < __imageMouseOver.slices.length; i++) {
        // if mouse X position is within the bounds of the X axis slice,
        // change the image to one that is indexed to that slice
        if (mouseX >= __imageMouseOver.slices[i][0] && mouseX <= __imageMouseOver.slices[i][1]) {
          // capture which slice is selected
          __imageMouseOver.sliceSelected = i;
          // update img src to the picture that corresponds to that slice
          $('#changeable-image').attr('src', `img/${__imageMouseOver.imgBase}${__imageMouseOver.nScale[i]}.jpg`);
        }
      };
    };
    
    // define the click listener that ends trial
    function clickHandler(event) {
      if (__listenerBools['mousemove']) {
        // derive trial data
        var trialData = __imageMouseOver.trialData;
        var end_time = (new Date()).getTime();
        var rt = end_time - __imageMouseOver.startTime;
        trialData['rt'] = rt;
        trialData['stimulus_duration'] = rt;
        trialData['trial_duration'] = rt;
        trialData['imageSelected'] = `${__imageMouseOver.imgBase}${__imageMouseOver.nScale[__imageMouseOver.sliceSelected]}.jpg`
        trialData['indexSelected'] = __imageMouseOver.sliceSelected;
        // turn off listeners
        $(document).off('mousemove');
        $(document).off('click');
        // clean up variable namespaces
        delete window.__imageMouseOver
        delete __listenerBools;
        // clean up scale
        $(""#scale-container"").remove();
        // finish the trial with trial data
        jsPsych.finishTrial(trialData);
      };
    };
  
    function verticalLineInit(event) {
      var mouseX = Math.floor(event.pageX);
      if (mouseX <= __imageMouseOver.lineSlice) {
        $(""#vertLine"").remove();
        $(""#linePrompt"").remove();
        $(""#jspsych-image-slider-response_noButton-stimulus > img"").css({
          ""filter"":""blur(0px)"",
          ""visibility"": ""visible"",
        });
        $('#jspsych-content > p').css(""visibility"", ""visible"");
        __listenerBools['mousemove'] = true;
        // turn off THIS mouse move listener
        $(document).off(""mousemove"");
        // turn on the mouse move listener that changes the image
        $(document).mousemove(changeImg);
        // add mouse click listener
        $(document).on('click', clickHandler);
      };
    };
  
    // turn on the vertical line mouse move listener
    $(document).mousemove(verticalLineInit);
  }","[object Object]","0","","Continue","4905","4905","true","red19.jpg","18","avg","500","red","20","[18,20,21,21,21,21,21,25,26,27,27,27,28,28,29,29,33,34,37,37]","28","three giraffes","72","red","",""
"html-keyboard-response","226","801059","0.0-226.0","573b8bc2f3580b0006ce0986","null","","","","<p style=""font-size: 48px;""> + </p>","null","fixation","","","","","","","","","","","","","","","","","","","","","","","","","red","",""
"html-keyboard-response","227","802569","0.0-227.0","573b8bc2f3580b0006ce0986","null","","","","<span class='grid'><div class='red' style='background-position:2000% 0%;margin-top:34px'></div> <div> </div> <div> </div> <div> </div> <div> </div> <div> </div> <div> </div> <div> </div> <div> </div> <div> </div> <div class='red' style='background-position:1200% 0%;margin-top:42px'></div> <div> </div> <div> </div> <div> </div></span>","null","stimulus","{""index"":59,""type"":""experimental"",""array_length"":20,""meanVal"":28,""color"":""red""}","","","","","","","","","","","","","","","","","","","","","","","","red","",""
"image-slider-response_noButton","228","806487","0.0-228.0","573b8bc2f3580b0006ce0986","3917","","","","img/red1.jpg,img/red2.jpg,img/red3.jpg,img/red4.jpg,img/red5.jpg,img/red6.jpg,img/red7.jpg,img/red8.jpg,img/red9.jpg,img/red10.jpg,img/red11.jpg,img/red12.jpg,img/red13.jpg,img/red14.jpg,img/red15.jpg,img/red16.jpg,img/red17.jpg,img/red18.jpg,img/red19.jpg,img/red20.jpg,img/red21.jpg,img/red22.jpg,img/red23.jpg,img/red24.jpg,img/red25.jpg,img/red26.jpg,img/red27.jpg,img/red28.jpg,img/red29.jpg,img/red30.jpg,img/red31.jpg,img/red32.jpg,img/red33.jpg,img/red34.jpg,img/red35.jpg,img/red36.jpg,img/red37.jpg,img/red38.jpg,img/red39.jpg,img/red40.jpg,img/red41.jpg,img/red42.jpg,img/red43.jpg,img/red44.jpg,img/red45.jpg,img/red46.jpg,img/red47.jpg,img/red48.jpg,img/red49.jpg,img/red50.jpg","","response","{""index"":60,""type"":""experimental"",""array_length"":2,""meanVal"":16,""color"":""red""}","image-slider-response_noButton","<p>what was the average redness of the array?</p>","1","50","0","function morphedScaleRed() {
    // defining a few helper functions
    function nrange(size, startAt = 0) {
      return [...Array(size).keys()].map(i => i + startAt);
    };
  
    function fillArray(value, len) {
      var arr = [];
      for (var i = 0; i < len; i++) {
        arr.push(value);
      }
      return arr;
    };
  
    function generateSlices(vWidth, nSlices) {
      var step = vWidth*0.6/(nSlices-2);
      var stepArray = fillArray(step,nSlices-2)
      stepArray.unshift(0.2*vWidth)
      stepArray.push(0.2*vWidth)
  
      var bounds = [];
      
      for (var i = 0; i < nSlices; i++) {
        if (i==0) {
          bounds.push([(i*stepArray[i]), (i*stepArray[i])+stepArray[i]])
        } else if (i>0 && i!=nSlices-1) {
          bounds.push([(i*stepArray[i]+0.2*vWidth), (i*stepArray[i])+stepArray[i]+0.2*vWidth])
        } else {
          bounds.push([(vWidth-0.2*vWidth), vWidth])  
        }
      };
      return bounds;
    };
    
    // start trial timer
    var startTime = (new Date()).getTime();
    // get trial data
    var trialData = jsPsych.currentTrial();
  
    // remove the picture scales and the slider
    $('.jspsych-image-slider-response_noButton-container').css(""visibility"", ""hidden"");
    $('img').remove();
    
    // Remove mondrian background for rating phase
    $('body').css('background-image', 'none');
  
    var imgScale = getScaleRed();
    
    // derive the letter of the image filenames
    var imgBase = imgScale[0].split('img/')[1].split('.jpg')[0].replace(/\d+/g, '');
    
    // split the number of the image filenames off from the rest of it
    var nScale = [];
    for (var i = 0; i < imgScale.length-1; i++) {
      var n = imgScale[i].split('img/')[1].split('.jpg')[0].split(imgBase)[1];
      nScale.push(n);
    };
    
    // calculate the element width, and slice it up into sections
    var vWidth = $(document).width();
    var nSlices = nScale.length;
    var slices = generateSlices(vWidth, nSlices);
  
    // setting up initial vertical line to start the mousemove functionality
    var vHeight = $(document).height()-8;
    var lineSlice = vWidth / 10;
    var vertLine = `<div style=""border-left:black;border-style:solid;margin-left:${lineSlice}px; height:${vHeight}px;width:0px;position:absolute;"" id=""vertLine""></div>`;
    var linePrompt = `<div id=""linePrompt""><div style=""font-size:50px;position:absolute;margin-left:${lineSlice*1.3}px;margin-top:${vHeight/2}px""></div><div style=""position:absolute;margin-left:${lineSlice*1.2}px;margin-top:${vHeight/2}px;z-index:5;"">Move mouse left of the line to begin</div></div>`;
    $("".jspsych-content-wrapper"").prepend(vertLine);
    $("".jspsych-content-wrapper"").prepend(linePrompt);
    
    // hide prompt until the trial is begun
    $('#jspsych-content > p').css(""visibility"", ""hidden"");
  
    // initialize the central image with the most neutral one (i.e. from
    // the middle of the scale) and set the image to be blurred
    var initialImage = imgScale[0];
    $('#jspsych-image-slider-response_noButton-stimulus').append(`<img src=""${initialImage}"" style=""filter:blur(4px);visibility:hidden;"" id=""changeable-image""/>`);
  
    // ADD VISUAL SCALE SHOWING MIN/MAX
    var scaleWidth = vWidth * 0.6;
    var scaleLeft = vWidth * 0.2;
    var scaleHtml = `
      <div id=""scale-container"" style=""position:absolute; bottom:120px; left:${scaleLeft}px; width:${scaleWidth}px; height:30px; background-color:rgba(220,220,220,0.7); border-radius:5px; display:none; z-index:10;"">
        <div style=""position:absolute; left:0px; width:2px; height:30px; background-color:black;""></div>
        <div style=""position:absolute; left:0px; top:32px; font-size:12px; color:black;"">Min (1)</div>
        <div style=""position:absolute; right:0px; width:2px; height:30px; background-color:black;""></div>
        <div style=""position:absolute; right:0px; top:32px; font-size:12px; color:black;"">Max (50)</div>
        <div id=""current-marker"" style=""position:absolute; left:0px; width:2px; height:30px; background-color:red; display:none;""></div>
      </div>
    `;
    $("".jspsych-content-wrapper"").append(scaleHtml);
  
    // workaround with a global variable
    window.__imageMouseOver = {
      lineSlice: lineSlice,
      slices: slices,
      nScale: nScale,
      imgBase: imgBase,
      startTime: startTime,
      trialData: trialData,
      sliceSelected: 0,
    };
    var __listenerBools = {};
  
    // define mousemove event listener that changes image
    function changeImg(event) {
      var mouseX = Math.floor(event.pageX);
      
      // Show the scale after interaction begins
      $(""#scale-container"").css(""display"", ""block"");
      
      // Update current marker position based on mouse position
      var scaleWidth = $(""#scale-container"").width();
      var relativePos = Math.max(0, Math.min(mouseX - scaleLeft, scaleWidth));
      var percentPos = (relativePos / scaleWidth) * 100;
      
      $(""#current-marker"").css({
        ""left"": `${relativePos}px`,
        ""display"": ""block""
      });
      
      for (var i = 0; i < __imageMouseOver.slices.length; i++) {
        // if mouse X position is within the bounds of the X axis slice,
        // change the image to one that is indexed to that slice
        if (mouseX >= __imageMouseOver.slices[i][0] && mouseX <= __imageMouseOver.slices[i][1]) {
          // capture which slice is selected
          __imageMouseOver.sliceSelected = i;
          // update img src to the picture that corresponds to that slice
          $('#changeable-image').attr('src', `img/${__imageMouseOver.imgBase}${__imageMouseOver.nScale[i]}.jpg`);
        }
      };
    };
    
    // define the click listener that ends trial
    function clickHandler(event) {
      if (__listenerBools['mousemove']) {
        // derive trial data
        var trialData = __imageMouseOver.trialData;
        var end_time = (new Date()).getTime();
        var rt = end_time - __imageMouseOver.startTime;
        trialData['rt'] = rt;
        trialData['stimulus_duration'] = rt;
        trialData['trial_duration'] = rt;
        trialData['imageSelected'] = `${__imageMouseOver.imgBase}${__imageMouseOver.nScale[__imageMouseOver.sliceSelected]}.jpg`
        trialData['indexSelected'] = __imageMouseOver.sliceSelected;
        // turn off listeners
        $(document).off('mousemove');
        $(document).off('click');
        // clean up variable namespaces
        delete window.__imageMouseOver
        delete __listenerBools;
        // clean up scale
        $(""#scale-container"").remove();
        // finish the trial with trial data
        jsPsych.finishTrial(trialData);
      };
    };
  
    function verticalLineInit(event) {
      var mouseX = Math.floor(event.pageX);
      if (mouseX <= __imageMouseOver.lineSlice) {
        $(""#vertLine"").remove();
        $(""#linePrompt"").remove();
        $(""#jspsych-image-slider-response_noButton-stimulus > img"").css({
          ""filter"":""blur(0px)"",
          ""visibility"": ""visible"",
        });
        $('#jspsych-content > p').css(""visibility"", ""visible"");
        __listenerBools['mousemove'] = true;
        // turn off THIS mouse move listener
        $(document).off(""mousemove"");
        // turn on the mouse move listener that changes the image
        $(document).mousemove(changeImg);
        // add mouse click listener
        $(document).on('click', clickHandler);
      };
    };
  
    // turn on the vertical line mouse move listener
    $(document).mousemove(verticalLineInit);
  }","[object Object]","0","","Continue","3917","3917","true","red10.jpg","9","avg","600","red","2","[12,20]","16","three giraffes","73","red","",""
"html-keyboard-response","229","806997","0.0-229.0","573b8bc2f3580b0006ce0986","null","","","","<p style=""font-size: 48px;""> + </p>","null","fixation","","","","","","","","","","","","","","","","","","","","","","","","","red","",""
"html-keyboard-response","230","808504","0.0-230.0","573b8bc2f3580b0006ce0986","null","","","","<span class='grid'><div class='red' style='background-position:1700% 0%;margin-top:46px'></div> <div class='red' style='background-position:2500% 0%;margin-top:40px'></div> <div class='red' style='background-position:1400% 0%;margin-top:46px'></div> <div class='red' style='background-position:3300% 0%;margin-top:24px'></div> <div class='red' style='background-position:2200% 0%;margin-top:42px'></div> <div class='red' style='background-position:2500% 0%;margin-top:25px'></div> <div> </div> <div class='red' style='background-position:2900% 0%;margin-top:48px'></div> <div class='red' style='background-position:1700% 0%;margin-top:47px'></div> <div class='red' style='background-position:2400% 0%;margin-top:45px'></div> <div class='red' style='background-position:1600% 0%;margin-top:24px'></div> <div class='red' style='background-position:2100% 0%;margin-top:24px'></div> <div> </div> <div class='red' style='background-position:3000% 0%;margin-top:25px'></div> <div> </div> <div class='red' style='background-position:1700% 0%;margin-top:35px'></div> <div class='red' style='background-position:2300% 0%;margin-top:22px'></div> <div class='red' style='background-position:2400% 0%;margin-top:47px'></div> <div class='red' style='background-position:3300% 0%;margin-top:39px'></div> <div class='red' style='background-position:2300% 0%;margin-top:40px'></div> <div class='red' style='background-position:2300% 0%;margin-top:48px'></div> <div class='red' style='background-position:1700% 0%;margin-top:39px'></div> <div class='red' style='background-position:1700% 0%;margin-top:28px'></div></span>","null","stimulus","{""index"":60,""type"":""experimental"",""array_length"":2,""meanVal"":16,""color"":""red""}","","","","","","","","","","","","","","","","","","","","","","","","red","",""
"image-slider-response_noButton","231","813124","0.0-231.0","573b8bc2f3580b0006ce0986","4618","","","","img/red1.jpg,img/red2.jpg,img/red3.jpg,img/red4.jpg,img/red5.jpg,img/red6.jpg,img/red7.jpg,img/red8.jpg,img/red9.jpg,img/red10.jpg,img/red11.jpg,img/red12.jpg,img/red13.jpg,img/red14.jpg,img/red15.jpg,img/red16.jpg,img/red17.jpg,img/red18.jpg,img/red19.jpg,img/red20.jpg,img/red21.jpg,img/red22.jpg,img/red23.jpg,img/red24.jpg,img/red25.jpg,img/red26.jpg,img/red27.jpg,img/red28.jpg,img/red29.jpg,img/red30.jpg,img/red31.jpg,img/red32.jpg,img/red33.jpg,img/red34.jpg,img/red35.jpg,img/red36.jpg,img/red37.jpg,img/red38.jpg,img/red39.jpg,img/red40.jpg,img/red41.jpg,img/red42.jpg,img/red43.jpg,img/red44.jpg,img/red45.jpg,img/red46.jpg,img/red47.jpg,img/red48.jpg,img/red49.jpg,img/red50.jpg","","response","{""index"":61,""type"":""experimental"",""array_length"":20,""meanVal"":24,""color"":""red""}","image-slider-response_noButton","<p>what was the average redness of the array?</p>","1","50","0","function morphedScaleRed() {
    // defining a few helper functions
    function nrange(size, startAt = 0) {
      return [...Array(size).keys()].map(i => i + startAt);
    };
  
    function fillArray(value, len) {
      var arr = [];
      for (var i = 0; i < len; i++) {
        arr.push(value);
      }
      return arr;
    };
  
    function generateSlices(vWidth, nSlices) {
      var step = vWidth*0.6/(nSlices-2);
      var stepArray = fillArray(step,nSlices-2)
      stepArray.unshift(0.2*vWidth)
      stepArray.push(0.2*vWidth)
  
      var bounds = [];
      
      for (var i = 0; i < nSlices; i++) {
        if (i==0) {
          bounds.push([(i*stepArray[i]), (i*stepArray[i])+stepArray[i]])
        } else if (i>0 && i!=nSlices-1) {
          bounds.push([(i*stepArray[i]+0.2*vWidth), (i*stepArray[i])+stepArray[i]+0.2*vWidth])
        } else {
          bounds.push([(vWidth-0.2*vWidth), vWidth])  
        }
      };
      return bounds;
    };
    
    // start trial timer
    var startTime = (new Date()).getTime();
    // get trial data
    var trialData = jsPsych.currentTrial();
  
    // remove the picture scales and the slider
    $('.jspsych-image-slider-response_noButton-container').css(""visibility"", ""hidden"");
    $('img').remove();
    
    // Remove mondrian background for rating phase
    $('body').css('background-image', 'none');
  
    var imgScale = getScaleRed();
    
    // derive the letter of the image filenames
    var imgBase = imgScale[0].split('img/')[1].split('.jpg')[0].replace(/\d+/g, '');
    
    // split the number of the image filenames off from the rest of it
    var nScale = [];
    for (var i = 0; i < imgScale.length-1; i++) {
      var n = imgScale[i].split('img/')[1].split('.jpg')[0].split(imgBase)[1];
      nScale.push(n);
    };
    
    // calculate the element width, and slice it up into sections
    var vWidth = $(document).width();
    var nSlices = nScale.length;
    var slices = generateSlices(vWidth, nSlices);
  
    // setting up initial vertical line to start the mousemove functionality
    var vHeight = $(document).height()-8;
    var lineSlice = vWidth / 10;
    var vertLine = `<div style=""border-left:black;border-style:solid;margin-left:${lineSlice}px; height:${vHeight}px;width:0px;position:absolute;"" id=""vertLine""></div>`;
    var linePrompt = `<div id=""linePrompt""><div style=""font-size:50px;position:absolute;margin-left:${lineSlice*1.3}px;margin-top:${vHeight/2}px""></div><div style=""position:absolute;margin-left:${lineSlice*1.2}px;margin-top:${vHeight/2}px;z-index:5;"">Move mouse left of the line to begin</div></div>`;
    $("".jspsych-content-wrapper"").prepend(vertLine);
    $("".jspsych-content-wrapper"").prepend(linePrompt);
    
    // hide prompt until the trial is begun
    $('#jspsych-content > p').css(""visibility"", ""hidden"");
  
    // initialize the central image with the most neutral one (i.e. from
    // the middle of the scale) and set the image to be blurred
    var initialImage = imgScale[0];
    $('#jspsych-image-slider-response_noButton-stimulus').append(`<img src=""${initialImage}"" style=""filter:blur(4px);visibility:hidden;"" id=""changeable-image""/>`);
  
    // ADD VISUAL SCALE SHOWING MIN/MAX
    var scaleWidth = vWidth * 0.6;
    var scaleLeft = vWidth * 0.2;
    var scaleHtml = `
      <div id=""scale-container"" style=""position:absolute; bottom:120px; left:${scaleLeft}px; width:${scaleWidth}px; height:30px; background-color:rgba(220,220,220,0.7); border-radius:5px; display:none; z-index:10;"">
        <div style=""position:absolute; left:0px; width:2px; height:30px; background-color:black;""></div>
        <div style=""position:absolute; left:0px; top:32px; font-size:12px; color:black;"">Min (1)</div>
        <div style=""position:absolute; right:0px; width:2px; height:30px; background-color:black;""></div>
        <div style=""position:absolute; right:0px; top:32px; font-size:12px; color:black;"">Max (50)</div>
        <div id=""current-marker"" style=""position:absolute; left:0px; width:2px; height:30px; background-color:red; display:none;""></div>
      </div>
    `;
    $("".jspsych-content-wrapper"").append(scaleHtml);
  
    // workaround with a global variable
    window.__imageMouseOver = {
      lineSlice: lineSlice,
      slices: slices,
      nScale: nScale,
      imgBase: imgBase,
      startTime: startTime,
      trialData: trialData,
      sliceSelected: 0,
    };
    var __listenerBools = {};
  
    // define mousemove event listener that changes image
    function changeImg(event) {
      var mouseX = Math.floor(event.pageX);
      
      // Show the scale after interaction begins
      $(""#scale-container"").css(""display"", ""block"");
      
      // Update current marker position based on mouse position
      var scaleWidth = $(""#scale-container"").width();
      var relativePos = Math.max(0, Math.min(mouseX - scaleLeft, scaleWidth));
      var percentPos = (relativePos / scaleWidth) * 100;
      
      $(""#current-marker"").css({
        ""left"": `${relativePos}px`,
        ""display"": ""block""
      });
      
      for (var i = 0; i < __imageMouseOver.slices.length; i++) {
        // if mouse X position is within the bounds of the X axis slice,
        // change the image to one that is indexed to that slice
        if (mouseX >= __imageMouseOver.slices[i][0] && mouseX <= __imageMouseOver.slices[i][1]) {
          // capture which slice is selected
          __imageMouseOver.sliceSelected = i;
          // update img src to the picture that corresponds to that slice
          $('#changeable-image').attr('src', `img/${__imageMouseOver.imgBase}${__imageMouseOver.nScale[i]}.jpg`);
        }
      };
    };
    
    // define the click listener that ends trial
    function clickHandler(event) {
      if (__listenerBools['mousemove']) {
        // derive trial data
        var trialData = __imageMouseOver.trialData;
        var end_time = (new Date()).getTime();
        var rt = end_time - __imageMouseOver.startTime;
        trialData['rt'] = rt;
        trialData['stimulus_duration'] = rt;
        trialData['trial_duration'] = rt;
        trialData['imageSelected'] = `${__imageMouseOver.imgBase}${__imageMouseOver.nScale[__imageMouseOver.sliceSelected]}.jpg`
        trialData['indexSelected'] = __imageMouseOver.sliceSelected;
        // turn off listeners
        $(document).off('mousemove');
        $(document).off('click');
        // clean up variable namespaces
        delete window.__imageMouseOver
        delete __listenerBools;
        // clean up scale
        $(""#scale-container"").remove();
        // finish the trial with trial data
        jsPsych.finishTrial(trialData);
      };
    };
  
    function verticalLineInit(event) {
      var mouseX = Math.floor(event.pageX);
      if (mouseX <= __imageMouseOver.lineSlice) {
        $(""#vertLine"").remove();
        $(""#linePrompt"").remove();
        $(""#jspsych-image-slider-response_noButton-stimulus > img"").css({
          ""filter"":""blur(0px)"",
          ""visibility"": ""visible"",
        });
        $('#jspsych-content > p').css(""visibility"", ""visible"");
        __listenerBools['mousemove'] = true;
        // turn off THIS mouse move listener
        $(document).off(""mousemove"");
        // turn on the mouse move listener that changes the image
        $(document).mousemove(changeImg);
        // add mouse click listener
        $(document).on('click', clickHandler);
      };
    };
  
    // turn on the vertical line mouse move listener
    $(document).mousemove(verticalLineInit);
  }","[object Object]","0","","Continue","4618","4618","true","red19.jpg","18","avg","500","red","20","[14,16,17,17,17,17,17,21,22,23,23,23,24,24,25,25,29,30,33,33]","24","three giraffes","74","red","",""
"html-keyboard-response","232","813728","0.0-232.0","573b8bc2f3580b0006ce0986","null","","","","<p style=""font-size: 48px;""> + </p>","null","fixation","","","","","","","","","","","","","","","","","","","","","","","","","red","",""
"html-keyboard-response","233","815236","0.0-233.0","573b8bc2f3580b0006ce0986","null","","","","<span class='grid'><div class='red' style='background-position:1700% 0%;margin-top:36px'></div> <div> </div> <div> </div> <div> </div> <div class='red' style='background-position:2200% 0%;margin-top:44px'></div> <div class='red' style='background-position:1400% 0%;margin-top:29px'></div> <div> </div> <div class='red' style='background-position:1800% 0%;margin-top:47px'></div> <div class='red' style='background-position:600% 0%;margin-top:44px'></div> <div class='red' style='background-position:700% 0%;margin-top:24px'></div> <div> </div> <div class='red' style='background-position:1300% 0%;margin-top:36px'></div> <div> </div> <div> </div> <div> </div> <div class='red' style='background-position:1000% 0%;margin-top:24px'></div> <div class='red' style='background-position:2100% 0%;margin-top:46px'></div> <div class='red' style='background-position:2400% 0%;margin-top:40px'></div></span>","null","stimulus","{""index"":61,""type"":""experimental"",""array_length"":20,""meanVal"":24,""color"":""red""}","","","","","","","","","","","","","","","","","","","","","","","","red","",""
"image-slider-response_noButton","234","819978","0.0-234.0","573b8bc2f3580b0006ce0986","4741","","","","img/red1.jpg,img/red2.jpg,img/red3.jpg,img/red4.jpg,img/red5.jpg,img/red6.jpg,img/red7.jpg,img/red8.jpg,img/red9.jpg,img/red10.jpg,img/red11.jpg,img/red12.jpg,img/red13.jpg,img/red14.jpg,img/red15.jpg,img/red16.jpg,img/red17.jpg,img/red18.jpg,img/red19.jpg,img/red20.jpg,img/red21.jpg,img/red22.jpg,img/red23.jpg,img/red24.jpg,img/red25.jpg,img/red26.jpg,img/red27.jpg,img/red28.jpg,img/red29.jpg,img/red30.jpg,img/red31.jpg,img/red32.jpg,img/red33.jpg,img/red34.jpg,img/red35.jpg,img/red36.jpg,img/red37.jpg,img/red38.jpg,img/red39.jpg,img/red40.jpg,img/red41.jpg,img/red42.jpg,img/red43.jpg,img/red44.jpg,img/red45.jpg,img/red46.jpg,img/red47.jpg,img/red48.jpg,img/red49.jpg,img/red50.jpg","","response","{""index"":62,""type"":""experimental"",""array_length"":10,""meanVal"":15,""color"":""red""}","image-slider-response_noButton","<p>what was the average redness of the array?</p>","1","50","0","function morphedScaleRed() {
    // defining a few helper functions
    function nrange(size, startAt = 0) {
      return [...Array(size).keys()].map(i => i + startAt);
    };
  
    function fillArray(value, len) {
      var arr = [];
      for (var i = 0; i < len; i++) {
        arr.push(value);
      }
      return arr;
    };
  
    function generateSlices(vWidth, nSlices) {
      var step = vWidth*0.6/(nSlices-2);
      var stepArray = fillArray(step,nSlices-2)
      stepArray.unshift(0.2*vWidth)
      stepArray.push(0.2*vWidth)
  
      var bounds = [];
      
      for (var i = 0; i < nSlices; i++) {
        if (i==0) {
          bounds.push([(i*stepArray[i]), (i*stepArray[i])+stepArray[i]])
        } else if (i>0 && i!=nSlices-1) {
          bounds.push([(i*stepArray[i]+0.2*vWidth), (i*stepArray[i])+stepArray[i]+0.2*vWidth])
        } else {
          bounds.push([(vWidth-0.2*vWidth), vWidth])  
        }
      };
      return bounds;
    };
    
    // start trial timer
    var startTime = (new Date()).getTime();
    // get trial data
    var trialData = jsPsych.currentTrial();
  
    // remove the picture scales and the slider
    $('.jspsych-image-slider-response_noButton-container').css(""visibility"", ""hidden"");
    $('img').remove();
    
    // Remove mondrian background for rating phase
    $('body').css('background-image', 'none');
  
    var imgScale = getScaleRed();
    
    // derive the letter of the image filenames
    var imgBase = imgScale[0].split('img/')[1].split('.jpg')[0].replace(/\d+/g, '');
    
    // split the number of the image filenames off from the rest of it
    var nScale = [];
    for (var i = 0; i < imgScale.length-1; i++) {
      var n = imgScale[i].split('img/')[1].split('.jpg')[0].split(imgBase)[1];
      nScale.push(n);
    };
    
    // calculate the element width, and slice it up into sections
    var vWidth = $(document).width();
    var nSlices = nScale.length;
    var slices = generateSlices(vWidth, nSlices);
  
    // setting up initial vertical line to start the mousemove functionality
    var vHeight = $(document).height()-8;
    var lineSlice = vWidth / 10;
    var vertLine = `<div style=""border-left:black;border-style:solid;margin-left:${lineSlice}px; height:${vHeight}px;width:0px;position:absolute;"" id=""vertLine""></div>`;
    var linePrompt = `<div id=""linePrompt""><div style=""font-size:50px;position:absolute;margin-left:${lineSlice*1.3}px;margin-top:${vHeight/2}px""></div><div style=""position:absolute;margin-left:${lineSlice*1.2}px;margin-top:${vHeight/2}px;z-index:5;"">Move mouse left of the line to begin</div></div>`;
    $("".jspsych-content-wrapper"").prepend(vertLine);
    $("".jspsych-content-wrapper"").prepend(linePrompt);
    
    // hide prompt until the trial is begun
    $('#jspsych-content > p').css(""visibility"", ""hidden"");
  
    // initialize the central image with the most neutral one (i.e. from
    // the middle of the scale) and set the image to be blurred
    var initialImage = imgScale[0];
    $('#jspsych-image-slider-response_noButton-stimulus').append(`<img src=""${initialImage}"" style=""filter:blur(4px);visibility:hidden;"" id=""changeable-image""/>`);
  
    // ADD VISUAL SCALE SHOWING MIN/MAX
    var scaleWidth = vWidth * 0.6;
    var scaleLeft = vWidth * 0.2;
    var scaleHtml = `
      <div id=""scale-container"" style=""position:absolute; bottom:120px; left:${scaleLeft}px; width:${scaleWidth}px; height:30px; background-color:rgba(220,220,220,0.7); border-radius:5px; display:none; z-index:10;"">
        <div style=""position:absolute; left:0px; width:2px; height:30px; background-color:black;""></div>
        <div style=""position:absolute; left:0px; top:32px; font-size:12px; color:black;"">Min (1)</div>
        <div style=""position:absolute; right:0px; width:2px; height:30px; background-color:black;""></div>
        <div style=""position:absolute; right:0px; top:32px; font-size:12px; color:black;"">Max (50)</div>
        <div id=""current-marker"" style=""position:absolute; left:0px; width:2px; height:30px; background-color:red; display:none;""></div>
      </div>
    `;
    $("".jspsych-content-wrapper"").append(scaleHtml);
  
    // workaround with a global variable
    window.__imageMouseOver = {
      lineSlice: lineSlice,
      slices: slices,
      nScale: nScale,
      imgBase: imgBase,
      startTime: startTime,
      trialData: trialData,
      sliceSelected: 0,
    };
    var __listenerBools = {};
  
    // define mousemove event listener that changes image
    function changeImg(event) {
      var mouseX = Math.floor(event.pageX);
      
      // Show the scale after interaction begins
      $(""#scale-container"").css(""display"", ""block"");
      
      // Update current marker position based on mouse position
      var scaleWidth = $(""#scale-container"").width();
      var relativePos = Math.max(0, Math.min(mouseX - scaleLeft, scaleWidth));
      var percentPos = (relativePos / scaleWidth) * 100;
      
      $(""#current-marker"").css({
        ""left"": `${relativePos}px`,
        ""display"": ""block""
      });
      
      for (var i = 0; i < __imageMouseOver.slices.length; i++) {
        // if mouse X position is within the bounds of the X axis slice,
        // change the image to one that is indexed to that slice
        if (mouseX >= __imageMouseOver.slices[i][0] && mouseX <= __imageMouseOver.slices[i][1]) {
          // capture which slice is selected
          __imageMouseOver.sliceSelected = i;
          // update img src to the picture that corresponds to that slice
          $('#changeable-image').attr('src', `img/${__imageMouseOver.imgBase}${__imageMouseOver.nScale[i]}.jpg`);
        }
      };
    };
    
    // define the click listener that ends trial
    function clickHandler(event) {
      if (__listenerBools['mousemove']) {
        // derive trial data
        var trialData = __imageMouseOver.trialData;
        var end_time = (new Date()).getTime();
        var rt = end_time - __imageMouseOver.startTime;
        trialData['rt'] = rt;
        trialData['stimulus_duration'] = rt;
        trialData['trial_duration'] = rt;
        trialData['imageSelected'] = `${__imageMouseOver.imgBase}${__imageMouseOver.nScale[__imageMouseOver.sliceSelected]}.jpg`
        trialData['indexSelected'] = __imageMouseOver.sliceSelected;
        // turn off listeners
        $(document).off('mousemove');
        $(document).off('click');
        // clean up variable namespaces
        delete window.__imageMouseOver
        delete __listenerBools;
        // clean up scale
        $(""#scale-container"").remove();
        // finish the trial with trial data
        jsPsych.finishTrial(trialData);
      };
    };
  
    function verticalLineInit(event) {
      var mouseX = Math.floor(event.pageX);
      if (mouseX <= __imageMouseOver.lineSlice) {
        $(""#vertLine"").remove();
        $(""#linePrompt"").remove();
        $(""#jspsych-image-slider-response_noButton-stimulus > img"").css({
          ""filter"":""blur(0px)"",
          ""visibility"": ""visible"",
        });
        $('#jspsych-content > p').css(""visibility"", ""visible"");
        __listenerBools['mousemove'] = true;
        // turn off THIS mouse move listener
        $(document).off(""mousemove"");
        // turn on the mouse move listener that changes the image
        $(document).mousemove(changeImg);
        // add mouse click listener
        $(document).on('click', clickHandler);
      };
    };
  
    // turn on the vertical line mouse move listener
    $(document).mousemove(verticalLineInit);
  }","[object Object]","0","","Continue","4741","4741","true","red17.jpg","16","avg","600","red","10","[6,10,7,13,14,17,18,21,22,24]","15","three giraffes","75","red","",""
"html-keyboard-response","235","820493","0.0-235.0","573b8bc2f3580b0006ce0986","null","","","","<p style=""font-size: 48px;""> + </p>","null","fixation","","","","","","","","","","","","","","","","","","","","","","","","","red","",""
"html-keyboard-response","236","822005","0.0-236.0","573b8bc2f3580b0006ce0986","null","","","","<span class='grid'><div> </div> <div> </div> <div> </div> <div class='red' style='background-position:1800% 0%;margin-top:39px'></div> <div class='red' style='background-position:2600% 0%;margin-top:50px'></div> <div class='red' style='background-position:2200% 0%;margin-top:45px'></div> <div> </div> <div> </div> <div class='red' style='background-position:3000% 0%;margin-top:20px'></div> <div class='red' style='background-position:2900% 0%;margin-top:45px'></div> <div> </div> <div> </div> <div> </div> <div class='red' style='background-position:1400% 0%;margin-top:43px'></div> <div class='red' style='background-position:2500% 0%;margin-top:24px'></div> <div class='red' style='background-position:3200% 0%;margin-top:41px'></div> <div class='red' style='background-position:2100% 0%;margin-top:39px'></div> <div class='red' style='background-position:1500% 0%;margin-top:36px'></div></span>","null","stimulus","{""index"":62,""type"":""experimental"",""array_length"":10,""meanVal"":15,""color"":""red""}","","","","","","","","","","","","","","","","","","","","","","","","red","",""
"image-slider-response_noButton","237","828451","0.0-237.0","573b8bc2f3580b0006ce0986","6445","","","","img/red1.jpg,img/red2.jpg,img/red3.jpg,img/red4.jpg,img/red5.jpg,img/red6.jpg,img/red7.jpg,img/red8.jpg,img/red9.jpg,img/red10.jpg,img/red11.jpg,img/red12.jpg,img/red13.jpg,img/red14.jpg,img/red15.jpg,img/red16.jpg,img/red17.jpg,img/red18.jpg,img/red19.jpg,img/red20.jpg,img/red21.jpg,img/red22.jpg,img/red23.jpg,img/red24.jpg,img/red25.jpg,img/red26.jpg,img/red27.jpg,img/red28.jpg,img/red29.jpg,img/red30.jpg,img/red31.jpg,img/red32.jpg,img/red33.jpg,img/red34.jpg,img/red35.jpg,img/red36.jpg,img/red37.jpg,img/red38.jpg,img/red39.jpg,img/red40.jpg,img/red41.jpg,img/red42.jpg,img/red43.jpg,img/red44.jpg,img/red45.jpg,img/red46.jpg,img/red47.jpg,img/red48.jpg,img/red49.jpg,img/red50.jpg","","response","{""index"":63,""type"":""experimental"",""array_length"":10,""meanVal"":23,""color"":""red""}","image-slider-response_noButton","<p>what was the average redness of the array?</p>","1","50","0","function morphedScaleRed() {
    // defining a few helper functions
    function nrange(size, startAt = 0) {
      return [...Array(size).keys()].map(i => i + startAt);
    };
  
    function fillArray(value, len) {
      var arr = [];
      for (var i = 0; i < len; i++) {
        arr.push(value);
      }
      return arr;
    };
  
    function generateSlices(vWidth, nSlices) {
      var step = vWidth*0.6/(nSlices-2);
      var stepArray = fillArray(step,nSlices-2)
      stepArray.unshift(0.2*vWidth)
      stepArray.push(0.2*vWidth)
  
      var bounds = [];
      
      for (var i = 0; i < nSlices; i++) {
        if (i==0) {
          bounds.push([(i*stepArray[i]), (i*stepArray[i])+stepArray[i]])
        } else if (i>0 && i!=nSlices-1) {
          bounds.push([(i*stepArray[i]+0.2*vWidth), (i*stepArray[i])+stepArray[i]+0.2*vWidth])
        } else {
          bounds.push([(vWidth-0.2*vWidth), vWidth])  
        }
      };
      return bounds;
    };
    
    // start trial timer
    var startTime = (new Date()).getTime();
    // get trial data
    var trialData = jsPsych.currentTrial();
  
    // remove the picture scales and the slider
    $('.jspsych-image-slider-response_noButton-container').css(""visibility"", ""hidden"");
    $('img').remove();
    
    // Remove mondrian background for rating phase
    $('body').css('background-image', 'none');
  
    var imgScale = getScaleRed();
    
    // derive the letter of the image filenames
    var imgBase = imgScale[0].split('img/')[1].split('.jpg')[0].replace(/\d+/g, '');
    
    // split the number of the image filenames off from the rest of it
    var nScale = [];
    for (var i = 0; i < imgScale.length-1; i++) {
      var n = imgScale[i].split('img/')[1].split('.jpg')[0].split(imgBase)[1];
      nScale.push(n);
    };
    
    // calculate the element width, and slice it up into sections
    var vWidth = $(document).width();
    var nSlices = nScale.length;
    var slices = generateSlices(vWidth, nSlices);
  
    // setting up initial vertical line to start the mousemove functionality
    var vHeight = $(document).height()-8;
    var lineSlice = vWidth / 10;
    var vertLine = `<div style=""border-left:black;border-style:solid;margin-left:${lineSlice}px; height:${vHeight}px;width:0px;position:absolute;"" id=""vertLine""></div>`;
    var linePrompt = `<div id=""linePrompt""><div style=""font-size:50px;position:absolute;margin-left:${lineSlice*1.3}px;margin-top:${vHeight/2}px""></div><div style=""position:absolute;margin-left:${lineSlice*1.2}px;margin-top:${vHeight/2}px;z-index:5;"">Move mouse left of the line to begin</div></div>`;
    $("".jspsych-content-wrapper"").prepend(vertLine);
    $("".jspsych-content-wrapper"").prepend(linePrompt);
    
    // hide prompt until the trial is begun
    $('#jspsych-content > p').css(""visibility"", ""hidden"");
  
    // initialize the central image with the most neutral one (i.e. from
    // the middle of the scale) and set the image to be blurred
    var initialImage = imgScale[0];
    $('#jspsych-image-slider-response_noButton-stimulus').append(`<img src=""${initialImage}"" style=""filter:blur(4px);visibility:hidden;"" id=""changeable-image""/>`);
  
    // ADD VISUAL SCALE SHOWING MIN/MAX
    var scaleWidth = vWidth * 0.6;
    var scaleLeft = vWidth * 0.2;
    var scaleHtml = `
      <div id=""scale-container"" style=""position:absolute; bottom:120px; left:${scaleLeft}px; width:${scaleWidth}px; height:30px; background-color:rgba(220,220,220,0.7); border-radius:5px; display:none; z-index:10;"">
        <div style=""position:absolute; left:0px; width:2px; height:30px; background-color:black;""></div>
        <div style=""position:absolute; left:0px; top:32px; font-size:12px; color:black;"">Min (1)</div>
        <div style=""position:absolute; right:0px; width:2px; height:30px; background-color:black;""></div>
        <div style=""position:absolute; right:0px; top:32px; font-size:12px; color:black;"">Max (50)</div>
        <div id=""current-marker"" style=""position:absolute; left:0px; width:2px; height:30px; background-color:red; display:none;""></div>
      </div>
    `;
    $("".jspsych-content-wrapper"").append(scaleHtml);
  
    // workaround with a global variable
    window.__imageMouseOver = {
      lineSlice: lineSlice,
      slices: slices,
      nScale: nScale,
      imgBase: imgBase,
      startTime: startTime,
      trialData: trialData,
      sliceSelected: 0,
    };
    var __listenerBools = {};
  
    // define mousemove event listener that changes image
    function changeImg(event) {
      var mouseX = Math.floor(event.pageX);
      
      // Show the scale after interaction begins
      $(""#scale-container"").css(""display"", ""block"");
      
      // Update current marker position based on mouse position
      var scaleWidth = $(""#scale-container"").width();
      var relativePos = Math.max(0, Math.min(mouseX - scaleLeft, scaleWidth));
      var percentPos = (relativePos / scaleWidth) * 100;
      
      $(""#current-marker"").css({
        ""left"": `${relativePos}px`,
        ""display"": ""block""
      });
      
      for (var i = 0; i < __imageMouseOver.slices.length; i++) {
        // if mouse X position is within the bounds of the X axis slice,
        // change the image to one that is indexed to that slice
        if (mouseX >= __imageMouseOver.slices[i][0] && mouseX <= __imageMouseOver.slices[i][1]) {
          // capture which slice is selected
          __imageMouseOver.sliceSelected = i;
          // update img src to the picture that corresponds to that slice
          $('#changeable-image').attr('src', `img/${__imageMouseOver.imgBase}${__imageMouseOver.nScale[i]}.jpg`);
        }
      };
    };
    
    // define the click listener that ends trial
    function clickHandler(event) {
      if (__listenerBools['mousemove']) {
        // derive trial data
        var trialData = __imageMouseOver.trialData;
        var end_time = (new Date()).getTime();
        var rt = end_time - __imageMouseOver.startTime;
        trialData['rt'] = rt;
        trialData['stimulus_duration'] = rt;
        trialData['trial_duration'] = rt;
        trialData['imageSelected'] = `${__imageMouseOver.imgBase}${__imageMouseOver.nScale[__imageMouseOver.sliceSelected]}.jpg`
        trialData['indexSelected'] = __imageMouseOver.sliceSelected;
        // turn off listeners
        $(document).off('mousemove');
        $(document).off('click');
        // clean up variable namespaces
        delete window.__imageMouseOver
        delete __listenerBools;
        // clean up scale
        $(""#scale-container"").remove();
        // finish the trial with trial data
        jsPsych.finishTrial(trialData);
      };
    };
  
    function verticalLineInit(event) {
      var mouseX = Math.floor(event.pageX);
      if (mouseX <= __imageMouseOver.lineSlice) {
        $(""#vertLine"").remove();
        $(""#linePrompt"").remove();
        $(""#jspsych-image-slider-response_noButton-stimulus > img"").css({
          ""filter"":""blur(0px)"",
          ""visibility"": ""visible"",
        });
        $('#jspsych-content > p').css(""visibility"", ""visible"");
        __listenerBools['mousemove'] = true;
        // turn off THIS mouse move listener
        $(document).off(""mousemove"");
        // turn on the mouse move listener that changes the image
        $(document).mousemove(changeImg);
        // add mouse click listener
        $(document).on('click', clickHandler);
      };
    };
  
    // turn on the vertical line mouse move listener
    $(document).mousemove(verticalLineInit);
  }","[object Object]","0","","Continue","6445","6445","true","red18.jpg","17","avg","500","red","10","[14,18,15,21,22,25,26,29,30,32]","23","three giraffes","76","red","",""
"html-keyboard-response","238","828961","0.0-238.0","573b8bc2f3580b0006ce0986","null","","","","<p style=""font-size: 48px;""> + </p>","null","fixation","","","","","","","","","","","","","","","","","","","","","","","","","red","",""
"html-keyboard-response","239","830474","0.0-239.0","573b8bc2f3580b0006ce0986","null","","","","<span class='grid'><div class='red' style='background-position:3000% 0%;margin-top:20px'></div> <div class='red' style='background-position:3400% 0%;margin-top:48px'></div> <div> </div> <div> </div> <div class='red' style='background-position:3900% 0%;margin-top:30px'></div> <div> </div> <div class='red' style='background-position:4100% 0%;margin-top:39px'></div> <div> </div> <div class='red' style='background-position:3500% 0%;margin-top:45px'></div> <div> </div> <div> </div> <div class='red' style='background-position:2300% 0%;margin-top:36px'></div> <div> </div> <div class='red' style='background-position:2400% 0%;margin-top:22px'></div> <div class='red' style='background-position:3100% 0%;margin-top:36px'></div> <div class='red' style='background-position:2700% 0%;margin-top:26px'></div> <div> </div> <div class='red' style='background-position:3800% 0%;margin-top:25px'></div></span>","null","stimulus","{""index"":63,""type"":""experimental"",""array_length"":10,""meanVal"":23,""color"":""red""}","","","","","","","","","","","","","","","","","","","","","","","","red","",""
"image-slider-response_noButton","240","834626","0.0-240.0","573b8bc2f3580b0006ce0986","4151","","","","img/red1.jpg,img/red2.jpg,img/red3.jpg,img/red4.jpg,img/red5.jpg,img/red6.jpg,img/red7.jpg,img/red8.jpg,img/red9.jpg,img/red10.jpg,img/red11.jpg,img/red12.jpg,img/red13.jpg,img/red14.jpg,img/red15.jpg,img/red16.jpg,img/red17.jpg,img/red18.jpg,img/red19.jpg,img/red20.jpg,img/red21.jpg,img/red22.jpg,img/red23.jpg,img/red24.jpg,img/red25.jpg,img/red26.jpg,img/red27.jpg,img/red28.jpg,img/red29.jpg,img/red30.jpg,img/red31.jpg,img/red32.jpg,img/red33.jpg,img/red34.jpg,img/red35.jpg,img/red36.jpg,img/red37.jpg,img/red38.jpg,img/red39.jpg,img/red40.jpg,img/red41.jpg,img/red42.jpg,img/red43.jpg,img/red44.jpg,img/red45.jpg,img/red46.jpg,img/red47.jpg,img/red48.jpg,img/red49.jpg,img/red50.jpg","","response","{""index"":64,""type"":""experimental"",""array_length"":10,""meanVal"":32,""color"":""red""}","image-slider-response_noButton","<p>what was the average redness of the array?</p>","1","50","0","function morphedScaleRed() {
    // defining a few helper functions
    function nrange(size, startAt = 0) {
      return [...Array(size).keys()].map(i => i + startAt);
    };
  
    function fillArray(value, len) {
      var arr = [];
      for (var i = 0; i < len; i++) {
        arr.push(value);
      }
      return arr;
    };
  
    function generateSlices(vWidth, nSlices) {
      var step = vWidth*0.6/(nSlices-2);
      var stepArray = fillArray(step,nSlices-2)
      stepArray.unshift(0.2*vWidth)
      stepArray.push(0.2*vWidth)
  
      var bounds = [];
      
      for (var i = 0; i < nSlices; i++) {
        if (i==0) {
          bounds.push([(i*stepArray[i]), (i*stepArray[i])+stepArray[i]])
        } else if (i>0 && i!=nSlices-1) {
          bounds.push([(i*stepArray[i]+0.2*vWidth), (i*stepArray[i])+stepArray[i]+0.2*vWidth])
        } else {
          bounds.push([(vWidth-0.2*vWidth), vWidth])  
        }
      };
      return bounds;
    };
    
    // start trial timer
    var startTime = (new Date()).getTime();
    // get trial data
    var trialData = jsPsych.currentTrial();
  
    // remove the picture scales and the slider
    $('.jspsych-image-slider-response_noButton-container').css(""visibility"", ""hidden"");
    $('img').remove();
    
    // Remove mondrian background for rating phase
    $('body').css('background-image', 'none');
  
    var imgScale = getScaleRed();
    
    // derive the letter of the image filenames
    var imgBase = imgScale[0].split('img/')[1].split('.jpg')[0].replace(/\d+/g, '');
    
    // split the number of the image filenames off from the rest of it
    var nScale = [];
    for (var i = 0; i < imgScale.length-1; i++) {
      var n = imgScale[i].split('img/')[1].split('.jpg')[0].split(imgBase)[1];
      nScale.push(n);
    };
    
    // calculate the element width, and slice it up into sections
    var vWidth = $(document).width();
    var nSlices = nScale.length;
    var slices = generateSlices(vWidth, nSlices);
  
    // setting up initial vertical line to start the mousemove functionality
    var vHeight = $(document).height()-8;
    var lineSlice = vWidth / 10;
    var vertLine = `<div style=""border-left:black;border-style:solid;margin-left:${lineSlice}px; height:${vHeight}px;width:0px;position:absolute;"" id=""vertLine""></div>`;
    var linePrompt = `<div id=""linePrompt""><div style=""font-size:50px;position:absolute;margin-left:${lineSlice*1.3}px;margin-top:${vHeight/2}px""></div><div style=""position:absolute;margin-left:${lineSlice*1.2}px;margin-top:${vHeight/2}px;z-index:5;"">Move mouse left of the line to begin</div></div>`;
    $("".jspsych-content-wrapper"").prepend(vertLine);
    $("".jspsych-content-wrapper"").prepend(linePrompt);
    
    // hide prompt until the trial is begun
    $('#jspsych-content > p').css(""visibility"", ""hidden"");
  
    // initialize the central image with the most neutral one (i.e. from
    // the middle of the scale) and set the image to be blurred
    var initialImage = imgScale[0];
    $('#jspsych-image-slider-response_noButton-stimulus').append(`<img src=""${initialImage}"" style=""filter:blur(4px);visibility:hidden;"" id=""changeable-image""/>`);
  
    // ADD VISUAL SCALE SHOWING MIN/MAX
    var scaleWidth = vWidth * 0.6;
    var scaleLeft = vWidth * 0.2;
    var scaleHtml = `
      <div id=""scale-container"" style=""position:absolute; bottom:120px; left:${scaleLeft}px; width:${scaleWidth}px; height:30px; background-color:rgba(220,220,220,0.7); border-radius:5px; display:none; z-index:10;"">
        <div style=""position:absolute; left:0px; width:2px; height:30px; background-color:black;""></div>
        <div style=""position:absolute; left:0px; top:32px; font-size:12px; color:black;"">Min (1)</div>
        <div style=""position:absolute; right:0px; width:2px; height:30px; background-color:black;""></div>
        <div style=""position:absolute; right:0px; top:32px; font-size:12px; color:black;"">Max (50)</div>
        <div id=""current-marker"" style=""position:absolute; left:0px; width:2px; height:30px; background-color:red; display:none;""></div>
      </div>
    `;
    $("".jspsych-content-wrapper"").append(scaleHtml);
  
    // workaround with a global variable
    window.__imageMouseOver = {
      lineSlice: lineSlice,
      slices: slices,
      nScale: nScale,
      imgBase: imgBase,
      startTime: startTime,
      trialData: trialData,
      sliceSelected: 0,
    };
    var __listenerBools = {};
  
    // define mousemove event listener that changes image
    function changeImg(event) {
      var mouseX = Math.floor(event.pageX);
      
      // Show the scale after interaction begins
      $(""#scale-container"").css(""display"", ""block"");
      
      // Update current marker position based on mouse position
      var scaleWidth = $(""#scale-container"").width();
      var relativePos = Math.max(0, Math.min(mouseX - scaleLeft, scaleWidth));
      var percentPos = (relativePos / scaleWidth) * 100;
      
      $(""#current-marker"").css({
        ""left"": `${relativePos}px`,
        ""display"": ""block""
      });
      
      for (var i = 0; i < __imageMouseOver.slices.length; i++) {
        // if mouse X position is within the bounds of the X axis slice,
        // change the image to one that is indexed to that slice
        if (mouseX >= __imageMouseOver.slices[i][0] && mouseX <= __imageMouseOver.slices[i][1]) {
          // capture which slice is selected
          __imageMouseOver.sliceSelected = i;
          // update img src to the picture that corresponds to that slice
          $('#changeable-image').attr('src', `img/${__imageMouseOver.imgBase}${__imageMouseOver.nScale[i]}.jpg`);
        }
      };
    };
    
    // define the click listener that ends trial
    function clickHandler(event) {
      if (__listenerBools['mousemove']) {
        // derive trial data
        var trialData = __imageMouseOver.trialData;
        var end_time = (new Date()).getTime();
        var rt = end_time - __imageMouseOver.startTime;
        trialData['rt'] = rt;
        trialData['stimulus_duration'] = rt;
        trialData['trial_duration'] = rt;
        trialData['imageSelected'] = `${__imageMouseOver.imgBase}${__imageMouseOver.nScale[__imageMouseOver.sliceSelected]}.jpg`
        trialData['indexSelected'] = __imageMouseOver.sliceSelected;
        // turn off listeners
        $(document).off('mousemove');
        $(document).off('click');
        // clean up variable namespaces
        delete window.__imageMouseOver
        delete __listenerBools;
        // clean up scale
        $(""#scale-container"").remove();
        // finish the trial with trial data
        jsPsych.finishTrial(trialData);
      };
    };
  
    function verticalLineInit(event) {
      var mouseX = Math.floor(event.pageX);
      if (mouseX <= __imageMouseOver.lineSlice) {
        $(""#vertLine"").remove();
        $(""#linePrompt"").remove();
        $(""#jspsych-image-slider-response_noButton-stimulus > img"").css({
          ""filter"":""blur(0px)"",
          ""visibility"": ""visible"",
        });
        $('#jspsych-content > p').css(""visibility"", ""visible"");
        __listenerBools['mousemove'] = true;
        // turn off THIS mouse move listener
        $(document).off(""mousemove"");
        // turn on the mouse move listener that changes the image
        $(document).mousemove(changeImg);
        // add mouse click listener
        $(document).on('click', clickHandler);
      };
    };
  
    // turn on the vertical line mouse move listener
    $(document).mousemove(verticalLineInit);
  }","[object Object]","0","","Continue","4151","4151","true","red20.jpg","19","avg","500","red","10","[23,27,24,30,31,34,35,38,39,41]","32","three giraffes","77","red","",""
"html-keyboard-response","241","835038","0.0-241.0","573b8bc2f3580b0006ce0986","null","","","","<p style=""font-size: 48px;""> + </p>","null","fixation","","","","","","","","","","","","","","","","","","","","","","","","","red","",""
"html-keyboard-response","242","836552","0.0-242.0","573b8bc2f3580b0006ce0986","null","","","","<span class='grid'><div class='red' style='background-position:2400% 0%;margin-top:48px'></div> <div class='red' style='background-position:2800% 0%;margin-top:49px'></div> <div> </div> <div class='red' style='background-position:1600% 0%;margin-top:45px'></div> <div class='red' style='background-position:3200% 0%;margin-top:37px'></div> <div class='red' style='background-position:2100% 0%;margin-top:39px'></div> <div class='red' style='background-position:2300% 0%;margin-top:23px'></div> <div class='red' style='background-position:2200% 0%;margin-top:49px'></div> <div class='red' style='background-position:1600% 0%;margin-top:25px'></div> <div> </div> <div class='red' style='background-position:1600% 0%;margin-top:45px'></div> <div class='red' style='background-position:1300% 0%;margin-top:47px'></div> <div class='red' style='background-position:2200% 0%;margin-top:46px'></div> <div class='red' style='background-position:2300% 0%;margin-top:23px'></div> <div class='red' style='background-position:2400% 0%;margin-top:29px'></div> <div class='red' style='background-position:1500% 0%;margin-top:47px'></div> <div class='red' style='background-position:1600% 0%;margin-top:39px'></div> <div class='red' style='background-position:1600% 0%;margin-top:26px'></div> <div> </div> <div class='red' style='background-position:2000% 0%;margin-top:37px'></div> <div class='red' style='background-position:3200% 0%;margin-top:23px'></div> <div class='red' style='background-position:2900% 0%;margin-top:31px'></div> <div class='red' style='background-position:2200% 0%;margin-top:25px'></div></span>","null","stimulus","{""index"":64,""type"":""experimental"",""array_length"":10,""meanVal"":32,""color"":""red""}","","","","","","","","","","","","","","","","","","","","","","","","red","",""
"image-slider-response_noButton","243","842925","0.0-243.0","573b8bc2f3580b0006ce0986","6372","","","","img/red1.jpg,img/red2.jpg,img/red3.jpg,img/red4.jpg,img/red5.jpg,img/red6.jpg,img/red7.jpg,img/red8.jpg,img/red9.jpg,img/red10.jpg,img/red11.jpg,img/red12.jpg,img/red13.jpg,img/red14.jpg,img/red15.jpg,img/red16.jpg,img/red17.jpg,img/red18.jpg,img/red19.jpg,img/red20.jpg,img/red21.jpg,img/red22.jpg,img/red23.jpg,img/red24.jpg,img/red25.jpg,img/red26.jpg,img/red27.jpg,img/red28.jpg,img/red29.jpg,img/red30.jpg,img/red31.jpg,img/red32.jpg,img/red33.jpg,img/red34.jpg,img/red35.jpg,img/red36.jpg,img/red37.jpg,img/red38.jpg,img/red39.jpg,img/red40.jpg,img/red41.jpg,img/red42.jpg,img/red43.jpg,img/red44.jpg,img/red45.jpg,img/red46.jpg,img/red47.jpg,img/red48.jpg,img/red49.jpg,img/red50.jpg","","response","{""index"":65,""type"":""experimental"",""array_length"":20,""meanVal"":23,""color"":""red""}","image-slider-response_noButton","<p>what was the average redness of the array?</p>","1","50","0","function morphedScaleRed() {
    // defining a few helper functions
    function nrange(size, startAt = 0) {
      return [...Array(size).keys()].map(i => i + startAt);
    };
  
    function fillArray(value, len) {
      var arr = [];
      for (var i = 0; i < len; i++) {
        arr.push(value);
      }
      return arr;
    };
  
    function generateSlices(vWidth, nSlices) {
      var step = vWidth*0.6/(nSlices-2);
      var stepArray = fillArray(step,nSlices-2)
      stepArray.unshift(0.2*vWidth)
      stepArray.push(0.2*vWidth)
  
      var bounds = [];
      
      for (var i = 0; i < nSlices; i++) {
        if (i==0) {
          bounds.push([(i*stepArray[i]), (i*stepArray[i])+stepArray[i]])
        } else if (i>0 && i!=nSlices-1) {
          bounds.push([(i*stepArray[i]+0.2*vWidth), (i*stepArray[i])+stepArray[i]+0.2*vWidth])
        } else {
          bounds.push([(vWidth-0.2*vWidth), vWidth])  
        }
      };
      return bounds;
    };
    
    // start trial timer
    var startTime = (new Date()).getTime();
    // get trial data
    var trialData = jsPsych.currentTrial();
  
    // remove the picture scales and the slider
    $('.jspsych-image-slider-response_noButton-container').css(""visibility"", ""hidden"");
    $('img').remove();
    
    // Remove mondrian background for rating phase
    $('body').css('background-image', 'none');
  
    var imgScale = getScaleRed();
    
    // derive the letter of the image filenames
    var imgBase = imgScale[0].split('img/')[1].split('.jpg')[0].replace(/\d+/g, '');
    
    // split the number of the image filenames off from the rest of it
    var nScale = [];
    for (var i = 0; i < imgScale.length-1; i++) {
      var n = imgScale[i].split('img/')[1].split('.jpg')[0].split(imgBase)[1];
      nScale.push(n);
    };
    
    // calculate the element width, and slice it up into sections
    var vWidth = $(document).width();
    var nSlices = nScale.length;
    var slices = generateSlices(vWidth, nSlices);
  
    // setting up initial vertical line to start the mousemove functionality
    var vHeight = $(document).height()-8;
    var lineSlice = vWidth / 10;
    var vertLine = `<div style=""border-left:black;border-style:solid;margin-left:${lineSlice}px; height:${vHeight}px;width:0px;position:absolute;"" id=""vertLine""></div>`;
    var linePrompt = `<div id=""linePrompt""><div style=""font-size:50px;position:absolute;margin-left:${lineSlice*1.3}px;margin-top:${vHeight/2}px""></div><div style=""position:absolute;margin-left:${lineSlice*1.2}px;margin-top:${vHeight/2}px;z-index:5;"">Move mouse left of the line to begin</div></div>`;
    $("".jspsych-content-wrapper"").prepend(vertLine);
    $("".jspsych-content-wrapper"").prepend(linePrompt);
    
    // hide prompt until the trial is begun
    $('#jspsych-content > p').css(""visibility"", ""hidden"");
  
    // initialize the central image with the most neutral one (i.e. from
    // the middle of the scale) and set the image to be blurred
    var initialImage = imgScale[0];
    $('#jspsych-image-slider-response_noButton-stimulus').append(`<img src=""${initialImage}"" style=""filter:blur(4px);visibility:hidden;"" id=""changeable-image""/>`);
  
    // ADD VISUAL SCALE SHOWING MIN/MAX
    var scaleWidth = vWidth * 0.6;
    var scaleLeft = vWidth * 0.2;
    var scaleHtml = `
      <div id=""scale-container"" style=""position:absolute; bottom:120px; left:${scaleLeft}px; width:${scaleWidth}px; height:30px; background-color:rgba(220,220,220,0.7); border-radius:5px; display:none; z-index:10;"">
        <div style=""position:absolute; left:0px; width:2px; height:30px; background-color:black;""></div>
        <div style=""position:absolute; left:0px; top:32px; font-size:12px; color:black;"">Min (1)</div>
        <div style=""position:absolute; right:0px; width:2px; height:30px; background-color:black;""></div>
        <div style=""position:absolute; right:0px; top:32px; font-size:12px; color:black;"">Max (50)</div>
        <div id=""current-marker"" style=""position:absolute; left:0px; width:2px; height:30px; background-color:red; display:none;""></div>
      </div>
    `;
    $("".jspsych-content-wrapper"").append(scaleHtml);
  
    // workaround with a global variable
    window.__imageMouseOver = {
      lineSlice: lineSlice,
      slices: slices,
      nScale: nScale,
      imgBase: imgBase,
      startTime: startTime,
      trialData: trialData,
      sliceSelected: 0,
    };
    var __listenerBools = {};
  
    // define mousemove event listener that changes image
    function changeImg(event) {
      var mouseX = Math.floor(event.pageX);
      
      // Show the scale after interaction begins
      $(""#scale-container"").css(""display"", ""block"");
      
      // Update current marker position based on mouse position
      var scaleWidth = $(""#scale-container"").width();
      var relativePos = Math.max(0, Math.min(mouseX - scaleLeft, scaleWidth));
      var percentPos = (relativePos / scaleWidth) * 100;
      
      $(""#current-marker"").css({
        ""left"": `${relativePos}px`,
        ""display"": ""block""
      });
      
      for (var i = 0; i < __imageMouseOver.slices.length; i++) {
        // if mouse X position is within the bounds of the X axis slice,
        // change the image to one that is indexed to that slice
        if (mouseX >= __imageMouseOver.slices[i][0] && mouseX <= __imageMouseOver.slices[i][1]) {
          // capture which slice is selected
          __imageMouseOver.sliceSelected = i;
          // update img src to the picture that corresponds to that slice
          $('#changeable-image').attr('src', `img/${__imageMouseOver.imgBase}${__imageMouseOver.nScale[i]}.jpg`);
        }
      };
    };
    
    // define the click listener that ends trial
    function clickHandler(event) {
      if (__listenerBools['mousemove']) {
        // derive trial data
        var trialData = __imageMouseOver.trialData;
        var end_time = (new Date()).getTime();
        var rt = end_time - __imageMouseOver.startTime;
        trialData['rt'] = rt;
        trialData['stimulus_duration'] = rt;
        trialData['trial_duration'] = rt;
        trialData['imageSelected'] = `${__imageMouseOver.imgBase}${__imageMouseOver.nScale[__imageMouseOver.sliceSelected]}.jpg`
        trialData['indexSelected'] = __imageMouseOver.sliceSelected;
        // turn off listeners
        $(document).off('mousemove');
        $(document).off('click');
        // clean up variable namespaces
        delete window.__imageMouseOver
        delete __listenerBools;
        // clean up scale
        $(""#scale-container"").remove();
        // finish the trial with trial data
        jsPsych.finishTrial(trialData);
      };
    };
  
    function verticalLineInit(event) {
      var mouseX = Math.floor(event.pageX);
      if (mouseX <= __imageMouseOver.lineSlice) {
        $(""#vertLine"").remove();
        $(""#linePrompt"").remove();
        $(""#jspsych-image-slider-response_noButton-stimulus > img"").css({
          ""filter"":""blur(0px)"",
          ""visibility"": ""visible"",
        });
        $('#jspsych-content > p').css(""visibility"", ""visible"");
        __listenerBools['mousemove'] = true;
        // turn off THIS mouse move listener
        $(document).off(""mousemove"");
        // turn on the mouse move listener that changes the image
        $(document).mousemove(changeImg);
        // add mouse click listener
        $(document).on('click', clickHandler);
      };
    };
  
    // turn on the vertical line mouse move listener
    $(document).mousemove(verticalLineInit);
  }","[object Object]","0","","Continue","6372","6372","true","red21.jpg","20","avg","400","red","20","[13,15,16,16,16,16,16,20,21,22,22,22,23,23,24,24,28,29,32,32]","23","three giraffes","78","red","",""
"html-keyboard-response","244","843327","0.0-244.0","573b8bc2f3580b0006ce0986","null","","","","<p style=""font-size: 48px;""> + </p>","null","fixation","","","","","","","","","","","","","","","","","","","","","","","","","red","",""
"html-keyboard-response","245","844840","0.0-245.0","573b8bc2f3580b0006ce0986","null","","","","<span class='grid'><div class='red' style='background-position:2400% 0%;margin-top:24px'></div> <div class='red' style='background-position:2400% 0%;margin-top:21px'></div> <div> </div> <div class='red' style='background-position:3600% 0%;margin-top:41px'></div> <div> </div> <div class='red' style='background-position:3000% 0%;margin-top:33px'></div> <div class='red' style='background-position:2100% 0%;margin-top:26px'></div> <div class='red' style='background-position:3200% 0%;margin-top:33px'></div> <div class='red' style='background-position:4000% 0%;margin-top:30px'></div> <div class='red' style='background-position:3000% 0%;margin-top:26px'></div> <div class='red' style='background-position:3700% 0%;margin-top:44px'></div> <div class='red' style='background-position:2400% 0%;margin-top:24px'></div> <div class='red' style='background-position:2300% 0%;margin-top:28px'></div> <div class='red' style='background-position:2400% 0%;margin-top:43px'></div> <div class='red' style='background-position:2900% 0%;margin-top:48px'></div> <div class='red' style='background-position:3200% 0%;margin-top:37px'></div> <div class='red' style='background-position:3100% 0%;margin-top:20px'></div> <div class='red' style='background-position:2400% 0%;margin-top:40px'></div> <div class='red' style='background-position:3100% 0%;margin-top:41px'></div> <div> </div> <div class='red' style='background-position:2800% 0%;margin-top:46px'></div> <div class='red' style='background-position:4000% 0%;margin-top:37px'></div> <div class='red' style='background-position:3000% 0%;margin-top:47px'></div></span>","null","stimulus","{""index"":65,""type"":""experimental"",""array_length"":20,""meanVal"":23,""color"":""red""}","","","","","","","","","","","","","","","","","","","","","","","","red","",""
"image-slider-response_noButton","246","850600","0.0-246.0","573b8bc2f3580b0006ce0986","5759","","","","img/red1.jpg,img/red2.jpg,img/red3.jpg,img/red4.jpg,img/red5.jpg,img/red6.jpg,img/red7.jpg,img/red8.jpg,img/red9.jpg,img/red10.jpg,img/red11.jpg,img/red12.jpg,img/red13.jpg,img/red14.jpg,img/red15.jpg,img/red16.jpg,img/red17.jpg,img/red18.jpg,img/red19.jpg,img/red20.jpg,img/red21.jpg,img/red22.jpg,img/red23.jpg,img/red24.jpg,img/red25.jpg,img/red26.jpg,img/red27.jpg,img/red28.jpg,img/red29.jpg,img/red30.jpg,img/red31.jpg,img/red32.jpg,img/red33.jpg,img/red34.jpg,img/red35.jpg,img/red36.jpg,img/red37.jpg,img/red38.jpg,img/red39.jpg,img/red40.jpg,img/red41.jpg,img/red42.jpg,img/red43.jpg,img/red44.jpg,img/red45.jpg,img/red46.jpg,img/red47.jpg,img/red48.jpg,img/red49.jpg,img/red50.jpg","","response","{""index"":66,""type"":""experimental"",""array_length"":20,""meanVal"":31,""color"":""red""}","image-slider-response_noButton","<p>what was the average redness of the array?</p>","1","50","0","function morphedScaleRed() {
    // defining a few helper functions
    function nrange(size, startAt = 0) {
      return [...Array(size).keys()].map(i => i + startAt);
    };
  
    function fillArray(value, len) {
      var arr = [];
      for (var i = 0; i < len; i++) {
        arr.push(value);
      }
      return arr;
    };
  
    function generateSlices(vWidth, nSlices) {
      var step = vWidth*0.6/(nSlices-2);
      var stepArray = fillArray(step,nSlices-2)
      stepArray.unshift(0.2*vWidth)
      stepArray.push(0.2*vWidth)
  
      var bounds = [];
      
      for (var i = 0; i < nSlices; i++) {
        if (i==0) {
          bounds.push([(i*stepArray[i]), (i*stepArray[i])+stepArray[i]])
        } else if (i>0 && i!=nSlices-1) {
          bounds.push([(i*stepArray[i]+0.2*vWidth), (i*stepArray[i])+stepArray[i]+0.2*vWidth])
        } else {
          bounds.push([(vWidth-0.2*vWidth), vWidth])  
        }
      };
      return bounds;
    };
    
    // start trial timer
    var startTime = (new Date()).getTime();
    // get trial data
    var trialData = jsPsych.currentTrial();
  
    // remove the picture scales and the slider
    $('.jspsych-image-slider-response_noButton-container').css(""visibility"", ""hidden"");
    $('img').remove();
    
    // Remove mondrian background for rating phase
    $('body').css('background-image', 'none');
  
    var imgScale = getScaleRed();
    
    // derive the letter of the image filenames
    var imgBase = imgScale[0].split('img/')[1].split('.jpg')[0].replace(/\d+/g, '');
    
    // split the number of the image filenames off from the rest of it
    var nScale = [];
    for (var i = 0; i < imgScale.length-1; i++) {
      var n = imgScale[i].split('img/')[1].split('.jpg')[0].split(imgBase)[1];
      nScale.push(n);
    };
    
    // calculate the element width, and slice it up into sections
    var vWidth = $(document).width();
    var nSlices = nScale.length;
    var slices = generateSlices(vWidth, nSlices);
  
    // setting up initial vertical line to start the mousemove functionality
    var vHeight = $(document).height()-8;
    var lineSlice = vWidth / 10;
    var vertLine = `<div style=""border-left:black;border-style:solid;margin-left:${lineSlice}px; height:${vHeight}px;width:0px;position:absolute;"" id=""vertLine""></div>`;
    var linePrompt = `<div id=""linePrompt""><div style=""font-size:50px;position:absolute;margin-left:${lineSlice*1.3}px;margin-top:${vHeight/2}px""></div><div style=""position:absolute;margin-left:${lineSlice*1.2}px;margin-top:${vHeight/2}px;z-index:5;"">Move mouse left of the line to begin</div></div>`;
    $("".jspsych-content-wrapper"").prepend(vertLine);
    $("".jspsych-content-wrapper"").prepend(linePrompt);
    
    // hide prompt until the trial is begun
    $('#jspsych-content > p').css(""visibility"", ""hidden"");
  
    // initialize the central image with the most neutral one (i.e. from
    // the middle of the scale) and set the image to be blurred
    var initialImage = imgScale[0];
    $('#jspsych-image-slider-response_noButton-stimulus').append(`<img src=""${initialImage}"" style=""filter:blur(4px);visibility:hidden;"" id=""changeable-image""/>`);
  
    // ADD VISUAL SCALE SHOWING MIN/MAX
    var scaleWidth = vWidth * 0.6;
    var scaleLeft = vWidth * 0.2;
    var scaleHtml = `
      <div id=""scale-container"" style=""position:absolute; bottom:120px; left:${scaleLeft}px; width:${scaleWidth}px; height:30px; background-color:rgba(220,220,220,0.7); border-radius:5px; display:none; z-index:10;"">
        <div style=""position:absolute; left:0px; width:2px; height:30px; background-color:black;""></div>
        <div style=""position:absolute; left:0px; top:32px; font-size:12px; color:black;"">Min (1)</div>
        <div style=""position:absolute; right:0px; width:2px; height:30px; background-color:black;""></div>
        <div style=""position:absolute; right:0px; top:32px; font-size:12px; color:black;"">Max (50)</div>
        <div id=""current-marker"" style=""position:absolute; left:0px; width:2px; height:30px; background-color:red; display:none;""></div>
      </div>
    `;
    $("".jspsych-content-wrapper"").append(scaleHtml);
  
    // workaround with a global variable
    window.__imageMouseOver = {
      lineSlice: lineSlice,
      slices: slices,
      nScale: nScale,
      imgBase: imgBase,
      startTime: startTime,
      trialData: trialData,
      sliceSelected: 0,
    };
    var __listenerBools = {};
  
    // define mousemove event listener that changes image
    function changeImg(event) {
      var mouseX = Math.floor(event.pageX);
      
      // Show the scale after interaction begins
      $(""#scale-container"").css(""display"", ""block"");
      
      // Update current marker position based on mouse position
      var scaleWidth = $(""#scale-container"").width();
      var relativePos = Math.max(0, Math.min(mouseX - scaleLeft, scaleWidth));
      var percentPos = (relativePos / scaleWidth) * 100;
      
      $(""#current-marker"").css({
        ""left"": `${relativePos}px`,
        ""display"": ""block""
      });
      
      for (var i = 0; i < __imageMouseOver.slices.length; i++) {
        // if mouse X position is within the bounds of the X axis slice,
        // change the image to one that is indexed to that slice
        if (mouseX >= __imageMouseOver.slices[i][0] && mouseX <= __imageMouseOver.slices[i][1]) {
          // capture which slice is selected
          __imageMouseOver.sliceSelected = i;
          // update img src to the picture that corresponds to that slice
          $('#changeable-image').attr('src', `img/${__imageMouseOver.imgBase}${__imageMouseOver.nScale[i]}.jpg`);
        }
      };
    };
    
    // define the click listener that ends trial
    function clickHandler(event) {
      if (__listenerBools['mousemove']) {
        // derive trial data
        var trialData = __imageMouseOver.trialData;
        var end_time = (new Date()).getTime();
        var rt = end_time - __imageMouseOver.startTime;
        trialData['rt'] = rt;
        trialData['stimulus_duration'] = rt;
        trialData['trial_duration'] = rt;
        trialData['imageSelected'] = `${__imageMouseOver.imgBase}${__imageMouseOver.nScale[__imageMouseOver.sliceSelected]}.jpg`
        trialData['indexSelected'] = __imageMouseOver.sliceSelected;
        // turn off listeners
        $(document).off('mousemove');
        $(document).off('click');
        // clean up variable namespaces
        delete window.__imageMouseOver
        delete __listenerBools;
        // clean up scale
        $(""#scale-container"").remove();
        // finish the trial with trial data
        jsPsych.finishTrial(trialData);
      };
    };
  
    function verticalLineInit(event) {
      var mouseX = Math.floor(event.pageX);
      if (mouseX <= __imageMouseOver.lineSlice) {
        $(""#vertLine"").remove();
        $(""#linePrompt"").remove();
        $(""#jspsych-image-slider-response_noButton-stimulus > img"").css({
          ""filter"":""blur(0px)"",
          ""visibility"": ""visible"",
        });
        $('#jspsych-content > p').css(""visibility"", ""visible"");
        __listenerBools['mousemove'] = true;
        // turn off THIS mouse move listener
        $(document).off(""mousemove"");
        // turn on the mouse move listener that changes the image
        $(document).mousemove(changeImg);
        // add mouse click listener
        $(document).on('click', clickHandler);
      };
    };
  
    // turn on the vertical line mouse move listener
    $(document).mousemove(verticalLineInit);
  }","[object Object]","0","","Continue","5759","5759","true","red23.jpg","22","avg","400","red","20","[21,23,24,24,24,24,24,28,29,30,30,30,31,31,32,32,36,37,40,40]","31","three giraffes","79","red","",""
"html-keyboard-response","247","851006","0.0-247.0","573b8bc2f3580b0006ce0986","null","","","","<p style=""font-size: 48px;""> + </p>","null","fixation","","","","","","","","","","","","","","","","","","","","","","","","","red","",""
"html-keyboard-response","248","852523","0.0-248.0","573b8bc2f3580b0006ce0986","null","","","","<span class='grid'><div> </div> <div> </div> <div> </div> <div> </div> <div class='red' style='background-position:2500% 0%;margin-top:38px'></div> <div> </div> <div class='red' style='background-position:3300% 0%;margin-top:43px'></div> <div> </div> <div> </div> <div> </div> <div> </div> <div> </div> <div> </div> <div> </div></span>","null","stimulus","{""index"":66,""type"":""experimental"",""array_length"":20,""meanVal"":31,""color"":""red""}","","","","","","","","","","","","","","","","","","","","","","","","red","",""
"image-slider-response_noButton","249","857474","0.0-249.0","573b8bc2f3580b0006ce0986","4949","","","","img/red1.jpg,img/red2.jpg,img/red3.jpg,img/red4.jpg,img/red5.jpg,img/red6.jpg,img/red7.jpg,img/red8.jpg,img/red9.jpg,img/red10.jpg,img/red11.jpg,img/red12.jpg,img/red13.jpg,img/red14.jpg,img/red15.jpg,img/red16.jpg,img/red17.jpg,img/red18.jpg,img/red19.jpg,img/red20.jpg,img/red21.jpg,img/red22.jpg,img/red23.jpg,img/red24.jpg,img/red25.jpg,img/red26.jpg,img/red27.jpg,img/red28.jpg,img/red29.jpg,img/red30.jpg,img/red31.jpg,img/red32.jpg,img/red33.jpg,img/red34.jpg,img/red35.jpg,img/red36.jpg,img/red37.jpg,img/red38.jpg,img/red39.jpg,img/red40.jpg,img/red41.jpg,img/red42.jpg,img/red43.jpg,img/red44.jpg,img/red45.jpg,img/red46.jpg,img/red47.jpg,img/red48.jpg,img/red49.jpg,img/red50.jpg","","response","{""index"":67,""type"":""experimental"",""array_length"":2,""meanVal"":29,""color"":""red""}","image-slider-response_noButton","<p>what was the average redness of the array?</p>","1","50","0","function morphedScaleRed() {
    // defining a few helper functions
    function nrange(size, startAt = 0) {
      return [...Array(size).keys()].map(i => i + startAt);
    };
  
    function fillArray(value, len) {
      var arr = [];
      for (var i = 0; i < len; i++) {
        arr.push(value);
      }
      return arr;
    };
  
    function generateSlices(vWidth, nSlices) {
      var step = vWidth*0.6/(nSlices-2);
      var stepArray = fillArray(step,nSlices-2)
      stepArray.unshift(0.2*vWidth)
      stepArray.push(0.2*vWidth)
  
      var bounds = [];
      
      for (var i = 0; i < nSlices; i++) {
        if (i==0) {
          bounds.push([(i*stepArray[i]), (i*stepArray[i])+stepArray[i]])
        } else if (i>0 && i!=nSlices-1) {
          bounds.push([(i*stepArray[i]+0.2*vWidth), (i*stepArray[i])+stepArray[i]+0.2*vWidth])
        } else {
          bounds.push([(vWidth-0.2*vWidth), vWidth])  
        }
      };
      return bounds;
    };
    
    // start trial timer
    var startTime = (new Date()).getTime();
    // get trial data
    var trialData = jsPsych.currentTrial();
  
    // remove the picture scales and the slider
    $('.jspsych-image-slider-response_noButton-container').css(""visibility"", ""hidden"");
    $('img').remove();
    
    // Remove mondrian background for rating phase
    $('body').css('background-image', 'none');
  
    var imgScale = getScaleRed();
    
    // derive the letter of the image filenames
    var imgBase = imgScale[0].split('img/')[1].split('.jpg')[0].replace(/\d+/g, '');
    
    // split the number of the image filenames off from the rest of it
    var nScale = [];
    for (var i = 0; i < imgScale.length-1; i++) {
      var n = imgScale[i].split('img/')[1].split('.jpg')[0].split(imgBase)[1];
      nScale.push(n);
    };
    
    // calculate the element width, and slice it up into sections
    var vWidth = $(document).width();
    var nSlices = nScale.length;
    var slices = generateSlices(vWidth, nSlices);
  
    // setting up initial vertical line to start the mousemove functionality
    var vHeight = $(document).height()-8;
    var lineSlice = vWidth / 10;
    var vertLine = `<div style=""border-left:black;border-style:solid;margin-left:${lineSlice}px; height:${vHeight}px;width:0px;position:absolute;"" id=""vertLine""></div>`;
    var linePrompt = `<div id=""linePrompt""><div style=""font-size:50px;position:absolute;margin-left:${lineSlice*1.3}px;margin-top:${vHeight/2}px""></div><div style=""position:absolute;margin-left:${lineSlice*1.2}px;margin-top:${vHeight/2}px;z-index:5;"">Move mouse left of the line to begin</div></div>`;
    $("".jspsych-content-wrapper"").prepend(vertLine);
    $("".jspsych-content-wrapper"").prepend(linePrompt);
    
    // hide prompt until the trial is begun
    $('#jspsych-content > p').css(""visibility"", ""hidden"");
  
    // initialize the central image with the most neutral one (i.e. from
    // the middle of the scale) and set the image to be blurred
    var initialImage = imgScale[0];
    $('#jspsych-image-slider-response_noButton-stimulus').append(`<img src=""${initialImage}"" style=""filter:blur(4px);visibility:hidden;"" id=""changeable-image""/>`);
  
    // ADD VISUAL SCALE SHOWING MIN/MAX
    var scaleWidth = vWidth * 0.6;
    var scaleLeft = vWidth * 0.2;
    var scaleHtml = `
      <div id=""scale-container"" style=""position:absolute; bottom:120px; left:${scaleLeft}px; width:${scaleWidth}px; height:30px; background-color:rgba(220,220,220,0.7); border-radius:5px; display:none; z-index:10;"">
        <div style=""position:absolute; left:0px; width:2px; height:30px; background-color:black;""></div>
        <div style=""position:absolute; left:0px; top:32px; font-size:12px; color:black;"">Min (1)</div>
        <div style=""position:absolute; right:0px; width:2px; height:30px; background-color:black;""></div>
        <div style=""position:absolute; right:0px; top:32px; font-size:12px; color:black;"">Max (50)</div>
        <div id=""current-marker"" style=""position:absolute; left:0px; width:2px; height:30px; background-color:red; display:none;""></div>
      </div>
    `;
    $("".jspsych-content-wrapper"").append(scaleHtml);
  
    // workaround with a global variable
    window.__imageMouseOver = {
      lineSlice: lineSlice,
      slices: slices,
      nScale: nScale,
      imgBase: imgBase,
      startTime: startTime,
      trialData: trialData,
      sliceSelected: 0,
    };
    var __listenerBools = {};
  
    // define mousemove event listener that changes image
    function changeImg(event) {
      var mouseX = Math.floor(event.pageX);
      
      // Show the scale after interaction begins
      $(""#scale-container"").css(""display"", ""block"");
      
      // Update current marker position based on mouse position
      var scaleWidth = $(""#scale-container"").width();
      var relativePos = Math.max(0, Math.min(mouseX - scaleLeft, scaleWidth));
      var percentPos = (relativePos / scaleWidth) * 100;
      
      $(""#current-marker"").css({
        ""left"": `${relativePos}px`,
        ""display"": ""block""
      });
      
      for (var i = 0; i < __imageMouseOver.slices.length; i++) {
        // if mouse X position is within the bounds of the X axis slice,
        // change the image to one that is indexed to that slice
        if (mouseX >= __imageMouseOver.slices[i][0] && mouseX <= __imageMouseOver.slices[i][1]) {
          // capture which slice is selected
          __imageMouseOver.sliceSelected = i;
          // update img src to the picture that corresponds to that slice
          $('#changeable-image').attr('src', `img/${__imageMouseOver.imgBase}${__imageMouseOver.nScale[i]}.jpg`);
        }
      };
    };
    
    // define the click listener that ends trial
    function clickHandler(event) {
      if (__listenerBools['mousemove']) {
        // derive trial data
        var trialData = __imageMouseOver.trialData;
        var end_time = (new Date()).getTime();
        var rt = end_time - __imageMouseOver.startTime;
        trialData['rt'] = rt;
        trialData['stimulus_duration'] = rt;
        trialData['trial_duration'] = rt;
        trialData['imageSelected'] = `${__imageMouseOver.imgBase}${__imageMouseOver.nScale[__imageMouseOver.sliceSelected]}.jpg`
        trialData['indexSelected'] = __imageMouseOver.sliceSelected;
        // turn off listeners
        $(document).off('mousemove');
        $(document).off('click');
        // clean up variable namespaces
        delete window.__imageMouseOver
        delete __listenerBools;
        // clean up scale
        $(""#scale-container"").remove();
        // finish the trial with trial data
        jsPsych.finishTrial(trialData);
      };
    };
  
    function verticalLineInit(event) {
      var mouseX = Math.floor(event.pageX);
      if (mouseX <= __imageMouseOver.lineSlice) {
        $(""#vertLine"").remove();
        $(""#linePrompt"").remove();
        $(""#jspsych-image-slider-response_noButton-stimulus > img"").css({
          ""filter"":""blur(0px)"",
          ""visibility"": ""visible"",
        });
        $('#jspsych-content > p').css(""visibility"", ""visible"");
        __listenerBools['mousemove'] = true;
        // turn off THIS mouse move listener
        $(document).off(""mousemove"");
        // turn on the mouse move listener that changes the image
        $(document).mousemove(changeImg);
        // add mouse click listener
        $(document).on('click', clickHandler);
      };
    };
  
    // turn on the vertical line mouse move listener
    $(document).mousemove(verticalLineInit);
  }","[object Object]","0","","Continue","4949","4949","true","red24.jpg","23","avg","400","red","2","[25,33]","29","three giraffes","80","red","",""
"html-keyboard-response","250","858076","0.0-250.0","573b8bc2f3580b0006ce0986","null","","","","<p style=""font-size: 48px;""> + </p>","null","fixation","","","","","","","","","","","","","","","","","","","","","","","","","red","",""
"html-keyboard-response","251","859586","0.0-251.0","573b8bc2f3580b0006ce0986","null","","","","<span class='grid'><div class='red' style='background-position:1300% 0%;margin-top:28px'></div> <div> </div> <div> </div> <div> </div> <div> </div> <div> </div> <div> </div> <div> </div> <div class='red' style='background-position:2100% 0%;margin-top:21px'></div> <div> </div> <div> </div> <div> </div> <div> </div> <div> </div></span>","null","stimulus","{""index"":67,""type"":""experimental"",""array_length"":2,""meanVal"":29,""color"":""red""}","","","","","","","","","","","","","","","","","","","","","","","","red","",""
"image-slider-response_noButton","252","864648","0.0-252.0","573b8bc2f3580b0006ce0986","5060","","","","img/red1.jpg,img/red2.jpg,img/red3.jpg,img/red4.jpg,img/red5.jpg,img/red6.jpg,img/red7.jpg,img/red8.jpg,img/red9.jpg,img/red10.jpg,img/red11.jpg,img/red12.jpg,img/red13.jpg,img/red14.jpg,img/red15.jpg,img/red16.jpg,img/red17.jpg,img/red18.jpg,img/red19.jpg,img/red20.jpg,img/red21.jpg,img/red22.jpg,img/red23.jpg,img/red24.jpg,img/red25.jpg,img/red26.jpg,img/red27.jpg,img/red28.jpg,img/red29.jpg,img/red30.jpg,img/red31.jpg,img/red32.jpg,img/red33.jpg,img/red34.jpg,img/red35.jpg,img/red36.jpg,img/red37.jpg,img/red38.jpg,img/red39.jpg,img/red40.jpg,img/red41.jpg,img/red42.jpg,img/red43.jpg,img/red44.jpg,img/red45.jpg,img/red46.jpg,img/red47.jpg,img/red48.jpg,img/red49.jpg,img/red50.jpg","","response","{""index"":68,""type"":""experimental"",""array_length"":2,""meanVal"":17,""color"":""red""}","image-slider-response_noButton","<p>what was the average redness of the array?</p>","1","50","0","function morphedScaleRed() {
    // defining a few helper functions
    function nrange(size, startAt = 0) {
      return [...Array(size).keys()].map(i => i + startAt);
    };
  
    function fillArray(value, len) {
      var arr = [];
      for (var i = 0; i < len; i++) {
        arr.push(value);
      }
      return arr;
    };
  
    function generateSlices(vWidth, nSlices) {
      var step = vWidth*0.6/(nSlices-2);
      var stepArray = fillArray(step,nSlices-2)
      stepArray.unshift(0.2*vWidth)
      stepArray.push(0.2*vWidth)
  
      var bounds = [];
      
      for (var i = 0; i < nSlices; i++) {
        if (i==0) {
          bounds.push([(i*stepArray[i]), (i*stepArray[i])+stepArray[i]])
        } else if (i>0 && i!=nSlices-1) {
          bounds.push([(i*stepArray[i]+0.2*vWidth), (i*stepArray[i])+stepArray[i]+0.2*vWidth])
        } else {
          bounds.push([(vWidth-0.2*vWidth), vWidth])  
        }
      };
      return bounds;
    };
    
    // start trial timer
    var startTime = (new Date()).getTime();
    // get trial data
    var trialData = jsPsych.currentTrial();
  
    // remove the picture scales and the slider
    $('.jspsych-image-slider-response_noButton-container').css(""visibility"", ""hidden"");
    $('img').remove();
    
    // Remove mondrian background for rating phase
    $('body').css('background-image', 'none');
  
    var imgScale = getScaleRed();
    
    // derive the letter of the image filenames
    var imgBase = imgScale[0].split('img/')[1].split('.jpg')[0].replace(/\d+/g, '');
    
    // split the number of the image filenames off from the rest of it
    var nScale = [];
    for (var i = 0; i < imgScale.length-1; i++) {
      var n = imgScale[i].split('img/')[1].split('.jpg')[0].split(imgBase)[1];
      nScale.push(n);
    };
    
    // calculate the element width, and slice it up into sections
    var vWidth = $(document).width();
    var nSlices = nScale.length;
    var slices = generateSlices(vWidth, nSlices);
  
    // setting up initial vertical line to start the mousemove functionality
    var vHeight = $(document).height()-8;
    var lineSlice = vWidth / 10;
    var vertLine = `<div style=""border-left:black;border-style:solid;margin-left:${lineSlice}px; height:${vHeight}px;width:0px;position:absolute;"" id=""vertLine""></div>`;
    var linePrompt = `<div id=""linePrompt""><div style=""font-size:50px;position:absolute;margin-left:${lineSlice*1.3}px;margin-top:${vHeight/2}px""></div><div style=""position:absolute;margin-left:${lineSlice*1.2}px;margin-top:${vHeight/2}px;z-index:5;"">Move mouse left of the line to begin</div></div>`;
    $("".jspsych-content-wrapper"").prepend(vertLine);
    $("".jspsych-content-wrapper"").prepend(linePrompt);
    
    // hide prompt until the trial is begun
    $('#jspsych-content > p').css(""visibility"", ""hidden"");
  
    // initialize the central image with the most neutral one (i.e. from
    // the middle of the scale) and set the image to be blurred
    var initialImage = imgScale[0];
    $('#jspsych-image-slider-response_noButton-stimulus').append(`<img src=""${initialImage}"" style=""filter:blur(4px);visibility:hidden;"" id=""changeable-image""/>`);
  
    // ADD VISUAL SCALE SHOWING MIN/MAX
    var scaleWidth = vWidth * 0.6;
    var scaleLeft = vWidth * 0.2;
    var scaleHtml = `
      <div id=""scale-container"" style=""position:absolute; bottom:120px; left:${scaleLeft}px; width:${scaleWidth}px; height:30px; background-color:rgba(220,220,220,0.7); border-radius:5px; display:none; z-index:10;"">
        <div style=""position:absolute; left:0px; width:2px; height:30px; background-color:black;""></div>
        <div style=""position:absolute; left:0px; top:32px; font-size:12px; color:black;"">Min (1)</div>
        <div style=""position:absolute; right:0px; width:2px; height:30px; background-color:black;""></div>
        <div style=""position:absolute; right:0px; top:32px; font-size:12px; color:black;"">Max (50)</div>
        <div id=""current-marker"" style=""position:absolute; left:0px; width:2px; height:30px; background-color:red; display:none;""></div>
      </div>
    `;
    $("".jspsych-content-wrapper"").append(scaleHtml);
  
    // workaround with a global variable
    window.__imageMouseOver = {
      lineSlice: lineSlice,
      slices: slices,
      nScale: nScale,
      imgBase: imgBase,
      startTime: startTime,
      trialData: trialData,
      sliceSelected: 0,
    };
    var __listenerBools = {};
  
    // define mousemove event listener that changes image
    function changeImg(event) {
      var mouseX = Math.floor(event.pageX);
      
      // Show the scale after interaction begins
      $(""#scale-container"").css(""display"", ""block"");
      
      // Update current marker position based on mouse position
      var scaleWidth = $(""#scale-container"").width();
      var relativePos = Math.max(0, Math.min(mouseX - scaleLeft, scaleWidth));
      var percentPos = (relativePos / scaleWidth) * 100;
      
      $(""#current-marker"").css({
        ""left"": `${relativePos}px`,
        ""display"": ""block""
      });
      
      for (var i = 0; i < __imageMouseOver.slices.length; i++) {
        // if mouse X position is within the bounds of the X axis slice,
        // change the image to one that is indexed to that slice
        if (mouseX >= __imageMouseOver.slices[i][0] && mouseX <= __imageMouseOver.slices[i][1]) {
          // capture which slice is selected
          __imageMouseOver.sliceSelected = i;
          // update img src to the picture that corresponds to that slice
          $('#changeable-image').attr('src', `img/${__imageMouseOver.imgBase}${__imageMouseOver.nScale[i]}.jpg`);
        }
      };
    };
    
    // define the click listener that ends trial
    function clickHandler(event) {
      if (__listenerBools['mousemove']) {
        // derive trial data
        var trialData = __imageMouseOver.trialData;
        var end_time = (new Date()).getTime();
        var rt = end_time - __imageMouseOver.startTime;
        trialData['rt'] = rt;
        trialData['stimulus_duration'] = rt;
        trialData['trial_duration'] = rt;
        trialData['imageSelected'] = `${__imageMouseOver.imgBase}${__imageMouseOver.nScale[__imageMouseOver.sliceSelected]}.jpg`
        trialData['indexSelected'] = __imageMouseOver.sliceSelected;
        // turn off listeners
        $(document).off('mousemove');
        $(document).off('click');
        // clean up variable namespaces
        delete window.__imageMouseOver
        delete __listenerBools;
        // clean up scale
        $(""#scale-container"").remove();
        // finish the trial with trial data
        jsPsych.finishTrial(trialData);
      };
    };
  
    function verticalLineInit(event) {
      var mouseX = Math.floor(event.pageX);
      if (mouseX <= __imageMouseOver.lineSlice) {
        $(""#vertLine"").remove();
        $(""#linePrompt"").remove();
        $(""#jspsych-image-slider-response_noButton-stimulus > img"").css({
          ""filter"":""blur(0px)"",
          ""visibility"": ""visible"",
        });
        $('#jspsych-content > p').css(""visibility"", ""visible"");
        __listenerBools['mousemove'] = true;
        // turn off THIS mouse move listener
        $(document).off(""mousemove"");
        // turn on the mouse move listener that changes the image
        $(document).mousemove(changeImg);
        // add mouse click listener
        $(document).on('click', clickHandler);
      };
    };
  
    // turn on the vertical line mouse move listener
    $(document).mousemove(verticalLineInit);
  }","[object Object]","0","","Continue","5060","5060","true","red13.jpg","12","avg","600","red","2","[13,21]","17","three giraffes","81","red","",""
"html-keyboard-response","253","865254","0.0-253.0","573b8bc2f3580b0006ce0986","null","","","","<p style=""font-size: 48px;""> + </p>","null","fixation","","","","","","","","","","","","","","","","","","","","","","","","","red","",""
"html-keyboard-response","254","866768","0.0-254.0","573b8bc2f3580b0006ce0986","null","","","","<span class='grid'><div class='red' style='background-position:2500% 0%;margin-top:43px'></div> <div class='red' style='background-position:3600% 0%;margin-top:20px'></div> <div> </div> <div class='red' style='background-position:4200% 0%;margin-top:33px'></div> <div> </div> <div class='red' style='background-position:3200% 0%;margin-top:35px'></div> <div> </div> <div> </div> <div> </div> <div class='red' style='background-position:3900% 0%;margin-top:39px'></div> <div class='red' style='background-position:2800% 0%;margin-top:35px'></div> <div class='red' style='background-position:3500% 0%;margin-top:38px'></div> <div> </div> <div class='red' style='background-position:2400% 0%;margin-top:20px'></div> <div> </div> <div class='red' style='background-position:3100% 0%;margin-top:49px'></div> <div> </div> <div class='red' style='background-position:4000% 0%;margin-top:32px'></div></span>","null","stimulus","{""index"":68,""type"":""experimental"",""array_length"":2,""meanVal"":17,""color"":""red""}","","","","","","","","","","","","","","","","","","","","","","","","red","",""
"image-slider-response_noButton","255","872292","0.0-255.0","573b8bc2f3580b0006ce0986","5522","","","","img/red1.jpg,img/red2.jpg,img/red3.jpg,img/red4.jpg,img/red5.jpg,img/red6.jpg,img/red7.jpg,img/red8.jpg,img/red9.jpg,img/red10.jpg,img/red11.jpg,img/red12.jpg,img/red13.jpg,img/red14.jpg,img/red15.jpg,img/red16.jpg,img/red17.jpg,img/red18.jpg,img/red19.jpg,img/red20.jpg,img/red21.jpg,img/red22.jpg,img/red23.jpg,img/red24.jpg,img/red25.jpg,img/red26.jpg,img/red27.jpg,img/red28.jpg,img/red29.jpg,img/red30.jpg,img/red31.jpg,img/red32.jpg,img/red33.jpg,img/red34.jpg,img/red35.jpg,img/red36.jpg,img/red37.jpg,img/red38.jpg,img/red39.jpg,img/red40.jpg,img/red41.jpg,img/red42.jpg,img/red43.jpg,img/red44.jpg,img/red45.jpg,img/red46.jpg,img/red47.jpg,img/red48.jpg,img/red49.jpg,img/red50.jpg","","response","{""index"":69,""type"":""experimental"",""array_length"":10,""meanVal"":33,""color"":""red""}","image-slider-response_noButton","<p>what was the average redness of the array?</p>","1","50","0","function morphedScaleRed() {
    // defining a few helper functions
    function nrange(size, startAt = 0) {
      return [...Array(size).keys()].map(i => i + startAt);
    };
  
    function fillArray(value, len) {
      var arr = [];
      for (var i = 0; i < len; i++) {
        arr.push(value);
      }
      return arr;
    };
  
    function generateSlices(vWidth, nSlices) {
      var step = vWidth*0.6/(nSlices-2);
      var stepArray = fillArray(step,nSlices-2)
      stepArray.unshift(0.2*vWidth)
      stepArray.push(0.2*vWidth)
  
      var bounds = [];
      
      for (var i = 0; i < nSlices; i++) {
        if (i==0) {
          bounds.push([(i*stepArray[i]), (i*stepArray[i])+stepArray[i]])
        } else if (i>0 && i!=nSlices-1) {
          bounds.push([(i*stepArray[i]+0.2*vWidth), (i*stepArray[i])+stepArray[i]+0.2*vWidth])
        } else {
          bounds.push([(vWidth-0.2*vWidth), vWidth])  
        }
      };
      return bounds;
    };
    
    // start trial timer
    var startTime = (new Date()).getTime();
    // get trial data
    var trialData = jsPsych.currentTrial();
  
    // remove the picture scales and the slider
    $('.jspsych-image-slider-response_noButton-container').css(""visibility"", ""hidden"");
    $('img').remove();
    
    // Remove mondrian background for rating phase
    $('body').css('background-image', 'none');
  
    var imgScale = getScaleRed();
    
    // derive the letter of the image filenames
    var imgBase = imgScale[0].split('img/')[1].split('.jpg')[0].replace(/\d+/g, '');
    
    // split the number of the image filenames off from the rest of it
    var nScale = [];
    for (var i = 0; i < imgScale.length-1; i++) {
      var n = imgScale[i].split('img/')[1].split('.jpg')[0].split(imgBase)[1];
      nScale.push(n);
    };
    
    // calculate the element width, and slice it up into sections
    var vWidth = $(document).width();
    var nSlices = nScale.length;
    var slices = generateSlices(vWidth, nSlices);
  
    // setting up initial vertical line to start the mousemove functionality
    var vHeight = $(document).height()-8;
    var lineSlice = vWidth / 10;
    var vertLine = `<div style=""border-left:black;border-style:solid;margin-left:${lineSlice}px; height:${vHeight}px;width:0px;position:absolute;"" id=""vertLine""></div>`;
    var linePrompt = `<div id=""linePrompt""><div style=""font-size:50px;position:absolute;margin-left:${lineSlice*1.3}px;margin-top:${vHeight/2}px""></div><div style=""position:absolute;margin-left:${lineSlice*1.2}px;margin-top:${vHeight/2}px;z-index:5;"">Move mouse left of the line to begin</div></div>`;
    $("".jspsych-content-wrapper"").prepend(vertLine);
    $("".jspsych-content-wrapper"").prepend(linePrompt);
    
    // hide prompt until the trial is begun
    $('#jspsych-content > p').css(""visibility"", ""hidden"");
  
    // initialize the central image with the most neutral one (i.e. from
    // the middle of the scale) and set the image to be blurred
    var initialImage = imgScale[0];
    $('#jspsych-image-slider-response_noButton-stimulus').append(`<img src=""${initialImage}"" style=""filter:blur(4px);visibility:hidden;"" id=""changeable-image""/>`);
  
    // ADD VISUAL SCALE SHOWING MIN/MAX
    var scaleWidth = vWidth * 0.6;
    var scaleLeft = vWidth * 0.2;
    var scaleHtml = `
      <div id=""scale-container"" style=""position:absolute; bottom:120px; left:${scaleLeft}px; width:${scaleWidth}px; height:30px; background-color:rgba(220,220,220,0.7); border-radius:5px; display:none; z-index:10;"">
        <div style=""position:absolute; left:0px; width:2px; height:30px; background-color:black;""></div>
        <div style=""position:absolute; left:0px; top:32px; font-size:12px; color:black;"">Min (1)</div>
        <div style=""position:absolute; right:0px; width:2px; height:30px; background-color:black;""></div>
        <div style=""position:absolute; right:0px; top:32px; font-size:12px; color:black;"">Max (50)</div>
        <div id=""current-marker"" style=""position:absolute; left:0px; width:2px; height:30px; background-color:red; display:none;""></div>
      </div>
    `;
    $("".jspsych-content-wrapper"").append(scaleHtml);
  
    // workaround with a global variable
    window.__imageMouseOver = {
      lineSlice: lineSlice,
      slices: slices,
      nScale: nScale,
      imgBase: imgBase,
      startTime: startTime,
      trialData: trialData,
      sliceSelected: 0,
    };
    var __listenerBools = {};
  
    // define mousemove event listener that changes image
    function changeImg(event) {
      var mouseX = Math.floor(event.pageX);
      
      // Show the scale after interaction begins
      $(""#scale-container"").css(""display"", ""block"");
      
      // Update current marker position based on mouse position
      var scaleWidth = $(""#scale-container"").width();
      var relativePos = Math.max(0, Math.min(mouseX - scaleLeft, scaleWidth));
      var percentPos = (relativePos / scaleWidth) * 100;
      
      $(""#current-marker"").css({
        ""left"": `${relativePos}px`,
        ""display"": ""block""
      });
      
      for (var i = 0; i < __imageMouseOver.slices.length; i++) {
        // if mouse X position is within the bounds of the X axis slice,
        // change the image to one that is indexed to that slice
        if (mouseX >= __imageMouseOver.slices[i][0] && mouseX <= __imageMouseOver.slices[i][1]) {
          // capture which slice is selected
          __imageMouseOver.sliceSelected = i;
          // update img src to the picture that corresponds to that slice
          $('#changeable-image').attr('src', `img/${__imageMouseOver.imgBase}${__imageMouseOver.nScale[i]}.jpg`);
        }
      };
    };
    
    // define the click listener that ends trial
    function clickHandler(event) {
      if (__listenerBools['mousemove']) {
        // derive trial data
        var trialData = __imageMouseOver.trialData;
        var end_time = (new Date()).getTime();
        var rt = end_time - __imageMouseOver.startTime;
        trialData['rt'] = rt;
        trialData['stimulus_duration'] = rt;
        trialData['trial_duration'] = rt;
        trialData['imageSelected'] = `${__imageMouseOver.imgBase}${__imageMouseOver.nScale[__imageMouseOver.sliceSelected]}.jpg`
        trialData['indexSelected'] = __imageMouseOver.sliceSelected;
        // turn off listeners
        $(document).off('mousemove');
        $(document).off('click');
        // clean up variable namespaces
        delete window.__imageMouseOver
        delete __listenerBools;
        // clean up scale
        $(""#scale-container"").remove();
        // finish the trial with trial data
        jsPsych.finishTrial(trialData);
      };
    };
  
    function verticalLineInit(event) {
      var mouseX = Math.floor(event.pageX);
      if (mouseX <= __imageMouseOver.lineSlice) {
        $(""#vertLine"").remove();
        $(""#linePrompt"").remove();
        $(""#jspsych-image-slider-response_noButton-stimulus > img"").css({
          ""filter"":""blur(0px)"",
          ""visibility"": ""visible"",
        });
        $('#jspsych-content > p').css(""visibility"", ""visible"");
        __listenerBools['mousemove'] = true;
        // turn off THIS mouse move listener
        $(document).off(""mousemove"");
        // turn on the mouse move listener that changes the image
        $(document).mousemove(changeImg);
        // add mouse click listener
        $(document).on('click', clickHandler);
      };
    };
  
    // turn on the vertical line mouse move listener
    $(document).mousemove(verticalLineInit);
  }","[object Object]","0","","Continue","5522","5522","true","red24.jpg","23","avg","600","red","10","[24,28,25,31,32,35,36,39,40,42]","33","three giraffes","82","red","",""
"html-keyboard-response","256","872799","0.0-256.0","573b8bc2f3580b0006ce0986","null","","","","<p style=""font-size: 48px;""> + </p>","null","fixation","","","","","","","","","","","","","","","","","","","","","","","","","red","",""
"html-keyboard-response","257","874315","0.0-257.0","573b8bc2f3580b0006ce0986","null","","","","<span class='grid'><div> </div> <div> </div> <div> </div> <div> </div> <div> </div> <div> </div> <div class='red' style='background-position:1000% 0%;margin-top:49px'></div> <div> </div> <div> </div> <div> </div> <div> </div> <div> </div> <div> </div> <div class='red' style='background-position:1800% 0%;margin-top:42px'></div></span>","null","stimulus","{""index"":69,""type"":""experimental"",""array_length"":10,""meanVal"":33,""color"":""red""}","","","","","","","","","","","","","","","","","","","","","","","","red","",""
"image-slider-response_noButton","258","878606","0.0-258.0","573b8bc2f3580b0006ce0986","4290","","","","img/red1.jpg,img/red2.jpg,img/red3.jpg,img/red4.jpg,img/red5.jpg,img/red6.jpg,img/red7.jpg,img/red8.jpg,img/red9.jpg,img/red10.jpg,img/red11.jpg,img/red12.jpg,img/red13.jpg,img/red14.jpg,img/red15.jpg,img/red16.jpg,img/red17.jpg,img/red18.jpg,img/red19.jpg,img/red20.jpg,img/red21.jpg,img/red22.jpg,img/red23.jpg,img/red24.jpg,img/red25.jpg,img/red26.jpg,img/red27.jpg,img/red28.jpg,img/red29.jpg,img/red30.jpg,img/red31.jpg,img/red32.jpg,img/red33.jpg,img/red34.jpg,img/red35.jpg,img/red36.jpg,img/red37.jpg,img/red38.jpg,img/red39.jpg,img/red40.jpg,img/red41.jpg,img/red42.jpg,img/red43.jpg,img/red44.jpg,img/red45.jpg,img/red46.jpg,img/red47.jpg,img/red48.jpg,img/red49.jpg,img/red50.jpg","","response","{""index"":70,""type"":""experimental"",""array_length"":2,""meanVal"":14,""color"":""red""}","image-slider-response_noButton","<p>what was the average redness of the array?</p>","1","50","0","function morphedScaleRed() {
    // defining a few helper functions
    function nrange(size, startAt = 0) {
      return [...Array(size).keys()].map(i => i + startAt);
    };
  
    function fillArray(value, len) {
      var arr = [];
      for (var i = 0; i < len; i++) {
        arr.push(value);
      }
      return arr;
    };
  
    function generateSlices(vWidth, nSlices) {
      var step = vWidth*0.6/(nSlices-2);
      var stepArray = fillArray(step,nSlices-2)
      stepArray.unshift(0.2*vWidth)
      stepArray.push(0.2*vWidth)
  
      var bounds = [];
      
      for (var i = 0; i < nSlices; i++) {
        if (i==0) {
          bounds.push([(i*stepArray[i]), (i*stepArray[i])+stepArray[i]])
        } else if (i>0 && i!=nSlices-1) {
          bounds.push([(i*stepArray[i]+0.2*vWidth), (i*stepArray[i])+stepArray[i]+0.2*vWidth])
        } else {
          bounds.push([(vWidth-0.2*vWidth), vWidth])  
        }
      };
      return bounds;
    };
    
    // start trial timer
    var startTime = (new Date()).getTime();
    // get trial data
    var trialData = jsPsych.currentTrial();
  
    // remove the picture scales and the slider
    $('.jspsych-image-slider-response_noButton-container').css(""visibility"", ""hidden"");
    $('img').remove();
    
    // Remove mondrian background for rating phase
    $('body').css('background-image', 'none');
  
    var imgScale = getScaleRed();
    
    // derive the letter of the image filenames
    var imgBase = imgScale[0].split('img/')[1].split('.jpg')[0].replace(/\d+/g, '');
    
    // split the number of the image filenames off from the rest of it
    var nScale = [];
    for (var i = 0; i < imgScale.length-1; i++) {
      var n = imgScale[i].split('img/')[1].split('.jpg')[0].split(imgBase)[1];
      nScale.push(n);
    };
    
    // calculate the element width, and slice it up into sections
    var vWidth = $(document).width();
    var nSlices = nScale.length;
    var slices = generateSlices(vWidth, nSlices);
  
    // setting up initial vertical line to start the mousemove functionality
    var vHeight = $(document).height()-8;
    var lineSlice = vWidth / 10;
    var vertLine = `<div style=""border-left:black;border-style:solid;margin-left:${lineSlice}px; height:${vHeight}px;width:0px;position:absolute;"" id=""vertLine""></div>`;
    var linePrompt = `<div id=""linePrompt""><div style=""font-size:50px;position:absolute;margin-left:${lineSlice*1.3}px;margin-top:${vHeight/2}px""></div><div style=""position:absolute;margin-left:${lineSlice*1.2}px;margin-top:${vHeight/2}px;z-index:5;"">Move mouse left of the line to begin</div></div>`;
    $("".jspsych-content-wrapper"").prepend(vertLine);
    $("".jspsych-content-wrapper"").prepend(linePrompt);
    
    // hide prompt until the trial is begun
    $('#jspsych-content > p').css(""visibility"", ""hidden"");
  
    // initialize the central image with the most neutral one (i.e. from
    // the middle of the scale) and set the image to be blurred
    var initialImage = imgScale[0];
    $('#jspsych-image-slider-response_noButton-stimulus').append(`<img src=""${initialImage}"" style=""filter:blur(4px);visibility:hidden;"" id=""changeable-image""/>`);
  
    // ADD VISUAL SCALE SHOWING MIN/MAX
    var scaleWidth = vWidth * 0.6;
    var scaleLeft = vWidth * 0.2;
    var scaleHtml = `
      <div id=""scale-container"" style=""position:absolute; bottom:120px; left:${scaleLeft}px; width:${scaleWidth}px; height:30px; background-color:rgba(220,220,220,0.7); border-radius:5px; display:none; z-index:10;"">
        <div style=""position:absolute; left:0px; width:2px; height:30px; background-color:black;""></div>
        <div style=""position:absolute; left:0px; top:32px; font-size:12px; color:black;"">Min (1)</div>
        <div style=""position:absolute; right:0px; width:2px; height:30px; background-color:black;""></div>
        <div style=""position:absolute; right:0px; top:32px; font-size:12px; color:black;"">Max (50)</div>
        <div id=""current-marker"" style=""position:absolute; left:0px; width:2px; height:30px; background-color:red; display:none;""></div>
      </div>
    `;
    $("".jspsych-content-wrapper"").append(scaleHtml);
  
    // workaround with a global variable
    window.__imageMouseOver = {
      lineSlice: lineSlice,
      slices: slices,
      nScale: nScale,
      imgBase: imgBase,
      startTime: startTime,
      trialData: trialData,
      sliceSelected: 0,
    };
    var __listenerBools = {};
  
    // define mousemove event listener that changes image
    function changeImg(event) {
      var mouseX = Math.floor(event.pageX);
      
      // Show the scale after interaction begins
      $(""#scale-container"").css(""display"", ""block"");
      
      // Update current marker position based on mouse position
      var scaleWidth = $(""#scale-container"").width();
      var relativePos = Math.max(0, Math.min(mouseX - scaleLeft, scaleWidth));
      var percentPos = (relativePos / scaleWidth) * 100;
      
      $(""#current-marker"").css({
        ""left"": `${relativePos}px`,
        ""display"": ""block""
      });
      
      for (var i = 0; i < __imageMouseOver.slices.length; i++) {
        // if mouse X position is within the bounds of the X axis slice,
        // change the image to one that is indexed to that slice
        if (mouseX >= __imageMouseOver.slices[i][0] && mouseX <= __imageMouseOver.slices[i][1]) {
          // capture which slice is selected
          __imageMouseOver.sliceSelected = i;
          // update img src to the picture that corresponds to that slice
          $('#changeable-image').attr('src', `img/${__imageMouseOver.imgBase}${__imageMouseOver.nScale[i]}.jpg`);
        }
      };
    };
    
    // define the click listener that ends trial
    function clickHandler(event) {
      if (__listenerBools['mousemove']) {
        // derive trial data
        var trialData = __imageMouseOver.trialData;
        var end_time = (new Date()).getTime();
        var rt = end_time - __imageMouseOver.startTime;
        trialData['rt'] = rt;
        trialData['stimulus_duration'] = rt;
        trialData['trial_duration'] = rt;
        trialData['imageSelected'] = `${__imageMouseOver.imgBase}${__imageMouseOver.nScale[__imageMouseOver.sliceSelected]}.jpg`
        trialData['indexSelected'] = __imageMouseOver.sliceSelected;
        // turn off listeners
        $(document).off('mousemove');
        $(document).off('click');
        // clean up variable namespaces
        delete window.__imageMouseOver
        delete __listenerBools;
        // clean up scale
        $(""#scale-container"").remove();
        // finish the trial with trial data
        jsPsych.finishTrial(trialData);
      };
    };
  
    function verticalLineInit(event) {
      var mouseX = Math.floor(event.pageX);
      if (mouseX <= __imageMouseOver.lineSlice) {
        $(""#vertLine"").remove();
        $(""#linePrompt"").remove();
        $(""#jspsych-image-slider-response_noButton-stimulus > img"").css({
          ""filter"":""blur(0px)"",
          ""visibility"": ""visible"",
        });
        $('#jspsych-content > p').css(""visibility"", ""visible"");
        __listenerBools['mousemove'] = true;
        // turn off THIS mouse move listener
        $(document).off(""mousemove"");
        // turn on the mouse move listener that changes the image
        $(document).mousemove(changeImg);
        // add mouse click listener
        $(document).on('click', clickHandler);
      };
    };
  
    // turn on the vertical line mouse move listener
    $(document).mousemove(verticalLineInit);
  }","[object Object]","0","","Continue","4290","4290","true","red9.jpg","8","avg","500","red","2","[10,18]","14","three giraffes","83","red","",""
"html-keyboard-response","259","879007","0.0-259.0","573b8bc2f3580b0006ce0986","null","","","","<p style=""font-size: 48px;""> + </p>","null","fixation","","","","","","","","","","","","","","","","","","","","","","","","","red","",""
"html-keyboard-response","260","880521","0.0-260.0","573b8bc2f3580b0006ce0986","null","","","","<span class='grid'><div class='red' style='background-position:1700% 0%;margin-top:45px'></div> <div class='red' style='background-position:1400% 0%;margin-top:29px'></div> <div class='red' style='background-position:1700% 0%;margin-top:28px'></div> <div class='red' style='background-position:700% 0%;margin-top:24px'></div> <div> </div> <div class='red' style='background-position:2300% 0%;margin-top:42px'></div> <div class='red' style='background-position:1000% 0%;margin-top:26px'></div> <div class='red' style='background-position:1800% 0%;margin-top:27px'></div> <div class='red' style='background-position:1000% 0%;margin-top:25px'></div> <div> </div> <div class='red' style='background-position:1500% 0%;margin-top:41px'></div> <div class='red' style='background-position:1600% 0%;margin-top:48px'></div> <div class='red' style='background-position:1800% 0%;margin-top:49px'></div> <div class='red' style='background-position:1000% 0%;margin-top:28px'></div> <div class='red' style='background-position:1600% 0%;margin-top:40px'></div> <div class='red' style='background-position:900% 0%;margin-top:46px'></div> <div class='red' style='background-position:2200% 0%;margin-top:48px'></div> <div class='red' style='background-position:1600% 0%;margin-top:45px'></div> <div class='red' style='background-position:2600% 0%;margin-top:27px'></div> <div> </div> <div class='red' style='background-position:1000% 0%;margin-top:28px'></div> <div class='red' style='background-position:2600% 0%;margin-top:34px'></div> <div class='red' style='background-position:1000% 0%;margin-top:40px'></div></span>","null","stimulus","{""index"":70,""type"":""experimental"",""array_length"":2,""meanVal"":14,""color"":""red""}","","","","","","","","","","","","","","","","","","","","","","","","red","",""
"image-slider-response_noButton","261","885886","0.0-261.0","573b8bc2f3580b0006ce0986","5364","","","","img/red1.jpg,img/red2.jpg,img/red3.jpg,img/red4.jpg,img/red5.jpg,img/red6.jpg,img/red7.jpg,img/red8.jpg,img/red9.jpg,img/red10.jpg,img/red11.jpg,img/red12.jpg,img/red13.jpg,img/red14.jpg,img/red15.jpg,img/red16.jpg,img/red17.jpg,img/red18.jpg,img/red19.jpg,img/red20.jpg,img/red21.jpg,img/red22.jpg,img/red23.jpg,img/red24.jpg,img/red25.jpg,img/red26.jpg,img/red27.jpg,img/red28.jpg,img/red29.jpg,img/red30.jpg,img/red31.jpg,img/red32.jpg,img/red33.jpg,img/red34.jpg,img/red35.jpg,img/red36.jpg,img/red37.jpg,img/red38.jpg,img/red39.jpg,img/red40.jpg,img/red41.jpg,img/red42.jpg,img/red43.jpg,img/red44.jpg,img/red45.jpg,img/red46.jpg,img/red47.jpg,img/red48.jpg,img/red49.jpg,img/red50.jpg","","response","{""index"":71,""type"":""experimental"",""array_length"":20,""meanVal"":17,""color"":""red""}","image-slider-response_noButton","<p>what was the average redness of the array?</p>","1","50","0","function morphedScaleRed() {
    // defining a few helper functions
    function nrange(size, startAt = 0) {
      return [...Array(size).keys()].map(i => i + startAt);
    };
  
    function fillArray(value, len) {
      var arr = [];
      for (var i = 0; i < len; i++) {
        arr.push(value);
      }
      return arr;
    };
  
    function generateSlices(vWidth, nSlices) {
      var step = vWidth*0.6/(nSlices-2);
      var stepArray = fillArray(step,nSlices-2)
      stepArray.unshift(0.2*vWidth)
      stepArray.push(0.2*vWidth)
  
      var bounds = [];
      
      for (var i = 0; i < nSlices; i++) {
        if (i==0) {
          bounds.push([(i*stepArray[i]), (i*stepArray[i])+stepArray[i]])
        } else if (i>0 && i!=nSlices-1) {
          bounds.push([(i*stepArray[i]+0.2*vWidth), (i*stepArray[i])+stepArray[i]+0.2*vWidth])
        } else {
          bounds.push([(vWidth-0.2*vWidth), vWidth])  
        }
      };
      return bounds;
    };
    
    // start trial timer
    var startTime = (new Date()).getTime();
    // get trial data
    var trialData = jsPsych.currentTrial();
  
    // remove the picture scales and the slider
    $('.jspsych-image-slider-response_noButton-container').css(""visibility"", ""hidden"");
    $('img').remove();
    
    // Remove mondrian background for rating phase
    $('body').css('background-image', 'none');
  
    var imgScale = getScaleRed();
    
    // derive the letter of the image filenames
    var imgBase = imgScale[0].split('img/')[1].split('.jpg')[0].replace(/\d+/g, '');
    
    // split the number of the image filenames off from the rest of it
    var nScale = [];
    for (var i = 0; i < imgScale.length-1; i++) {
      var n = imgScale[i].split('img/')[1].split('.jpg')[0].split(imgBase)[1];
      nScale.push(n);
    };
    
    // calculate the element width, and slice it up into sections
    var vWidth = $(document).width();
    var nSlices = nScale.length;
    var slices = generateSlices(vWidth, nSlices);
  
    // setting up initial vertical line to start the mousemove functionality
    var vHeight = $(document).height()-8;
    var lineSlice = vWidth / 10;
    var vertLine = `<div style=""border-left:black;border-style:solid;margin-left:${lineSlice}px; height:${vHeight}px;width:0px;position:absolute;"" id=""vertLine""></div>`;
    var linePrompt = `<div id=""linePrompt""><div style=""font-size:50px;position:absolute;margin-left:${lineSlice*1.3}px;margin-top:${vHeight/2}px""></div><div style=""position:absolute;margin-left:${lineSlice*1.2}px;margin-top:${vHeight/2}px;z-index:5;"">Move mouse left of the line to begin</div></div>`;
    $("".jspsych-content-wrapper"").prepend(vertLine);
    $("".jspsych-content-wrapper"").prepend(linePrompt);
    
    // hide prompt until the trial is begun
    $('#jspsych-content > p').css(""visibility"", ""hidden"");
  
    // initialize the central image with the most neutral one (i.e. from
    // the middle of the scale) and set the image to be blurred
    var initialImage = imgScale[0];
    $('#jspsych-image-slider-response_noButton-stimulus').append(`<img src=""${initialImage}"" style=""filter:blur(4px);visibility:hidden;"" id=""changeable-image""/>`);
  
    // ADD VISUAL SCALE SHOWING MIN/MAX
    var scaleWidth = vWidth * 0.6;
    var scaleLeft = vWidth * 0.2;
    var scaleHtml = `
      <div id=""scale-container"" style=""position:absolute; bottom:120px; left:${scaleLeft}px; width:${scaleWidth}px; height:30px; background-color:rgba(220,220,220,0.7); border-radius:5px; display:none; z-index:10;"">
        <div style=""position:absolute; left:0px; width:2px; height:30px; background-color:black;""></div>
        <div style=""position:absolute; left:0px; top:32px; font-size:12px; color:black;"">Min (1)</div>
        <div style=""position:absolute; right:0px; width:2px; height:30px; background-color:black;""></div>
        <div style=""position:absolute; right:0px; top:32px; font-size:12px; color:black;"">Max (50)</div>
        <div id=""current-marker"" style=""position:absolute; left:0px; width:2px; height:30px; background-color:red; display:none;""></div>
      </div>
    `;
    $("".jspsych-content-wrapper"").append(scaleHtml);
  
    // workaround with a global variable
    window.__imageMouseOver = {
      lineSlice: lineSlice,
      slices: slices,
      nScale: nScale,
      imgBase: imgBase,
      startTime: startTime,
      trialData: trialData,
      sliceSelected: 0,
    };
    var __listenerBools = {};
  
    // define mousemove event listener that changes image
    function changeImg(event) {
      var mouseX = Math.floor(event.pageX);
      
      // Show the scale after interaction begins
      $(""#scale-container"").css(""display"", ""block"");
      
      // Update current marker position based on mouse position
      var scaleWidth = $(""#scale-container"").width();
      var relativePos = Math.max(0, Math.min(mouseX - scaleLeft, scaleWidth));
      var percentPos = (relativePos / scaleWidth) * 100;
      
      $(""#current-marker"").css({
        ""left"": `${relativePos}px`,
        ""display"": ""block""
      });
      
      for (var i = 0; i < __imageMouseOver.slices.length; i++) {
        // if mouse X position is within the bounds of the X axis slice,
        // change the image to one that is indexed to that slice
        if (mouseX >= __imageMouseOver.slices[i][0] && mouseX <= __imageMouseOver.slices[i][1]) {
          // capture which slice is selected
          __imageMouseOver.sliceSelected = i;
          // update img src to the picture that corresponds to that slice
          $('#changeable-image').attr('src', `img/${__imageMouseOver.imgBase}${__imageMouseOver.nScale[i]}.jpg`);
        }
      };
    };
    
    // define the click listener that ends trial
    function clickHandler(event) {
      if (__listenerBools['mousemove']) {
        // derive trial data
        var trialData = __imageMouseOver.trialData;
        var end_time = (new Date()).getTime();
        var rt = end_time - __imageMouseOver.startTime;
        trialData['rt'] = rt;
        trialData['stimulus_duration'] = rt;
        trialData['trial_duration'] = rt;
        trialData['imageSelected'] = `${__imageMouseOver.imgBase}${__imageMouseOver.nScale[__imageMouseOver.sliceSelected]}.jpg`
        trialData['indexSelected'] = __imageMouseOver.sliceSelected;
        // turn off listeners
        $(document).off('mousemove');
        $(document).off('click');
        // clean up variable namespaces
        delete window.__imageMouseOver
        delete __listenerBools;
        // clean up scale
        $(""#scale-container"").remove();
        // finish the trial with trial data
        jsPsych.finishTrial(trialData);
      };
    };
  
    function verticalLineInit(event) {
      var mouseX = Math.floor(event.pageX);
      if (mouseX <= __imageMouseOver.lineSlice) {
        $(""#vertLine"").remove();
        $(""#linePrompt"").remove();
        $(""#jspsych-image-slider-response_noButton-stimulus > img"").css({
          ""filter"":""blur(0px)"",
          ""visibility"": ""visible"",
        });
        $('#jspsych-content > p').css(""visibility"", ""visible"");
        __listenerBools['mousemove'] = true;
        // turn off THIS mouse move listener
        $(document).off(""mousemove"");
        // turn on the mouse move listener that changes the image
        $(document).mousemove(changeImg);
        // add mouse click listener
        $(document).on('click', clickHandler);
      };
    };
  
    // turn on the vertical line mouse move listener
    $(document).mousemove(verticalLineInit);
  }","[object Object]","0","","Continue","5364","5364","true","red11.jpg","10","avg","400","red","20","[7,9,10,10,10,10,10,14,15,16,16,16,17,17,18,18,22,23,26,26]","17","three giraffes","84","red","",""
"html-keyboard-response","262","886496","0.0-262.0","573b8bc2f3580b0006ce0986","null","","","","<p style=""font-size: 48px;""> + </p>","null","fixation","","","","","","","","","","","","","","","","","","","","","","","","","red","",""
"html-keyboard-response","263","888006","0.0-263.0","573b8bc2f3580b0006ce0986","null","","","","<span class='grid'><div> </div> <div> </div> <div class='red' style='background-position:2200% 0%;margin-top:24px'></div> <div> </div> <div> </div> <div> </div> <div> </div> <div> </div> <div> </div> <div> </div> <div class='red' style='background-position:1400% 0%;margin-top:34px'></div> <div> </div> <div> </div> <div> </div></span>","null","stimulus","{""index"":71,""type"":""experimental"",""array_length"":20,""meanVal"":17,""color"":""red""}","","","","","","","","","","","","","","","","","","","","","","","","red","",""
"image-slider-response_noButton","264","893433","0.0-264.0","573b8bc2f3580b0006ce0986","5426","","","","img/red1.jpg,img/red2.jpg,img/red3.jpg,img/red4.jpg,img/red5.jpg,img/red6.jpg,img/red7.jpg,img/red8.jpg,img/red9.jpg,img/red10.jpg,img/red11.jpg,img/red12.jpg,img/red13.jpg,img/red14.jpg,img/red15.jpg,img/red16.jpg,img/red17.jpg,img/red18.jpg,img/red19.jpg,img/red20.jpg,img/red21.jpg,img/red22.jpg,img/red23.jpg,img/red24.jpg,img/red25.jpg,img/red26.jpg,img/red27.jpg,img/red28.jpg,img/red29.jpg,img/red30.jpg,img/red31.jpg,img/red32.jpg,img/red33.jpg,img/red34.jpg,img/red35.jpg,img/red36.jpg,img/red37.jpg,img/red38.jpg,img/red39.jpg,img/red40.jpg,img/red41.jpg,img/red42.jpg,img/red43.jpg,img/red44.jpg,img/red45.jpg,img/red46.jpg,img/red47.jpg,img/red48.jpg,img/red49.jpg,img/red50.jpg","","response","{""index"":72,""type"":""experimental"",""array_length"":2,""meanVal"":18,""color"":""red""}","image-slider-response_noButton","<p>what was the average redness of the array?</p>","1","50","0","function morphedScaleRed() {
    // defining a few helper functions
    function nrange(size, startAt = 0) {
      return [...Array(size).keys()].map(i => i + startAt);
    };
  
    function fillArray(value, len) {
      var arr = [];
      for (var i = 0; i < len; i++) {
        arr.push(value);
      }
      return arr;
    };
  
    function generateSlices(vWidth, nSlices) {
      var step = vWidth*0.6/(nSlices-2);
      var stepArray = fillArray(step,nSlices-2)
      stepArray.unshift(0.2*vWidth)
      stepArray.push(0.2*vWidth)
  
      var bounds = [];
      
      for (var i = 0; i < nSlices; i++) {
        if (i==0) {
          bounds.push([(i*stepArray[i]), (i*stepArray[i])+stepArray[i]])
        } else if (i>0 && i!=nSlices-1) {
          bounds.push([(i*stepArray[i]+0.2*vWidth), (i*stepArray[i])+stepArray[i]+0.2*vWidth])
        } else {
          bounds.push([(vWidth-0.2*vWidth), vWidth])  
        }
      };
      return bounds;
    };
    
    // start trial timer
    var startTime = (new Date()).getTime();
    // get trial data
    var trialData = jsPsych.currentTrial();
  
    // remove the picture scales and the slider
    $('.jspsych-image-slider-response_noButton-container').css(""visibility"", ""hidden"");
    $('img').remove();
    
    // Remove mondrian background for rating phase
    $('body').css('background-image', 'none');
  
    var imgScale = getScaleRed();
    
    // derive the letter of the image filenames
    var imgBase = imgScale[0].split('img/')[1].split('.jpg')[0].replace(/\d+/g, '');
    
    // split the number of the image filenames off from the rest of it
    var nScale = [];
    for (var i = 0; i < imgScale.length-1; i++) {
      var n = imgScale[i].split('img/')[1].split('.jpg')[0].split(imgBase)[1];
      nScale.push(n);
    };
    
    // calculate the element width, and slice it up into sections
    var vWidth = $(document).width();
    var nSlices = nScale.length;
    var slices = generateSlices(vWidth, nSlices);
  
    // setting up initial vertical line to start the mousemove functionality
    var vHeight = $(document).height()-8;
    var lineSlice = vWidth / 10;
    var vertLine = `<div style=""border-left:black;border-style:solid;margin-left:${lineSlice}px; height:${vHeight}px;width:0px;position:absolute;"" id=""vertLine""></div>`;
    var linePrompt = `<div id=""linePrompt""><div style=""font-size:50px;position:absolute;margin-left:${lineSlice*1.3}px;margin-top:${vHeight/2}px""></div><div style=""position:absolute;margin-left:${lineSlice*1.2}px;margin-top:${vHeight/2}px;z-index:5;"">Move mouse left of the line to begin</div></div>`;
    $("".jspsych-content-wrapper"").prepend(vertLine);
    $("".jspsych-content-wrapper"").prepend(linePrompt);
    
    // hide prompt until the trial is begun
    $('#jspsych-content > p').css(""visibility"", ""hidden"");
  
    // initialize the central image with the most neutral one (i.e. from
    // the middle of the scale) and set the image to be blurred
    var initialImage = imgScale[0];
    $('#jspsych-image-slider-response_noButton-stimulus').append(`<img src=""${initialImage}"" style=""filter:blur(4px);visibility:hidden;"" id=""changeable-image""/>`);
  
    // ADD VISUAL SCALE SHOWING MIN/MAX
    var scaleWidth = vWidth * 0.6;
    var scaleLeft = vWidth * 0.2;
    var scaleHtml = `
      <div id=""scale-container"" style=""position:absolute; bottom:120px; left:${scaleLeft}px; width:${scaleWidth}px; height:30px; background-color:rgba(220,220,220,0.7); border-radius:5px; display:none; z-index:10;"">
        <div style=""position:absolute; left:0px; width:2px; height:30px; background-color:black;""></div>
        <div style=""position:absolute; left:0px; top:32px; font-size:12px; color:black;"">Min (1)</div>
        <div style=""position:absolute; right:0px; width:2px; height:30px; background-color:black;""></div>
        <div style=""position:absolute; right:0px; top:32px; font-size:12px; color:black;"">Max (50)</div>
        <div id=""current-marker"" style=""position:absolute; left:0px; width:2px; height:30px; background-color:red; display:none;""></div>
      </div>
    `;
    $("".jspsych-content-wrapper"").append(scaleHtml);
  
    // workaround with a global variable
    window.__imageMouseOver = {
      lineSlice: lineSlice,
      slices: slices,
      nScale: nScale,
      imgBase: imgBase,
      startTime: startTime,
      trialData: trialData,
      sliceSelected: 0,
    };
    var __listenerBools = {};
  
    // define mousemove event listener that changes image
    function changeImg(event) {
      var mouseX = Math.floor(event.pageX);
      
      // Show the scale after interaction begins
      $(""#scale-container"").css(""display"", ""block"");
      
      // Update current marker position based on mouse position
      var scaleWidth = $(""#scale-container"").width();
      var relativePos = Math.max(0, Math.min(mouseX - scaleLeft, scaleWidth));
      var percentPos = (relativePos / scaleWidth) * 100;
      
      $(""#current-marker"").css({
        ""left"": `${relativePos}px`,
        ""display"": ""block""
      });
      
      for (var i = 0; i < __imageMouseOver.slices.length; i++) {
        // if mouse X position is within the bounds of the X axis slice,
        // change the image to one that is indexed to that slice
        if (mouseX >= __imageMouseOver.slices[i][0] && mouseX <= __imageMouseOver.slices[i][1]) {
          // capture which slice is selected
          __imageMouseOver.sliceSelected = i;
          // update img src to the picture that corresponds to that slice
          $('#changeable-image').attr('src', `img/${__imageMouseOver.imgBase}${__imageMouseOver.nScale[i]}.jpg`);
        }
      };
    };
    
    // define the click listener that ends trial
    function clickHandler(event) {
      if (__listenerBools['mousemove']) {
        // derive trial data
        var trialData = __imageMouseOver.trialData;
        var end_time = (new Date()).getTime();
        var rt = end_time - __imageMouseOver.startTime;
        trialData['rt'] = rt;
        trialData['stimulus_duration'] = rt;
        trialData['trial_duration'] = rt;
        trialData['imageSelected'] = `${__imageMouseOver.imgBase}${__imageMouseOver.nScale[__imageMouseOver.sliceSelected]}.jpg`
        trialData['indexSelected'] = __imageMouseOver.sliceSelected;
        // turn off listeners
        $(document).off('mousemove');
        $(document).off('click');
        // clean up variable namespaces
        delete window.__imageMouseOver
        delete __listenerBools;
        // clean up scale
        $(""#scale-container"").remove();
        // finish the trial with trial data
        jsPsych.finishTrial(trialData);
      };
    };
  
    function verticalLineInit(event) {
      var mouseX = Math.floor(event.pageX);
      if (mouseX <= __imageMouseOver.lineSlice) {
        $(""#vertLine"").remove();
        $(""#linePrompt"").remove();
        $(""#jspsych-image-slider-response_noButton-stimulus > img"").css({
          ""filter"":""blur(0px)"",
          ""visibility"": ""visible"",
        });
        $('#jspsych-content > p').css(""visibility"", ""visible"");
        __listenerBools['mousemove'] = true;
        // turn off THIS mouse move listener
        $(document).off(""mousemove"");
        // turn on the mouse move listener that changes the image
        $(document).mousemove(changeImg);
        // add mouse click listener
        $(document).on('click', clickHandler);
      };
    };
  
    // turn on the vertical line mouse move listener
    $(document).mousemove(verticalLineInit);
  }","[object Object]","0","","Continue","5426","5426","true","red10.jpg","9","avg","600","red","2","[14,22]","18","three giraffes","85","red","",""
"html-keyboard-response","265","893934","0.0-265.0","573b8bc2f3580b0006ce0986","null","","","","<p style=""font-size: 48px;""> + </p>","null","fixation","","","","","","","","","","","","","","","","","","","","","","","","","red","",""
"html-keyboard-response","266","895443","0.0-266.0","573b8bc2f3580b0006ce0986","null","","","","<span class='grid'><div> </div> <div> </div> <div> </div> <div class='red' style='background-position:1700% 0%;margin-top:25px'></div> <div class='red' style='background-position:2900% 0%;margin-top:35px'></div> <div class='red' style='background-position:1800% 0%;margin-top:34px'></div> <div> </div> <div class='red' style='background-position:2400% 0%;margin-top:27px'></div> <div class='red' style='background-position:3300% 0%;margin-top:41px'></div> <div class='red' style='background-position:2800% 0%;margin-top:26px'></div> <div> </div> <div class='red' style='background-position:3500% 0%;margin-top:43px'></div> <div class='red' style='background-position:2500% 0%;margin-top:29px'></div> <div class='red' style='background-position:3200% 0%;margin-top:42px'></div> <div> </div> <div> </div> <div> </div> <div class='red' style='background-position:2100% 0%;margin-top:38px'></div></span>","null","stimulus","{""index"":72,""type"":""experimental"",""array_length"":2,""meanVal"":18,""color"":""red""}","","","","","","","","","","","","","","","","","","","","","","","","red","",""
"image-slider-response_noButton","267","903912","0.0-267.0","573b8bc2f3580b0006ce0986","8467","","","","img/red1.jpg,img/red2.jpg,img/red3.jpg,img/red4.jpg,img/red5.jpg,img/red6.jpg,img/red7.jpg,img/red8.jpg,img/red9.jpg,img/red10.jpg,img/red11.jpg,img/red12.jpg,img/red13.jpg,img/red14.jpg,img/red15.jpg,img/red16.jpg,img/red17.jpg,img/red18.jpg,img/red19.jpg,img/red20.jpg,img/red21.jpg,img/red22.jpg,img/red23.jpg,img/red24.jpg,img/red25.jpg,img/red26.jpg,img/red27.jpg,img/red28.jpg,img/red29.jpg,img/red30.jpg,img/red31.jpg,img/red32.jpg,img/red33.jpg,img/red34.jpg,img/red35.jpg,img/red36.jpg,img/red37.jpg,img/red38.jpg,img/red39.jpg,img/red40.jpg,img/red41.jpg,img/red42.jpg,img/red43.jpg,img/red44.jpg,img/red45.jpg,img/red46.jpg,img/red47.jpg,img/red48.jpg,img/red49.jpg,img/red50.jpg","","response","{""index"":73,""type"":""experimental"",""array_length"":10,""meanVal"":26,""color"":""red""}","image-slider-response_noButton","<p>what was the average redness of the array?</p>","1","50","0","function morphedScaleRed() {
    // defining a few helper functions
    function nrange(size, startAt = 0) {
      return [...Array(size).keys()].map(i => i + startAt);
    };
  
    function fillArray(value, len) {
      var arr = [];
      for (var i = 0; i < len; i++) {
        arr.push(value);
      }
      return arr;
    };
  
    function generateSlices(vWidth, nSlices) {
      var step = vWidth*0.6/(nSlices-2);
      var stepArray = fillArray(step,nSlices-2)
      stepArray.unshift(0.2*vWidth)
      stepArray.push(0.2*vWidth)
  
      var bounds = [];
      
      for (var i = 0; i < nSlices; i++) {
        if (i==0) {
          bounds.push([(i*stepArray[i]), (i*stepArray[i])+stepArray[i]])
        } else if (i>0 && i!=nSlices-1) {
          bounds.push([(i*stepArray[i]+0.2*vWidth), (i*stepArray[i])+stepArray[i]+0.2*vWidth])
        } else {
          bounds.push([(vWidth-0.2*vWidth), vWidth])  
        }
      };
      return bounds;
    };
    
    // start trial timer
    var startTime = (new Date()).getTime();
    // get trial data
    var trialData = jsPsych.currentTrial();
  
    // remove the picture scales and the slider
    $('.jspsych-image-slider-response_noButton-container').css(""visibility"", ""hidden"");
    $('img').remove();
    
    // Remove mondrian background for rating phase
    $('body').css('background-image', 'none');
  
    var imgScale = getScaleRed();
    
    // derive the letter of the image filenames
    var imgBase = imgScale[0].split('img/')[1].split('.jpg')[0].replace(/\d+/g, '');
    
    // split the number of the image filenames off from the rest of it
    var nScale = [];
    for (var i = 0; i < imgScale.length-1; i++) {
      var n = imgScale[i].split('img/')[1].split('.jpg')[0].split(imgBase)[1];
      nScale.push(n);
    };
    
    // calculate the element width, and slice it up into sections
    var vWidth = $(document).width();
    var nSlices = nScale.length;
    var slices = generateSlices(vWidth, nSlices);
  
    // setting up initial vertical line to start the mousemove functionality
    var vHeight = $(document).height()-8;
    var lineSlice = vWidth / 10;
    var vertLine = `<div style=""border-left:black;border-style:solid;margin-left:${lineSlice}px; height:${vHeight}px;width:0px;position:absolute;"" id=""vertLine""></div>`;
    var linePrompt = `<div id=""linePrompt""><div style=""font-size:50px;position:absolute;margin-left:${lineSlice*1.3}px;margin-top:${vHeight/2}px""></div><div style=""position:absolute;margin-left:${lineSlice*1.2}px;margin-top:${vHeight/2}px;z-index:5;"">Move mouse left of the line to begin</div></div>`;
    $("".jspsych-content-wrapper"").prepend(vertLine);
    $("".jspsych-content-wrapper"").prepend(linePrompt);
    
    // hide prompt until the trial is begun
    $('#jspsych-content > p').css(""visibility"", ""hidden"");
  
    // initialize the central image with the most neutral one (i.e. from
    // the middle of the scale) and set the image to be blurred
    var initialImage = imgScale[0];
    $('#jspsych-image-slider-response_noButton-stimulus').append(`<img src=""${initialImage}"" style=""filter:blur(4px);visibility:hidden;"" id=""changeable-image""/>`);
  
    // ADD VISUAL SCALE SHOWING MIN/MAX
    var scaleWidth = vWidth * 0.6;
    var scaleLeft = vWidth * 0.2;
    var scaleHtml = `
      <div id=""scale-container"" style=""position:absolute; bottom:120px; left:${scaleLeft}px; width:${scaleWidth}px; height:30px; background-color:rgba(220,220,220,0.7); border-radius:5px; display:none; z-index:10;"">
        <div style=""position:absolute; left:0px; width:2px; height:30px; background-color:black;""></div>
        <div style=""position:absolute; left:0px; top:32px; font-size:12px; color:black;"">Min (1)</div>
        <div style=""position:absolute; right:0px; width:2px; height:30px; background-color:black;""></div>
        <div style=""position:absolute; right:0px; top:32px; font-size:12px; color:black;"">Max (50)</div>
        <div id=""current-marker"" style=""position:absolute; left:0px; width:2px; height:30px; background-color:red; display:none;""></div>
      </div>
    `;
    $("".jspsych-content-wrapper"").append(scaleHtml);
  
    // workaround with a global variable
    window.__imageMouseOver = {
      lineSlice: lineSlice,
      slices: slices,
      nScale: nScale,
      imgBase: imgBase,
      startTime: startTime,
      trialData: trialData,
      sliceSelected: 0,
    };
    var __listenerBools = {};
  
    // define mousemove event listener that changes image
    function changeImg(event) {
      var mouseX = Math.floor(event.pageX);
      
      // Show the scale after interaction begins
      $(""#scale-container"").css(""display"", ""block"");
      
      // Update current marker position based on mouse position
      var scaleWidth = $(""#scale-container"").width();
      var relativePos = Math.max(0, Math.min(mouseX - scaleLeft, scaleWidth));
      var percentPos = (relativePos / scaleWidth) * 100;
      
      $(""#current-marker"").css({
        ""left"": `${relativePos}px`,
        ""display"": ""block""
      });
      
      for (var i = 0; i < __imageMouseOver.slices.length; i++) {
        // if mouse X position is within the bounds of the X axis slice,
        // change the image to one that is indexed to that slice
        if (mouseX >= __imageMouseOver.slices[i][0] && mouseX <= __imageMouseOver.slices[i][1]) {
          // capture which slice is selected
          __imageMouseOver.sliceSelected = i;
          // update img src to the picture that corresponds to that slice
          $('#changeable-image').attr('src', `img/${__imageMouseOver.imgBase}${__imageMouseOver.nScale[i]}.jpg`);
        }
      };
    };
    
    // define the click listener that ends trial
    function clickHandler(event) {
      if (__listenerBools['mousemove']) {
        // derive trial data
        var trialData = __imageMouseOver.trialData;
        var end_time = (new Date()).getTime();
        var rt = end_time - __imageMouseOver.startTime;
        trialData['rt'] = rt;
        trialData['stimulus_duration'] = rt;
        trialData['trial_duration'] = rt;
        trialData['imageSelected'] = `${__imageMouseOver.imgBase}${__imageMouseOver.nScale[__imageMouseOver.sliceSelected]}.jpg`
        trialData['indexSelected'] = __imageMouseOver.sliceSelected;
        // turn off listeners
        $(document).off('mousemove');
        $(document).off('click');
        // clean up variable namespaces
        delete window.__imageMouseOver
        delete __listenerBools;
        // clean up scale
        $(""#scale-container"").remove();
        // finish the trial with trial data
        jsPsych.finishTrial(trialData);
      };
    };
  
    function verticalLineInit(event) {
      var mouseX = Math.floor(event.pageX);
      if (mouseX <= __imageMouseOver.lineSlice) {
        $(""#vertLine"").remove();
        $(""#linePrompt"").remove();
        $(""#jspsych-image-slider-response_noButton-stimulus > img"").css({
          ""filter"":""blur(0px)"",
          ""visibility"": ""visible"",
        });
        $('#jspsych-content > p').css(""visibility"", ""visible"");
        __listenerBools['mousemove'] = true;
        // turn off THIS mouse move listener
        $(document).off(""mousemove"");
        // turn on the mouse move listener that changes the image
        $(document).mousemove(changeImg);
        // add mouse click listener
        $(document).on('click', clickHandler);
      };
    };
  
    // turn on the vertical line mouse move listener
    $(document).mousemove(verticalLineInit);
  }","[object Object]","0","","Continue","8467","8467","true","red17.jpg","16","avg","500","red","10","[17,21,18,24,25,28,29,32,33,35]","26","three giraffes","86","red","",""
"html-keyboard-response","268","904518","0.0-268.0","573b8bc2f3580b0006ce0986","null","","","","<p style=""font-size: 48px;""> + </p>","null","fixation","","","","","","","","","","","","","","","","","","","","","","","","","red","",""
"html-keyboard-response","269","906022","0.0-269.0","573b8bc2f3580b0006ce0986","null","","","","<span class='grid'><div> </div> <div> </div> <div class='red' style='background-position:1300% 0%;margin-top:25px'></div> <div> </div> <div> </div> <div> </div> <div> </div> <div> </div> <div> </div> <div> </div> <div class='red' style='background-position:2100% 0%;margin-top:42px'></div> <div> </div> <div> </div> <div> </div></span>","null","stimulus","{""index"":73,""type"":""experimental"",""array_length"":10,""meanVal"":26,""color"":""red""}","","","","","","","","","","","","","","","","","","","","","","","","red","",""
"image-slider-response_noButton","270","913045","0.0-270.0","573b8bc2f3580b0006ce0986","7022","","","","img/red1.jpg,img/red2.jpg,img/red3.jpg,img/red4.jpg,img/red5.jpg,img/red6.jpg,img/red7.jpg,img/red8.jpg,img/red9.jpg,img/red10.jpg,img/red11.jpg,img/red12.jpg,img/red13.jpg,img/red14.jpg,img/red15.jpg,img/red16.jpg,img/red17.jpg,img/red18.jpg,img/red19.jpg,img/red20.jpg,img/red21.jpg,img/red22.jpg,img/red23.jpg,img/red24.jpg,img/red25.jpg,img/red26.jpg,img/red27.jpg,img/red28.jpg,img/red29.jpg,img/red30.jpg,img/red31.jpg,img/red32.jpg,img/red33.jpg,img/red34.jpg,img/red35.jpg,img/red36.jpg,img/red37.jpg,img/red38.jpg,img/red39.jpg,img/red40.jpg,img/red41.jpg,img/red42.jpg,img/red43.jpg,img/red44.jpg,img/red45.jpg,img/red46.jpg,img/red47.jpg,img/red48.jpg,img/red49.jpg,img/red50.jpg","","response","{""index"":74,""type"":""experimental"",""array_length"":2,""meanVal"":17,""color"":""red""}","image-slider-response_noButton","<p>what was the average redness of the array?</p>","1","50","0","function morphedScaleRed() {
    // defining a few helper functions
    function nrange(size, startAt = 0) {
      return [...Array(size).keys()].map(i => i + startAt);
    };
  
    function fillArray(value, len) {
      var arr = [];
      for (var i = 0; i < len; i++) {
        arr.push(value);
      }
      return arr;
    };
  
    function generateSlices(vWidth, nSlices) {
      var step = vWidth*0.6/(nSlices-2);
      var stepArray = fillArray(step,nSlices-2)
      stepArray.unshift(0.2*vWidth)
      stepArray.push(0.2*vWidth)
  
      var bounds = [];
      
      for (var i = 0; i < nSlices; i++) {
        if (i==0) {
          bounds.push([(i*stepArray[i]), (i*stepArray[i])+stepArray[i]])
        } else if (i>0 && i!=nSlices-1) {
          bounds.push([(i*stepArray[i]+0.2*vWidth), (i*stepArray[i])+stepArray[i]+0.2*vWidth])
        } else {
          bounds.push([(vWidth-0.2*vWidth), vWidth])  
        }
      };
      return bounds;
    };
    
    // start trial timer
    var startTime = (new Date()).getTime();
    // get trial data
    var trialData = jsPsych.currentTrial();
  
    // remove the picture scales and the slider
    $('.jspsych-image-slider-response_noButton-container').css(""visibility"", ""hidden"");
    $('img').remove();
    
    // Remove mondrian background for rating phase
    $('body').css('background-image', 'none');
  
    var imgScale = getScaleRed();
    
    // derive the letter of the image filenames
    var imgBase = imgScale[0].split('img/')[1].split('.jpg')[0].replace(/\d+/g, '');
    
    // split the number of the image filenames off from the rest of it
    var nScale = [];
    for (var i = 0; i < imgScale.length-1; i++) {
      var n = imgScale[i].split('img/')[1].split('.jpg')[0].split(imgBase)[1];
      nScale.push(n);
    };
    
    // calculate the element width, and slice it up into sections
    var vWidth = $(document).width();
    var nSlices = nScale.length;
    var slices = generateSlices(vWidth, nSlices);
  
    // setting up initial vertical line to start the mousemove functionality
    var vHeight = $(document).height()-8;
    var lineSlice = vWidth / 10;
    var vertLine = `<div style=""border-left:black;border-style:solid;margin-left:${lineSlice}px; height:${vHeight}px;width:0px;position:absolute;"" id=""vertLine""></div>`;
    var linePrompt = `<div id=""linePrompt""><div style=""font-size:50px;position:absolute;margin-left:${lineSlice*1.3}px;margin-top:${vHeight/2}px""></div><div style=""position:absolute;margin-left:${lineSlice*1.2}px;margin-top:${vHeight/2}px;z-index:5;"">Move mouse left of the line to begin</div></div>`;
    $("".jspsych-content-wrapper"").prepend(vertLine);
    $("".jspsych-content-wrapper"").prepend(linePrompt);
    
    // hide prompt until the trial is begun
    $('#jspsych-content > p').css(""visibility"", ""hidden"");
  
    // initialize the central image with the most neutral one (i.e. from
    // the middle of the scale) and set the image to be blurred
    var initialImage = imgScale[0];
    $('#jspsych-image-slider-response_noButton-stimulus').append(`<img src=""${initialImage}"" style=""filter:blur(4px);visibility:hidden;"" id=""changeable-image""/>`);
  
    // ADD VISUAL SCALE SHOWING MIN/MAX
    var scaleWidth = vWidth * 0.6;
    var scaleLeft = vWidth * 0.2;
    var scaleHtml = `
      <div id=""scale-container"" style=""position:absolute; bottom:120px; left:${scaleLeft}px; width:${scaleWidth}px; height:30px; background-color:rgba(220,220,220,0.7); border-radius:5px; display:none; z-index:10;"">
        <div style=""position:absolute; left:0px; width:2px; height:30px; background-color:black;""></div>
        <div style=""position:absolute; left:0px; top:32px; font-size:12px; color:black;"">Min (1)</div>
        <div style=""position:absolute; right:0px; width:2px; height:30px; background-color:black;""></div>
        <div style=""position:absolute; right:0px; top:32px; font-size:12px; color:black;"">Max (50)</div>
        <div id=""current-marker"" style=""position:absolute; left:0px; width:2px; height:30px; background-color:red; display:none;""></div>
      </div>
    `;
    $("".jspsych-content-wrapper"").append(scaleHtml);
  
    // workaround with a global variable
    window.__imageMouseOver = {
      lineSlice: lineSlice,
      slices: slices,
      nScale: nScale,
      imgBase: imgBase,
      startTime: startTime,
      trialData: trialData,
      sliceSelected: 0,
    };
    var __listenerBools = {};
  
    // define mousemove event listener that changes image
    function changeImg(event) {
      var mouseX = Math.floor(event.pageX);
      
      // Show the scale after interaction begins
      $(""#scale-container"").css(""display"", ""block"");
      
      // Update current marker position based on mouse position
      var scaleWidth = $(""#scale-container"").width();
      var relativePos = Math.max(0, Math.min(mouseX - scaleLeft, scaleWidth));
      var percentPos = (relativePos / scaleWidth) * 100;
      
      $(""#current-marker"").css({
        ""left"": `${relativePos}px`,
        ""display"": ""block""
      });
      
      for (var i = 0; i < __imageMouseOver.slices.length; i++) {
        // if mouse X position is within the bounds of the X axis slice,
        // change the image to one that is indexed to that slice
        if (mouseX >= __imageMouseOver.slices[i][0] && mouseX <= __imageMouseOver.slices[i][1]) {
          // capture which slice is selected
          __imageMouseOver.sliceSelected = i;
          // update img src to the picture that corresponds to that slice
          $('#changeable-image').attr('src', `img/${__imageMouseOver.imgBase}${__imageMouseOver.nScale[i]}.jpg`);
        }
      };
    };
    
    // define the click listener that ends trial
    function clickHandler(event) {
      if (__listenerBools['mousemove']) {
        // derive trial data
        var trialData = __imageMouseOver.trialData;
        var end_time = (new Date()).getTime();
        var rt = end_time - __imageMouseOver.startTime;
        trialData['rt'] = rt;
        trialData['stimulus_duration'] = rt;
        trialData['trial_duration'] = rt;
        trialData['imageSelected'] = `${__imageMouseOver.imgBase}${__imageMouseOver.nScale[__imageMouseOver.sliceSelected]}.jpg`
        trialData['indexSelected'] = __imageMouseOver.sliceSelected;
        // turn off listeners
        $(document).off('mousemove');
        $(document).off('click');
        // clean up variable namespaces
        delete window.__imageMouseOver
        delete __listenerBools;
        // clean up scale
        $(""#scale-container"").remove();
        // finish the trial with trial data
        jsPsych.finishTrial(trialData);
      };
    };
  
    function verticalLineInit(event) {
      var mouseX = Math.floor(event.pageX);
      if (mouseX <= __imageMouseOver.lineSlice) {
        $(""#vertLine"").remove();
        $(""#linePrompt"").remove();
        $(""#jspsych-image-slider-response_noButton-stimulus > img"").css({
          ""filter"":""blur(0px)"",
          ""visibility"": ""visible"",
        });
        $('#jspsych-content > p').css(""visibility"", ""visible"");
        __listenerBools['mousemove'] = true;
        // turn off THIS mouse move listener
        $(document).off(""mousemove"");
        // turn on the mouse move listener that changes the image
        $(document).mousemove(changeImg);
        // add mouse click listener
        $(document).on('click', clickHandler);
      };
    };
  
    // turn on the vertical line mouse move listener
    $(document).mousemove(verticalLineInit);
  }","[object Object]","0","","Continue","7022","7022","true","red15.jpg","14","avg","600","red","2","[13,21]","17","three giraffes","87","red","",""
"html-keyboard-response","271","913656","0.0-271.0","573b8bc2f3580b0006ce0986","null","","","","<p style=""font-size: 48px;""> + </p>","null","fixation","","","","","","","","","","","","","","","","","","","","","","","","","red","",""
"html-keyboard-response","272","915158","0.0-272.0","573b8bc2f3580b0006ce0986","null","","","","<span class='grid'><div> </div> <div class='red' style='background-position:1800% 0%;margin-top:44px'></div> <div> </div> <div class='red' style='background-position:1100% 0%;margin-top:43px'></div> <div class='red' style='background-position:2100% 0%;margin-top:30px'></div> <div> </div> <div class='red' style='background-position:2600% 0%;margin-top:20px'></div> <div> </div> <div> </div> <div class='red' style='background-position:2200% 0%;margin-top:23px'></div> <div class='red' style='background-position:1700% 0%;margin-top:22px'></div> <div class='red' style='background-position:1400% 0%;margin-top:26px'></div> <div class='red' style='background-position:1000% 0%;margin-top:28px'></div> <div> </div> <div> </div> <div class='red' style='background-position:2800% 0%;margin-top:29px'></div> <div> </div> <div class='red' style='background-position:2500% 0%;margin-top:48px'></div></span>","null","stimulus","{""index"":74,""type"":""experimental"",""array_length"":2,""meanVal"":17,""color"":""red""}","","","","","","","","","","","","","","","","","","","","","","","","red","",""
"image-slider-response_noButton","273","921811","0.0-273.0","573b8bc2f3580b0006ce0986","6652","","","","img/red1.jpg,img/red2.jpg,img/red3.jpg,img/red4.jpg,img/red5.jpg,img/red6.jpg,img/red7.jpg,img/red8.jpg,img/red9.jpg,img/red10.jpg,img/red11.jpg,img/red12.jpg,img/red13.jpg,img/red14.jpg,img/red15.jpg,img/red16.jpg,img/red17.jpg,img/red18.jpg,img/red19.jpg,img/red20.jpg,img/red21.jpg,img/red22.jpg,img/red23.jpg,img/red24.jpg,img/red25.jpg,img/red26.jpg,img/red27.jpg,img/red28.jpg,img/red29.jpg,img/red30.jpg,img/red31.jpg,img/red32.jpg,img/red33.jpg,img/red34.jpg,img/red35.jpg,img/red36.jpg,img/red37.jpg,img/red38.jpg,img/red39.jpg,img/red40.jpg,img/red41.jpg,img/red42.jpg,img/red43.jpg,img/red44.jpg,img/red45.jpg,img/red46.jpg,img/red47.jpg,img/red48.jpg,img/red49.jpg,img/red50.jpg","","response","{""index"":75,""type"":""experimental"",""array_length"":10,""meanVal"":19,""color"":""red""}","image-slider-response_noButton","<p>what was the average redness of the array?</p>","1","50","0","function morphedScaleRed() {
    // defining a few helper functions
    function nrange(size, startAt = 0) {
      return [...Array(size).keys()].map(i => i + startAt);
    };
  
    function fillArray(value, len) {
      var arr = [];
      for (var i = 0; i < len; i++) {
        arr.push(value);
      }
      return arr;
    };
  
    function generateSlices(vWidth, nSlices) {
      var step = vWidth*0.6/(nSlices-2);
      var stepArray = fillArray(step,nSlices-2)
      stepArray.unshift(0.2*vWidth)
      stepArray.push(0.2*vWidth)
  
      var bounds = [];
      
      for (var i = 0; i < nSlices; i++) {
        if (i==0) {
          bounds.push([(i*stepArray[i]), (i*stepArray[i])+stepArray[i]])
        } else if (i>0 && i!=nSlices-1) {
          bounds.push([(i*stepArray[i]+0.2*vWidth), (i*stepArray[i])+stepArray[i]+0.2*vWidth])
        } else {
          bounds.push([(vWidth-0.2*vWidth), vWidth])  
        }
      };
      return bounds;
    };
    
    // start trial timer
    var startTime = (new Date()).getTime();
    // get trial data
    var trialData = jsPsych.currentTrial();
  
    // remove the picture scales and the slider
    $('.jspsych-image-slider-response_noButton-container').css(""visibility"", ""hidden"");
    $('img').remove();
    
    // Remove mondrian background for rating phase
    $('body').css('background-image', 'none');
  
    var imgScale = getScaleRed();
    
    // derive the letter of the image filenames
    var imgBase = imgScale[0].split('img/')[1].split('.jpg')[0].replace(/\d+/g, '');
    
    // split the number of the image filenames off from the rest of it
    var nScale = [];
    for (var i = 0; i < imgScale.length-1; i++) {
      var n = imgScale[i].split('img/')[1].split('.jpg')[0].split(imgBase)[1];
      nScale.push(n);
    };
    
    // calculate the element width, and slice it up into sections
    var vWidth = $(document).width();
    var nSlices = nScale.length;
    var slices = generateSlices(vWidth, nSlices);
  
    // setting up initial vertical line to start the mousemove functionality
    var vHeight = $(document).height()-8;
    var lineSlice = vWidth / 10;
    var vertLine = `<div style=""border-left:black;border-style:solid;margin-left:${lineSlice}px; height:${vHeight}px;width:0px;position:absolute;"" id=""vertLine""></div>`;
    var linePrompt = `<div id=""linePrompt""><div style=""font-size:50px;position:absolute;margin-left:${lineSlice*1.3}px;margin-top:${vHeight/2}px""></div><div style=""position:absolute;margin-left:${lineSlice*1.2}px;margin-top:${vHeight/2}px;z-index:5;"">Move mouse left of the line to begin</div></div>`;
    $("".jspsych-content-wrapper"").prepend(vertLine);
    $("".jspsych-content-wrapper"").prepend(linePrompt);
    
    // hide prompt until the trial is begun
    $('#jspsych-content > p').css(""visibility"", ""hidden"");
  
    // initialize the central image with the most neutral one (i.e. from
    // the middle of the scale) and set the image to be blurred
    var initialImage = imgScale[0];
    $('#jspsych-image-slider-response_noButton-stimulus').append(`<img src=""${initialImage}"" style=""filter:blur(4px);visibility:hidden;"" id=""changeable-image""/>`);
  
    // ADD VISUAL SCALE SHOWING MIN/MAX
    var scaleWidth = vWidth * 0.6;
    var scaleLeft = vWidth * 0.2;
    var scaleHtml = `
      <div id=""scale-container"" style=""position:absolute; bottom:120px; left:${scaleLeft}px; width:${scaleWidth}px; height:30px; background-color:rgba(220,220,220,0.7); border-radius:5px; display:none; z-index:10;"">
        <div style=""position:absolute; left:0px; width:2px; height:30px; background-color:black;""></div>
        <div style=""position:absolute; left:0px; top:32px; font-size:12px; color:black;"">Min (1)</div>
        <div style=""position:absolute; right:0px; width:2px; height:30px; background-color:black;""></div>
        <div style=""position:absolute; right:0px; top:32px; font-size:12px; color:black;"">Max (50)</div>
        <div id=""current-marker"" style=""position:absolute; left:0px; width:2px; height:30px; background-color:red; display:none;""></div>
      </div>
    `;
    $("".jspsych-content-wrapper"").append(scaleHtml);
  
    // workaround with a global variable
    window.__imageMouseOver = {
      lineSlice: lineSlice,
      slices: slices,
      nScale: nScale,
      imgBase: imgBase,
      startTime: startTime,
      trialData: trialData,
      sliceSelected: 0,
    };
    var __listenerBools = {};
  
    // define mousemove event listener that changes image
    function changeImg(event) {
      var mouseX = Math.floor(event.pageX);
      
      // Show the scale after interaction begins
      $(""#scale-container"").css(""display"", ""block"");
      
      // Update current marker position based on mouse position
      var scaleWidth = $(""#scale-container"").width();
      var relativePos = Math.max(0, Math.min(mouseX - scaleLeft, scaleWidth));
      var percentPos = (relativePos / scaleWidth) * 100;
      
      $(""#current-marker"").css({
        ""left"": `${relativePos}px`,
        ""display"": ""block""
      });
      
      for (var i = 0; i < __imageMouseOver.slices.length; i++) {
        // if mouse X position is within the bounds of the X axis slice,
        // change the image to one that is indexed to that slice
        if (mouseX >= __imageMouseOver.slices[i][0] && mouseX <= __imageMouseOver.slices[i][1]) {
          // capture which slice is selected
          __imageMouseOver.sliceSelected = i;
          // update img src to the picture that corresponds to that slice
          $('#changeable-image').attr('src', `img/${__imageMouseOver.imgBase}${__imageMouseOver.nScale[i]}.jpg`);
        }
      };
    };
    
    // define the click listener that ends trial
    function clickHandler(event) {
      if (__listenerBools['mousemove']) {
        // derive trial data
        var trialData = __imageMouseOver.trialData;
        var end_time = (new Date()).getTime();
        var rt = end_time - __imageMouseOver.startTime;
        trialData['rt'] = rt;
        trialData['stimulus_duration'] = rt;
        trialData['trial_duration'] = rt;
        trialData['imageSelected'] = `${__imageMouseOver.imgBase}${__imageMouseOver.nScale[__imageMouseOver.sliceSelected]}.jpg`
        trialData['indexSelected'] = __imageMouseOver.sliceSelected;
        // turn off listeners
        $(document).off('mousemove');
        $(document).off('click');
        // clean up variable namespaces
        delete window.__imageMouseOver
        delete __listenerBools;
        // clean up scale
        $(""#scale-container"").remove();
        // finish the trial with trial data
        jsPsych.finishTrial(trialData);
      };
    };
  
    function verticalLineInit(event) {
      var mouseX = Math.floor(event.pageX);
      if (mouseX <= __imageMouseOver.lineSlice) {
        $(""#vertLine"").remove();
        $(""#linePrompt"").remove();
        $(""#jspsych-image-slider-response_noButton-stimulus > img"").css({
          ""filter"":""blur(0px)"",
          ""visibility"": ""visible"",
        });
        $('#jspsych-content > p').css(""visibility"", ""visible"");
        __listenerBools['mousemove'] = true;
        // turn off THIS mouse move listener
        $(document).off(""mousemove"");
        // turn on the mouse move listener that changes the image
        $(document).mousemove(changeImg);
        // add mouse click listener
        $(document).on('click', clickHandler);
      };
    };
  
    // turn on the vertical line mouse move listener
    $(document).mousemove(verticalLineInit);
  }","[object Object]","0","","Continue","6652","6652","true","red18.jpg","17","avg","600","red","10","[10,14,11,17,18,21,22,25,26,28]","19","three giraffes","88","red","",""
"html-keyboard-response","274","922316","0.0-274.0","573b8bc2f3580b0006ce0986","null","","","","<p style=""font-size: 48px;""> + </p>","null","fixation","","","","","","","","","","","","","","","","","","","","","","","","","red","",""
"html-keyboard-response","275","923819","0.0-275.0","573b8bc2f3580b0006ce0986","null","","","","<span class='grid'><div> </div> <div> </div> <div> </div> <div> </div> <div> </div> <div class='red' style='background-position:1400% 0%;margin-top:38px'></div> <div> </div> <div> </div> <div class='red' style='background-position:2200% 0%;margin-top:24px'></div> <div> </div> <div> </div> <div> </div> <div> </div> <div> </div></span>","null","stimulus","{""index"":75,""type"":""experimental"",""array_length"":10,""meanVal"":19,""color"":""red""}","","","","","","","","","","","","","","","","","","","","","","","","red","",""
"image-slider-response_noButton","276","929675","0.0-276.0","573b8bc2f3580b0006ce0986","5855","","","","img/red1.jpg,img/red2.jpg,img/red3.jpg,img/red4.jpg,img/red5.jpg,img/red6.jpg,img/red7.jpg,img/red8.jpg,img/red9.jpg,img/red10.jpg,img/red11.jpg,img/red12.jpg,img/red13.jpg,img/red14.jpg,img/red15.jpg,img/red16.jpg,img/red17.jpg,img/red18.jpg,img/red19.jpg,img/red20.jpg,img/red21.jpg,img/red22.jpg,img/red23.jpg,img/red24.jpg,img/red25.jpg,img/red26.jpg,img/red27.jpg,img/red28.jpg,img/red29.jpg,img/red30.jpg,img/red31.jpg,img/red32.jpg,img/red33.jpg,img/red34.jpg,img/red35.jpg,img/red36.jpg,img/red37.jpg,img/red38.jpg,img/red39.jpg,img/red40.jpg,img/red41.jpg,img/red42.jpg,img/red43.jpg,img/red44.jpg,img/red45.jpg,img/red46.jpg,img/red47.jpg,img/red48.jpg,img/red49.jpg,img/red50.jpg","","response","{""index"":76,""type"":""experimental"",""array_length"":2,""meanVal"":18,""color"":""red""}","image-slider-response_noButton","<p>what was the average redness of the array?</p>","1","50","0","function morphedScaleRed() {
    // defining a few helper functions
    function nrange(size, startAt = 0) {
      return [...Array(size).keys()].map(i => i + startAt);
    };
  
    function fillArray(value, len) {
      var arr = [];
      for (var i = 0; i < len; i++) {
        arr.push(value);
      }
      return arr;
    };
  
    function generateSlices(vWidth, nSlices) {
      var step = vWidth*0.6/(nSlices-2);
      var stepArray = fillArray(step,nSlices-2)
      stepArray.unshift(0.2*vWidth)
      stepArray.push(0.2*vWidth)
  
      var bounds = [];
      
      for (var i = 0; i < nSlices; i++) {
        if (i==0) {
          bounds.push([(i*stepArray[i]), (i*stepArray[i])+stepArray[i]])
        } else if (i>0 && i!=nSlices-1) {
          bounds.push([(i*stepArray[i]+0.2*vWidth), (i*stepArray[i])+stepArray[i]+0.2*vWidth])
        } else {
          bounds.push([(vWidth-0.2*vWidth), vWidth])  
        }
      };
      return bounds;
    };
    
    // start trial timer
    var startTime = (new Date()).getTime();
    // get trial data
    var trialData = jsPsych.currentTrial();
  
    // remove the picture scales and the slider
    $('.jspsych-image-slider-response_noButton-container').css(""visibility"", ""hidden"");
    $('img').remove();
    
    // Remove mondrian background for rating phase
    $('body').css('background-image', 'none');
  
    var imgScale = getScaleRed();
    
    // derive the letter of the image filenames
    var imgBase = imgScale[0].split('img/')[1].split('.jpg')[0].replace(/\d+/g, '');
    
    // split the number of the image filenames off from the rest of it
    var nScale = [];
    for (var i = 0; i < imgScale.length-1; i++) {
      var n = imgScale[i].split('img/')[1].split('.jpg')[0].split(imgBase)[1];
      nScale.push(n);
    };
    
    // calculate the element width, and slice it up into sections
    var vWidth = $(document).width();
    var nSlices = nScale.length;
    var slices = generateSlices(vWidth, nSlices);
  
    // setting up initial vertical line to start the mousemove functionality
    var vHeight = $(document).height()-8;
    var lineSlice = vWidth / 10;
    var vertLine = `<div style=""border-left:black;border-style:solid;margin-left:${lineSlice}px; height:${vHeight}px;width:0px;position:absolute;"" id=""vertLine""></div>`;
    var linePrompt = `<div id=""linePrompt""><div style=""font-size:50px;position:absolute;margin-left:${lineSlice*1.3}px;margin-top:${vHeight/2}px""></div><div style=""position:absolute;margin-left:${lineSlice*1.2}px;margin-top:${vHeight/2}px;z-index:5;"">Move mouse left of the line to begin</div></div>`;
    $("".jspsych-content-wrapper"").prepend(vertLine);
    $("".jspsych-content-wrapper"").prepend(linePrompt);
    
    // hide prompt until the trial is begun
    $('#jspsych-content > p').css(""visibility"", ""hidden"");
  
    // initialize the central image with the most neutral one (i.e. from
    // the middle of the scale) and set the image to be blurred
    var initialImage = imgScale[0];
    $('#jspsych-image-slider-response_noButton-stimulus').append(`<img src=""${initialImage}"" style=""filter:blur(4px);visibility:hidden;"" id=""changeable-image""/>`);
  
    // ADD VISUAL SCALE SHOWING MIN/MAX
    var scaleWidth = vWidth * 0.6;
    var scaleLeft = vWidth * 0.2;
    var scaleHtml = `
      <div id=""scale-container"" style=""position:absolute; bottom:120px; left:${scaleLeft}px; width:${scaleWidth}px; height:30px; background-color:rgba(220,220,220,0.7); border-radius:5px; display:none; z-index:10;"">
        <div style=""position:absolute; left:0px; width:2px; height:30px; background-color:black;""></div>
        <div style=""position:absolute; left:0px; top:32px; font-size:12px; color:black;"">Min (1)</div>
        <div style=""position:absolute; right:0px; width:2px; height:30px; background-color:black;""></div>
        <div style=""position:absolute; right:0px; top:32px; font-size:12px; color:black;"">Max (50)</div>
        <div id=""current-marker"" style=""position:absolute; left:0px; width:2px; height:30px; background-color:red; display:none;""></div>
      </div>
    `;
    $("".jspsych-content-wrapper"").append(scaleHtml);
  
    // workaround with a global variable
    window.__imageMouseOver = {
      lineSlice: lineSlice,
      slices: slices,
      nScale: nScale,
      imgBase: imgBase,
      startTime: startTime,
      trialData: trialData,
      sliceSelected: 0,
    };
    var __listenerBools = {};
  
    // define mousemove event listener that changes image
    function changeImg(event) {
      var mouseX = Math.floor(event.pageX);
      
      // Show the scale after interaction begins
      $(""#scale-container"").css(""display"", ""block"");
      
      // Update current marker position based on mouse position
      var scaleWidth = $(""#scale-container"").width();
      var relativePos = Math.max(0, Math.min(mouseX - scaleLeft, scaleWidth));
      var percentPos = (relativePos / scaleWidth) * 100;
      
      $(""#current-marker"").css({
        ""left"": `${relativePos}px`,
        ""display"": ""block""
      });
      
      for (var i = 0; i < __imageMouseOver.slices.length; i++) {
        // if mouse X position is within the bounds of the X axis slice,
        // change the image to one that is indexed to that slice
        if (mouseX >= __imageMouseOver.slices[i][0] && mouseX <= __imageMouseOver.slices[i][1]) {
          // capture which slice is selected
          __imageMouseOver.sliceSelected = i;
          // update img src to the picture that corresponds to that slice
          $('#changeable-image').attr('src', `img/${__imageMouseOver.imgBase}${__imageMouseOver.nScale[i]}.jpg`);
        }
      };
    };
    
    // define the click listener that ends trial
    function clickHandler(event) {
      if (__listenerBools['mousemove']) {
        // derive trial data
        var trialData = __imageMouseOver.trialData;
        var end_time = (new Date()).getTime();
        var rt = end_time - __imageMouseOver.startTime;
        trialData['rt'] = rt;
        trialData['stimulus_duration'] = rt;
        trialData['trial_duration'] = rt;
        trialData['imageSelected'] = `${__imageMouseOver.imgBase}${__imageMouseOver.nScale[__imageMouseOver.sliceSelected]}.jpg`
        trialData['indexSelected'] = __imageMouseOver.sliceSelected;
        // turn off listeners
        $(document).off('mousemove');
        $(document).off('click');
        // clean up variable namespaces
        delete window.__imageMouseOver
        delete __listenerBools;
        // clean up scale
        $(""#scale-container"").remove();
        // finish the trial with trial data
        jsPsych.finishTrial(trialData);
      };
    };
  
    function verticalLineInit(event) {
      var mouseX = Math.floor(event.pageX);
      if (mouseX <= __imageMouseOver.lineSlice) {
        $(""#vertLine"").remove();
        $(""#linePrompt"").remove();
        $(""#jspsych-image-slider-response_noButton-stimulus > img"").css({
          ""filter"":""blur(0px)"",
          ""visibility"": ""visible"",
        });
        $('#jspsych-content > p').css(""visibility"", ""visible"");
        __listenerBools['mousemove'] = true;
        // turn off THIS mouse move listener
        $(document).off(""mousemove"");
        // turn on the mouse move listener that changes the image
        $(document).mousemove(changeImg);
        // add mouse click listener
        $(document).on('click', clickHandler);
      };
    };
  
    // turn on the vertical line mouse move listener
    $(document).mousemove(verticalLineInit);
  }","[object Object]","0","","Continue","5855","5855","true","red15.jpg","14","avg","500","red","2","[14,22]","18","three giraffes","89","red","",""
"html-keyboard-response","277","930075","0.0-277.0","573b8bc2f3580b0006ce0986","null","","","","<p style=""font-size: 48px;""> + </p>","null","fixation","","","","","","","","","","","","","","","","","","","","","","","","","red","",""
"html-keyboard-response","278","931579","0.0-278.0","573b8bc2f3580b0006ce0986","null","","","","<span class='grid'><div> </div> <div> </div> <div> </div> <div> </div> <div> </div> <div class='red' style='background-position:2900% 0%;margin-top:38px'></div> <div> </div> <div> </div> <div> </div> <div> </div> <div> </div> <div> </div> <div> </div> <div class='red' style='background-position:2100% 0%;margin-top:32px'></div></span>","null","stimulus","{""index"":76,""type"":""experimental"",""array_length"":2,""meanVal"":18,""color"":""red""}","","","","","","","","","","","","","","","","","","","","","","","","red","",""
"image-slider-response_noButton","279","936924","0.0-279.0","573b8bc2f3580b0006ce0986","5344","","","","img/red1.jpg,img/red2.jpg,img/red3.jpg,img/red4.jpg,img/red5.jpg,img/red6.jpg,img/red7.jpg,img/red8.jpg,img/red9.jpg,img/red10.jpg,img/red11.jpg,img/red12.jpg,img/red13.jpg,img/red14.jpg,img/red15.jpg,img/red16.jpg,img/red17.jpg,img/red18.jpg,img/red19.jpg,img/red20.jpg,img/red21.jpg,img/red22.jpg,img/red23.jpg,img/red24.jpg,img/red25.jpg,img/red26.jpg,img/red27.jpg,img/red28.jpg,img/red29.jpg,img/red30.jpg,img/red31.jpg,img/red32.jpg,img/red33.jpg,img/red34.jpg,img/red35.jpg,img/red36.jpg,img/red37.jpg,img/red38.jpg,img/red39.jpg,img/red40.jpg,img/red41.jpg,img/red42.jpg,img/red43.jpg,img/red44.jpg,img/red45.jpg,img/red46.jpg,img/red47.jpg,img/red48.jpg,img/red49.jpg,img/red50.jpg","","response","{""index"":77,""type"":""experimental"",""array_length"":2,""meanVal"":25,""color"":""red""}","image-slider-response_noButton","<p>what was the average redness of the array?</p>","1","50","0","function morphedScaleRed() {
    // defining a few helper functions
    function nrange(size, startAt = 0) {
      return [...Array(size).keys()].map(i => i + startAt);
    };
  
    function fillArray(value, len) {
      var arr = [];
      for (var i = 0; i < len; i++) {
        arr.push(value);
      }
      return arr;
    };
  
    function generateSlices(vWidth, nSlices) {
      var step = vWidth*0.6/(nSlices-2);
      var stepArray = fillArray(step,nSlices-2)
      stepArray.unshift(0.2*vWidth)
      stepArray.push(0.2*vWidth)
  
      var bounds = [];
      
      for (var i = 0; i < nSlices; i++) {
        if (i==0) {
          bounds.push([(i*stepArray[i]), (i*stepArray[i])+stepArray[i]])
        } else if (i>0 && i!=nSlices-1) {
          bounds.push([(i*stepArray[i]+0.2*vWidth), (i*stepArray[i])+stepArray[i]+0.2*vWidth])
        } else {
          bounds.push([(vWidth-0.2*vWidth), vWidth])  
        }
      };
      return bounds;
    };
    
    // start trial timer
    var startTime = (new Date()).getTime();
    // get trial data
    var trialData = jsPsych.currentTrial();
  
    // remove the picture scales and the slider
    $('.jspsych-image-slider-response_noButton-container').css(""visibility"", ""hidden"");
    $('img').remove();
    
    // Remove mondrian background for rating phase
    $('body').css('background-image', 'none');
  
    var imgScale = getScaleRed();
    
    // derive the letter of the image filenames
    var imgBase = imgScale[0].split('img/')[1].split('.jpg')[0].replace(/\d+/g, '');
    
    // split the number of the image filenames off from the rest of it
    var nScale = [];
    for (var i = 0; i < imgScale.length-1; i++) {
      var n = imgScale[i].split('img/')[1].split('.jpg')[0].split(imgBase)[1];
      nScale.push(n);
    };
    
    // calculate the element width, and slice it up into sections
    var vWidth = $(document).width();
    var nSlices = nScale.length;
    var slices = generateSlices(vWidth, nSlices);
  
    // setting up initial vertical line to start the mousemove functionality
    var vHeight = $(document).height()-8;
    var lineSlice = vWidth / 10;
    var vertLine = `<div style=""border-left:black;border-style:solid;margin-left:${lineSlice}px; height:${vHeight}px;width:0px;position:absolute;"" id=""vertLine""></div>`;
    var linePrompt = `<div id=""linePrompt""><div style=""font-size:50px;position:absolute;margin-left:${lineSlice*1.3}px;margin-top:${vHeight/2}px""></div><div style=""position:absolute;margin-left:${lineSlice*1.2}px;margin-top:${vHeight/2}px;z-index:5;"">Move mouse left of the line to begin</div></div>`;
    $("".jspsych-content-wrapper"").prepend(vertLine);
    $("".jspsych-content-wrapper"").prepend(linePrompt);
    
    // hide prompt until the trial is begun
    $('#jspsych-content > p').css(""visibility"", ""hidden"");
  
    // initialize the central image with the most neutral one (i.e. from
    // the middle of the scale) and set the image to be blurred
    var initialImage = imgScale[0];
    $('#jspsych-image-slider-response_noButton-stimulus').append(`<img src=""${initialImage}"" style=""filter:blur(4px);visibility:hidden;"" id=""changeable-image""/>`);
  
    // ADD VISUAL SCALE SHOWING MIN/MAX
    var scaleWidth = vWidth * 0.6;
    var scaleLeft = vWidth * 0.2;
    var scaleHtml = `
      <div id=""scale-container"" style=""position:absolute; bottom:120px; left:${scaleLeft}px; width:${scaleWidth}px; height:30px; background-color:rgba(220,220,220,0.7); border-radius:5px; display:none; z-index:10;"">
        <div style=""position:absolute; left:0px; width:2px; height:30px; background-color:black;""></div>
        <div style=""position:absolute; left:0px; top:32px; font-size:12px; color:black;"">Min (1)</div>
        <div style=""position:absolute; right:0px; width:2px; height:30px; background-color:black;""></div>
        <div style=""position:absolute; right:0px; top:32px; font-size:12px; color:black;"">Max (50)</div>
        <div id=""current-marker"" style=""position:absolute; left:0px; width:2px; height:30px; background-color:red; display:none;""></div>
      </div>
    `;
    $("".jspsych-content-wrapper"").append(scaleHtml);
  
    // workaround with a global variable
    window.__imageMouseOver = {
      lineSlice: lineSlice,
      slices: slices,
      nScale: nScale,
      imgBase: imgBase,
      startTime: startTime,
      trialData: trialData,
      sliceSelected: 0,
    };
    var __listenerBools = {};
  
    // define mousemove event listener that changes image
    function changeImg(event) {
      var mouseX = Math.floor(event.pageX);
      
      // Show the scale after interaction begins
      $(""#scale-container"").css(""display"", ""block"");
      
      // Update current marker position based on mouse position
      var scaleWidth = $(""#scale-container"").width();
      var relativePos = Math.max(0, Math.min(mouseX - scaleLeft, scaleWidth));
      var percentPos = (relativePos / scaleWidth) * 100;
      
      $(""#current-marker"").css({
        ""left"": `${relativePos}px`,
        ""display"": ""block""
      });
      
      for (var i = 0; i < __imageMouseOver.slices.length; i++) {
        // if mouse X position is within the bounds of the X axis slice,
        // change the image to one that is indexed to that slice
        if (mouseX >= __imageMouseOver.slices[i][0] && mouseX <= __imageMouseOver.slices[i][1]) {
          // capture which slice is selected
          __imageMouseOver.sliceSelected = i;
          // update img src to the picture that corresponds to that slice
          $('#changeable-image').attr('src', `img/${__imageMouseOver.imgBase}${__imageMouseOver.nScale[i]}.jpg`);
        }
      };
    };
    
    // define the click listener that ends trial
    function clickHandler(event) {
      if (__listenerBools['mousemove']) {
        // derive trial data
        var trialData = __imageMouseOver.trialData;
        var end_time = (new Date()).getTime();
        var rt = end_time - __imageMouseOver.startTime;
        trialData['rt'] = rt;
        trialData['stimulus_duration'] = rt;
        trialData['trial_duration'] = rt;
        trialData['imageSelected'] = `${__imageMouseOver.imgBase}${__imageMouseOver.nScale[__imageMouseOver.sliceSelected]}.jpg`
        trialData['indexSelected'] = __imageMouseOver.sliceSelected;
        // turn off listeners
        $(document).off('mousemove');
        $(document).off('click');
        // clean up variable namespaces
        delete window.__imageMouseOver
        delete __listenerBools;
        // clean up scale
        $(""#scale-container"").remove();
        // finish the trial with trial data
        jsPsych.finishTrial(trialData);
      };
    };
  
    function verticalLineInit(event) {
      var mouseX = Math.floor(event.pageX);
      if (mouseX <= __imageMouseOver.lineSlice) {
        $(""#vertLine"").remove();
        $(""#linePrompt"").remove();
        $(""#jspsych-image-slider-response_noButton-stimulus > img"").css({
          ""filter"":""blur(0px)"",
          ""visibility"": ""visible"",
        });
        $('#jspsych-content > p').css(""visibility"", ""visible"");
        __listenerBools['mousemove'] = true;
        // turn off THIS mouse move listener
        $(document).off(""mousemove"");
        // turn on the mouse move listener that changes the image
        $(document).mousemove(changeImg);
        // add mouse click listener
        $(document).on('click', clickHandler);
      };
    };
  
    // turn on the vertical line mouse move listener
    $(document).mousemove(verticalLineInit);
  }","[object Object]","0","","Continue","5344","5344","true","red16.jpg","15","avg","400","red","2","[21,29]","25","three giraffes","90","red","",""
"html-keyboard-response","280","937425","0.0-280.0","573b8bc2f3580b0006ce0986","null","","","","<p style=""font-size: 48px;""> + </p>","null","fixation","","","","","","","","","","","","","","","","","","","","","","","","","red","",""
"html-keyboard-response","281","938928","0.0-281.0","573b8bc2f3580b0006ce0986","null","","","","<span class='grid'><div class='red' style='background-position:3400% 0%;margin-top:50px'></div> <div> </div> <div class='red' style='background-position:2700% 0%;margin-top:45px'></div> <div class='red' style='background-position:3300% 0%;margin-top:49px'></div> <div class='red' style='background-position:4300% 0%;margin-top:29px'></div> <div class='red' style='background-position:2700% 0%;margin-top:39px'></div> <div> </div> <div class='red' style='background-position:3300% 0%;margin-top:34px'></div> <div class='red' style='background-position:2600% 0%;margin-top:48px'></div> <div class='red' style='background-position:2700% 0%;margin-top:39px'></div> <div class='red' style='background-position:3400% 0%;margin-top:24px'></div> <div> </div> <div class='red' style='background-position:3500% 0%;margin-top:46px'></div> <div class='red' style='background-position:3300% 0%;margin-top:21px'></div> <div class='red' style='background-position:3100% 0%;margin-top:32px'></div> <div class='red' style='background-position:3500% 0%;margin-top:32px'></div> <div class='red' style='background-position:4300% 0%;margin-top:20px'></div> <div class='red' style='background-position:2400% 0%;margin-top:43px'></div> <div class='red' style='background-position:2700% 0%;margin-top:34px'></div> <div class='red' style='background-position:2700% 0%;margin-top:26px'></div> <div class='red' style='background-position:4000% 0%;margin-top:22px'></div> <div class='red' style='background-position:3200% 0%;margin-top:20px'></div> <div class='red' style='background-position:3900% 0%;margin-top:42px'></div></span>","null","stimulus","{""index"":77,""type"":""experimental"",""array_length"":2,""meanVal"":25,""color"":""red""}","","","","","","","","","","","","","","","","","","","","","","","","red","",""
"image-slider-response_noButton","282","945791","0.0-282.0","573b8bc2f3580b0006ce0986","6862","","","","img/red1.jpg,img/red2.jpg,img/red3.jpg,img/red4.jpg,img/red5.jpg,img/red6.jpg,img/red7.jpg,img/red8.jpg,img/red9.jpg,img/red10.jpg,img/red11.jpg,img/red12.jpg,img/red13.jpg,img/red14.jpg,img/red15.jpg,img/red16.jpg,img/red17.jpg,img/red18.jpg,img/red19.jpg,img/red20.jpg,img/red21.jpg,img/red22.jpg,img/red23.jpg,img/red24.jpg,img/red25.jpg,img/red26.jpg,img/red27.jpg,img/red28.jpg,img/red29.jpg,img/red30.jpg,img/red31.jpg,img/red32.jpg,img/red33.jpg,img/red34.jpg,img/red35.jpg,img/red36.jpg,img/red37.jpg,img/red38.jpg,img/red39.jpg,img/red40.jpg,img/red41.jpg,img/red42.jpg,img/red43.jpg,img/red44.jpg,img/red45.jpg,img/red46.jpg,img/red47.jpg,img/red48.jpg,img/red49.jpg,img/red50.jpg","","response","{""index"":78,""type"":""experimental"",""array_length"":20,""meanVal"":34,""color"":""red""}","image-slider-response_noButton","<p>what was the average redness of the array?</p>","1","50","0","function morphedScaleRed() {
    // defining a few helper functions
    function nrange(size, startAt = 0) {
      return [...Array(size).keys()].map(i => i + startAt);
    };
  
    function fillArray(value, len) {
      var arr = [];
      for (var i = 0; i < len; i++) {
        arr.push(value);
      }
      return arr;
    };
  
    function generateSlices(vWidth, nSlices) {
      var step = vWidth*0.6/(nSlices-2);
      var stepArray = fillArray(step,nSlices-2)
      stepArray.unshift(0.2*vWidth)
      stepArray.push(0.2*vWidth)
  
      var bounds = [];
      
      for (var i = 0; i < nSlices; i++) {
        if (i==0) {
          bounds.push([(i*stepArray[i]), (i*stepArray[i])+stepArray[i]])
        } else if (i>0 && i!=nSlices-1) {
          bounds.push([(i*stepArray[i]+0.2*vWidth), (i*stepArray[i])+stepArray[i]+0.2*vWidth])
        } else {
          bounds.push([(vWidth-0.2*vWidth), vWidth])  
        }
      };
      return bounds;
    };
    
    // start trial timer
    var startTime = (new Date()).getTime();
    // get trial data
    var trialData = jsPsych.currentTrial();
  
    // remove the picture scales and the slider
    $('.jspsych-image-slider-response_noButton-container').css(""visibility"", ""hidden"");
    $('img').remove();
    
    // Remove mondrian background for rating phase
    $('body').css('background-image', 'none');
  
    var imgScale = getScaleRed();
    
    // derive the letter of the image filenames
    var imgBase = imgScale[0].split('img/')[1].split('.jpg')[0].replace(/\d+/g, '');
    
    // split the number of the image filenames off from the rest of it
    var nScale = [];
    for (var i = 0; i < imgScale.length-1; i++) {
      var n = imgScale[i].split('img/')[1].split('.jpg')[0].split(imgBase)[1];
      nScale.push(n);
    };
    
    // calculate the element width, and slice it up into sections
    var vWidth = $(document).width();
    var nSlices = nScale.length;
    var slices = generateSlices(vWidth, nSlices);
  
    // setting up initial vertical line to start the mousemove functionality
    var vHeight = $(document).height()-8;
    var lineSlice = vWidth / 10;
    var vertLine = `<div style=""border-left:black;border-style:solid;margin-left:${lineSlice}px; height:${vHeight}px;width:0px;position:absolute;"" id=""vertLine""></div>`;
    var linePrompt = `<div id=""linePrompt""><div style=""font-size:50px;position:absolute;margin-left:${lineSlice*1.3}px;margin-top:${vHeight/2}px""></div><div style=""position:absolute;margin-left:${lineSlice*1.2}px;margin-top:${vHeight/2}px;z-index:5;"">Move mouse left of the line to begin</div></div>`;
    $("".jspsych-content-wrapper"").prepend(vertLine);
    $("".jspsych-content-wrapper"").prepend(linePrompt);
    
    // hide prompt until the trial is begun
    $('#jspsych-content > p').css(""visibility"", ""hidden"");
  
    // initialize the central image with the most neutral one (i.e. from
    // the middle of the scale) and set the image to be blurred
    var initialImage = imgScale[0];
    $('#jspsych-image-slider-response_noButton-stimulus').append(`<img src=""${initialImage}"" style=""filter:blur(4px);visibility:hidden;"" id=""changeable-image""/>`);
  
    // ADD VISUAL SCALE SHOWING MIN/MAX
    var scaleWidth = vWidth * 0.6;
    var scaleLeft = vWidth * 0.2;
    var scaleHtml = `
      <div id=""scale-container"" style=""position:absolute; bottom:120px; left:${scaleLeft}px; width:${scaleWidth}px; height:30px; background-color:rgba(220,220,220,0.7); border-radius:5px; display:none; z-index:10;"">
        <div style=""position:absolute; left:0px; width:2px; height:30px; background-color:black;""></div>
        <div style=""position:absolute; left:0px; top:32px; font-size:12px; color:black;"">Min (1)</div>
        <div style=""position:absolute; right:0px; width:2px; height:30px; background-color:black;""></div>
        <div style=""position:absolute; right:0px; top:32px; font-size:12px; color:black;"">Max (50)</div>
        <div id=""current-marker"" style=""position:absolute; left:0px; width:2px; height:30px; background-color:red; display:none;""></div>
      </div>
    `;
    $("".jspsych-content-wrapper"").append(scaleHtml);
  
    // workaround with a global variable
    window.__imageMouseOver = {
      lineSlice: lineSlice,
      slices: slices,
      nScale: nScale,
      imgBase: imgBase,
      startTime: startTime,
      trialData: trialData,
      sliceSelected: 0,
    };
    var __listenerBools = {};
  
    // define mousemove event listener that changes image
    function changeImg(event) {
      var mouseX = Math.floor(event.pageX);
      
      // Show the scale after interaction begins
      $(""#scale-container"").css(""display"", ""block"");
      
      // Update current marker position based on mouse position
      var scaleWidth = $(""#scale-container"").width();
      var relativePos = Math.max(0, Math.min(mouseX - scaleLeft, scaleWidth));
      var percentPos = (relativePos / scaleWidth) * 100;
      
      $(""#current-marker"").css({
        ""left"": `${relativePos}px`,
        ""display"": ""block""
      });
      
      for (var i = 0; i < __imageMouseOver.slices.length; i++) {
        // if mouse X position is within the bounds of the X axis slice,
        // change the image to one that is indexed to that slice
        if (mouseX >= __imageMouseOver.slices[i][0] && mouseX <= __imageMouseOver.slices[i][1]) {
          // capture which slice is selected
          __imageMouseOver.sliceSelected = i;
          // update img src to the picture that corresponds to that slice
          $('#changeable-image').attr('src', `img/${__imageMouseOver.imgBase}${__imageMouseOver.nScale[i]}.jpg`);
        }
      };
    };
    
    // define the click listener that ends trial
    function clickHandler(event) {
      if (__listenerBools['mousemove']) {
        // derive trial data
        var trialData = __imageMouseOver.trialData;
        var end_time = (new Date()).getTime();
        var rt = end_time - __imageMouseOver.startTime;
        trialData['rt'] = rt;
        trialData['stimulus_duration'] = rt;
        trialData['trial_duration'] = rt;
        trialData['imageSelected'] = `${__imageMouseOver.imgBase}${__imageMouseOver.nScale[__imageMouseOver.sliceSelected]}.jpg`
        trialData['indexSelected'] = __imageMouseOver.sliceSelected;
        // turn off listeners
        $(document).off('mousemove');
        $(document).off('click');
        // clean up variable namespaces
        delete window.__imageMouseOver
        delete __listenerBools;
        // clean up scale
        $(""#scale-container"").remove();
        // finish the trial with trial data
        jsPsych.finishTrial(trialData);
      };
    };
  
    function verticalLineInit(event) {
      var mouseX = Math.floor(event.pageX);
      if (mouseX <= __imageMouseOver.lineSlice) {
        $(""#vertLine"").remove();
        $(""#linePrompt"").remove();
        $(""#jspsych-image-slider-response_noButton-stimulus > img"").css({
          ""filter"":""blur(0px)"",
          ""visibility"": ""visible"",
        });
        $('#jspsych-content > p').css(""visibility"", ""visible"");
        __listenerBools['mousemove'] = true;
        // turn off THIS mouse move listener
        $(document).off(""mousemove"");
        // turn on the mouse move listener that changes the image
        $(document).mousemove(changeImg);
        // add mouse click listener
        $(document).on('click', clickHandler);
      };
    };
  
    // turn on the vertical line mouse move listener
    $(document).mousemove(verticalLineInit);
  }","[object Object]","0","","Continue","6862","6862","true","red30.jpg","29","avg","500","red","20","[24,26,27,27,27,27,27,31,32,33,33,33,34,34,35,35,39,40,43,43]","34","three giraffes","91","red","",""
"html-keyboard-response","283","946306","0.0-283.0","573b8bc2f3580b0006ce0986","null","","","","<p style=""font-size: 48px;""> + </p>","null","fixation","","","","","","","","","","","","","","","","","","","","","","","","","red","",""
"html-keyboard-response","284","947816","0.0-284.0","573b8bc2f3580b0006ce0986","null","","","","<span class='grid'><div class='red' style='background-position:2200% 0%;margin-top:50px'></div> <div class='red' style='background-position:1500% 0%;margin-top:43px'></div> <div class='red' style='background-position:1600% 0%;margin-top:43px'></div> <div class='red' style='background-position:1000% 0%;margin-top:29px'></div> <div class='red' style='background-position:1000% 0%;margin-top:35px'></div> <div class='red' style='background-position:1700% 0%;margin-top:50px'></div> <div class='red' style='background-position:2600% 0%;margin-top:45px'></div> <div class='red' style='background-position:1000% 0%;margin-top:37px'></div> <div class='red' style='background-position:1600% 0%;margin-top:48px'></div> <div class='red' style='background-position:1700% 0%;margin-top:24px'></div> <div class='red' style='background-position:1000% 0%;margin-top:23px'></div> <div class='red' style='background-position:1400% 0%;margin-top:39px'></div> <div class='red' style='background-position:1600% 0%;margin-top:24px'></div> <div class='red' style='background-position:900% 0%;margin-top:28px'></div> <div> </div> <div> </div> <div class='red' style='background-position:1800% 0%;margin-top:43px'></div> <div class='red' style='background-position:2300% 0%;margin-top:45px'></div> <div class='red' style='background-position:1800% 0%;margin-top:49px'></div> <div class='red' style='background-position:1000% 0%;margin-top:28px'></div> <div class='red' style='background-position:700% 0%;margin-top:36px'></div> <div class='red' style='background-position:2600% 0%;margin-top:34px'></div> <div> </div></span>","null","stimulus","{""index"":78,""type"":""experimental"",""array_length"":20,""meanVal"":34,""color"":""red""}","","","","","","","","","","","","","","","","","","","","","","","","red","",""
"image-slider-response_noButton","285","953401","0.0-285.0","573b8bc2f3580b0006ce0986","5584","","","","img/red1.jpg,img/red2.jpg,img/red3.jpg,img/red4.jpg,img/red5.jpg,img/red6.jpg,img/red7.jpg,img/red8.jpg,img/red9.jpg,img/red10.jpg,img/red11.jpg,img/red12.jpg,img/red13.jpg,img/red14.jpg,img/red15.jpg,img/red16.jpg,img/red17.jpg,img/red18.jpg,img/red19.jpg,img/red20.jpg,img/red21.jpg,img/red22.jpg,img/red23.jpg,img/red24.jpg,img/red25.jpg,img/red26.jpg,img/red27.jpg,img/red28.jpg,img/red29.jpg,img/red30.jpg,img/red31.jpg,img/red32.jpg,img/red33.jpg,img/red34.jpg,img/red35.jpg,img/red36.jpg,img/red37.jpg,img/red38.jpg,img/red39.jpg,img/red40.jpg,img/red41.jpg,img/red42.jpg,img/red43.jpg,img/red44.jpg,img/red45.jpg,img/red46.jpg,img/red47.jpg,img/red48.jpg,img/red49.jpg,img/red50.jpg","","response","{""index"":79,""type"":""experimental"",""array_length"":20,""meanVal"":17,""color"":""red""}","image-slider-response_noButton","<p>what was the average redness of the array?</p>","1","50","0","function morphedScaleRed() {
    // defining a few helper functions
    function nrange(size, startAt = 0) {
      return [...Array(size).keys()].map(i => i + startAt);
    };
  
    function fillArray(value, len) {
      var arr = [];
      for (var i = 0; i < len; i++) {
        arr.push(value);
      }
      return arr;
    };
  
    function generateSlices(vWidth, nSlices) {
      var step = vWidth*0.6/(nSlices-2);
      var stepArray = fillArray(step,nSlices-2)
      stepArray.unshift(0.2*vWidth)
      stepArray.push(0.2*vWidth)
  
      var bounds = [];
      
      for (var i = 0; i < nSlices; i++) {
        if (i==0) {
          bounds.push([(i*stepArray[i]), (i*stepArray[i])+stepArray[i]])
        } else if (i>0 && i!=nSlices-1) {
          bounds.push([(i*stepArray[i]+0.2*vWidth), (i*stepArray[i])+stepArray[i]+0.2*vWidth])
        } else {
          bounds.push([(vWidth-0.2*vWidth), vWidth])  
        }
      };
      return bounds;
    };
    
    // start trial timer
    var startTime = (new Date()).getTime();
    // get trial data
    var trialData = jsPsych.currentTrial();
  
    // remove the picture scales and the slider
    $('.jspsych-image-slider-response_noButton-container').css(""visibility"", ""hidden"");
    $('img').remove();
    
    // Remove mondrian background for rating phase
    $('body').css('background-image', 'none');
  
    var imgScale = getScaleRed();
    
    // derive the letter of the image filenames
    var imgBase = imgScale[0].split('img/')[1].split('.jpg')[0].replace(/\d+/g, '');
    
    // split the number of the image filenames off from the rest of it
    var nScale = [];
    for (var i = 0; i < imgScale.length-1; i++) {
      var n = imgScale[i].split('img/')[1].split('.jpg')[0].split(imgBase)[1];
      nScale.push(n);
    };
    
    // calculate the element width, and slice it up into sections
    var vWidth = $(document).width();
    var nSlices = nScale.length;
    var slices = generateSlices(vWidth, nSlices);
  
    // setting up initial vertical line to start the mousemove functionality
    var vHeight = $(document).height()-8;
    var lineSlice = vWidth / 10;
    var vertLine = `<div style=""border-left:black;border-style:solid;margin-left:${lineSlice}px; height:${vHeight}px;width:0px;position:absolute;"" id=""vertLine""></div>`;
    var linePrompt = `<div id=""linePrompt""><div style=""font-size:50px;position:absolute;margin-left:${lineSlice*1.3}px;margin-top:${vHeight/2}px""></div><div style=""position:absolute;margin-left:${lineSlice*1.2}px;margin-top:${vHeight/2}px;z-index:5;"">Move mouse left of the line to begin</div></div>`;
    $("".jspsych-content-wrapper"").prepend(vertLine);
    $("".jspsych-content-wrapper"").prepend(linePrompt);
    
    // hide prompt until the trial is begun
    $('#jspsych-content > p').css(""visibility"", ""hidden"");
  
    // initialize the central image with the most neutral one (i.e. from
    // the middle of the scale) and set the image to be blurred
    var initialImage = imgScale[0];
    $('#jspsych-image-slider-response_noButton-stimulus').append(`<img src=""${initialImage}"" style=""filter:blur(4px);visibility:hidden;"" id=""changeable-image""/>`);
  
    // ADD VISUAL SCALE SHOWING MIN/MAX
    var scaleWidth = vWidth * 0.6;
    var scaleLeft = vWidth * 0.2;
    var scaleHtml = `
      <div id=""scale-container"" style=""position:absolute; bottom:120px; left:${scaleLeft}px; width:${scaleWidth}px; height:30px; background-color:rgba(220,220,220,0.7); border-radius:5px; display:none; z-index:10;"">
        <div style=""position:absolute; left:0px; width:2px; height:30px; background-color:black;""></div>
        <div style=""position:absolute; left:0px; top:32px; font-size:12px; color:black;"">Min (1)</div>
        <div style=""position:absolute; right:0px; width:2px; height:30px; background-color:black;""></div>
        <div style=""position:absolute; right:0px; top:32px; font-size:12px; color:black;"">Max (50)</div>
        <div id=""current-marker"" style=""position:absolute; left:0px; width:2px; height:30px; background-color:red; display:none;""></div>
      </div>
    `;
    $("".jspsych-content-wrapper"").append(scaleHtml);
  
    // workaround with a global variable
    window.__imageMouseOver = {
      lineSlice: lineSlice,
      slices: slices,
      nScale: nScale,
      imgBase: imgBase,
      startTime: startTime,
      trialData: trialData,
      sliceSelected: 0,
    };
    var __listenerBools = {};
  
    // define mousemove event listener that changes image
    function changeImg(event) {
      var mouseX = Math.floor(event.pageX);
      
      // Show the scale after interaction begins
      $(""#scale-container"").css(""display"", ""block"");
      
      // Update current marker position based on mouse position
      var scaleWidth = $(""#scale-container"").width();
      var relativePos = Math.max(0, Math.min(mouseX - scaleLeft, scaleWidth));
      var percentPos = (relativePos / scaleWidth) * 100;
      
      $(""#current-marker"").css({
        ""left"": `${relativePos}px`,
        ""display"": ""block""
      });
      
      for (var i = 0; i < __imageMouseOver.slices.length; i++) {
        // if mouse X position is within the bounds of the X axis slice,
        // change the image to one that is indexed to that slice
        if (mouseX >= __imageMouseOver.slices[i][0] && mouseX <= __imageMouseOver.slices[i][1]) {
          // capture which slice is selected
          __imageMouseOver.sliceSelected = i;
          // update img src to the picture that corresponds to that slice
          $('#changeable-image').attr('src', `img/${__imageMouseOver.imgBase}${__imageMouseOver.nScale[i]}.jpg`);
        }
      };
    };
    
    // define the click listener that ends trial
    function clickHandler(event) {
      if (__listenerBools['mousemove']) {
        // derive trial data
        var trialData = __imageMouseOver.trialData;
        var end_time = (new Date()).getTime();
        var rt = end_time - __imageMouseOver.startTime;
        trialData['rt'] = rt;
        trialData['stimulus_duration'] = rt;
        trialData['trial_duration'] = rt;
        trialData['imageSelected'] = `${__imageMouseOver.imgBase}${__imageMouseOver.nScale[__imageMouseOver.sliceSelected]}.jpg`
        trialData['indexSelected'] = __imageMouseOver.sliceSelected;
        // turn off listeners
        $(document).off('mousemove');
        $(document).off('click');
        // clean up variable namespaces
        delete window.__imageMouseOver
        delete __listenerBools;
        // clean up scale
        $(""#scale-container"").remove();
        // finish the trial with trial data
        jsPsych.finishTrial(trialData);
      };
    };
  
    function verticalLineInit(event) {
      var mouseX = Math.floor(event.pageX);
      if (mouseX <= __imageMouseOver.lineSlice) {
        $(""#vertLine"").remove();
        $(""#linePrompt"").remove();
        $(""#jspsych-image-slider-response_noButton-stimulus > img"").css({
          ""filter"":""blur(0px)"",
          ""visibility"": ""visible"",
        });
        $('#jspsych-content > p').css(""visibility"", ""visible"");
        __listenerBools['mousemove'] = true;
        // turn off THIS mouse move listener
        $(document).off(""mousemove"");
        // turn on the mouse move listener that changes the image
        $(document).mousemove(changeImg);
        // add mouse click listener
        $(document).on('click', clickHandler);
      };
    };
  
    // turn on the vertical line mouse move listener
    $(document).mousemove(verticalLineInit);
  }","[object Object]","0","","Continue","5584","5584","true","red13.jpg","12","avg","500","red","20","[7,9,10,10,10,10,10,14,15,16,16,16,17,17,18,18,22,23,26,26]","17","three giraffes","92","red","",""
"html-keyboard-response","286","953808","0.0-286.0","573b8bc2f3580b0006ce0986","null","","","","<p style=""font-size: 48px;""> + </p>","null","fixation","","","","","","","","","","","","","","","","","","","","","","","","","red","",""
"html-keyboard-response","287","955321","0.0-287.0","573b8bc2f3580b0006ce0986","null","","","","<span class='grid'><div class='red' style='background-position:2400% 0%;margin-top:39px'></div> <div> </div> <div class='red' style='background-position:2100% 0%;margin-top:43px'></div> <div class='red' style='background-position:2500% 0%;margin-top:26px'></div> <div class='red' style='background-position:3500% 0%;margin-top:40px'></div> <div> </div> <div> </div> <div class='red' style='background-position:1700% 0%;margin-top:45px'></div> <div class='red' style='background-position:2800% 0%;margin-top:33px'></div> <div> </div> <div> </div> <div> </div> <div class='red' style='background-position:3300% 0%;margin-top:30px'></div> <div> </div> <div class='red' style='background-position:3200% 0%;margin-top:29px'></div> <div class='red' style='background-position:2900% 0%;margin-top:33px'></div> <div> </div> <div class='red' style='background-position:1800% 0%;margin-top:32px'></div></span>","null","stimulus","{""index"":79,""type"":""experimental"",""array_length"":20,""meanVal"":17,""color"":""red""}","","","","","","","","","","","","","","","","","","","","","","","","red","",""
"image-slider-response_noButton","288","960940","0.0-288.0","573b8bc2f3580b0006ce0986","5619","","","","img/red1.jpg,img/red2.jpg,img/red3.jpg,img/red4.jpg,img/red5.jpg,img/red6.jpg,img/red7.jpg,img/red8.jpg,img/red9.jpg,img/red10.jpg,img/red11.jpg,img/red12.jpg,img/red13.jpg,img/red14.jpg,img/red15.jpg,img/red16.jpg,img/red17.jpg,img/red18.jpg,img/red19.jpg,img/red20.jpg,img/red21.jpg,img/red22.jpg,img/red23.jpg,img/red24.jpg,img/red25.jpg,img/red26.jpg,img/red27.jpg,img/red28.jpg,img/red29.jpg,img/red30.jpg,img/red31.jpg,img/red32.jpg,img/red33.jpg,img/red34.jpg,img/red35.jpg,img/red36.jpg,img/red37.jpg,img/red38.jpg,img/red39.jpg,img/red40.jpg,img/red41.jpg,img/red42.jpg,img/red43.jpg,img/red44.jpg,img/red45.jpg,img/red46.jpg,img/red47.jpg,img/red48.jpg,img/red49.jpg,img/red50.jpg","","response","{""index"":80,""type"":""experimental"",""array_length"":10,""meanVal"":26,""color"":""red""}","image-slider-response_noButton","<p>what was the average redness of the array?</p>","1","50","0","function morphedScaleRed() {
    // defining a few helper functions
    function nrange(size, startAt = 0) {
      return [...Array(size).keys()].map(i => i + startAt);
    };
  
    function fillArray(value, len) {
      var arr = [];
      for (var i = 0; i < len; i++) {
        arr.push(value);
      }
      return arr;
    };
  
    function generateSlices(vWidth, nSlices) {
      var step = vWidth*0.6/(nSlices-2);
      var stepArray = fillArray(step,nSlices-2)
      stepArray.unshift(0.2*vWidth)
      stepArray.push(0.2*vWidth)
  
      var bounds = [];
      
      for (var i = 0; i < nSlices; i++) {
        if (i==0) {
          bounds.push([(i*stepArray[i]), (i*stepArray[i])+stepArray[i]])
        } else if (i>0 && i!=nSlices-1) {
          bounds.push([(i*stepArray[i]+0.2*vWidth), (i*stepArray[i])+stepArray[i]+0.2*vWidth])
        } else {
          bounds.push([(vWidth-0.2*vWidth), vWidth])  
        }
      };
      return bounds;
    };
    
    // start trial timer
    var startTime = (new Date()).getTime();
    // get trial data
    var trialData = jsPsych.currentTrial();
  
    // remove the picture scales and the slider
    $('.jspsych-image-slider-response_noButton-container').css(""visibility"", ""hidden"");
    $('img').remove();
    
    // Remove mondrian background for rating phase
    $('body').css('background-image', 'none');
  
    var imgScale = getScaleRed();
    
    // derive the letter of the image filenames
    var imgBase = imgScale[0].split('img/')[1].split('.jpg')[0].replace(/\d+/g, '');
    
    // split the number of the image filenames off from the rest of it
    var nScale = [];
    for (var i = 0; i < imgScale.length-1; i++) {
      var n = imgScale[i].split('img/')[1].split('.jpg')[0].split(imgBase)[1];
      nScale.push(n);
    };
    
    // calculate the element width, and slice it up into sections
    var vWidth = $(document).width();
    var nSlices = nScale.length;
    var slices = generateSlices(vWidth, nSlices);
  
    // setting up initial vertical line to start the mousemove functionality
    var vHeight = $(document).height()-8;
    var lineSlice = vWidth / 10;
    var vertLine = `<div style=""border-left:black;border-style:solid;margin-left:${lineSlice}px; height:${vHeight}px;width:0px;position:absolute;"" id=""vertLine""></div>`;
    var linePrompt = `<div id=""linePrompt""><div style=""font-size:50px;position:absolute;margin-left:${lineSlice*1.3}px;margin-top:${vHeight/2}px""></div><div style=""position:absolute;margin-left:${lineSlice*1.2}px;margin-top:${vHeight/2}px;z-index:5;"">Move mouse left of the line to begin</div></div>`;
    $("".jspsych-content-wrapper"").prepend(vertLine);
    $("".jspsych-content-wrapper"").prepend(linePrompt);
    
    // hide prompt until the trial is begun
    $('#jspsych-content > p').css(""visibility"", ""hidden"");
  
    // initialize the central image with the most neutral one (i.e. from
    // the middle of the scale) and set the image to be blurred
    var initialImage = imgScale[0];
    $('#jspsych-image-slider-response_noButton-stimulus').append(`<img src=""${initialImage}"" style=""filter:blur(4px);visibility:hidden;"" id=""changeable-image""/>`);
  
    // ADD VISUAL SCALE SHOWING MIN/MAX
    var scaleWidth = vWidth * 0.6;
    var scaleLeft = vWidth * 0.2;
    var scaleHtml = `
      <div id=""scale-container"" style=""position:absolute; bottom:120px; left:${scaleLeft}px; width:${scaleWidth}px; height:30px; background-color:rgba(220,220,220,0.7); border-radius:5px; display:none; z-index:10;"">
        <div style=""position:absolute; left:0px; width:2px; height:30px; background-color:black;""></div>
        <div style=""position:absolute; left:0px; top:32px; font-size:12px; color:black;"">Min (1)</div>
        <div style=""position:absolute; right:0px; width:2px; height:30px; background-color:black;""></div>
        <div style=""position:absolute; right:0px; top:32px; font-size:12px; color:black;"">Max (50)</div>
        <div id=""current-marker"" style=""position:absolute; left:0px; width:2px; height:30px; background-color:red; display:none;""></div>
      </div>
    `;
    $("".jspsych-content-wrapper"").append(scaleHtml);
  
    // workaround with a global variable
    window.__imageMouseOver = {
      lineSlice: lineSlice,
      slices: slices,
      nScale: nScale,
      imgBase: imgBase,
      startTime: startTime,
      trialData: trialData,
      sliceSelected: 0,
    };
    var __listenerBools = {};
  
    // define mousemove event listener that changes image
    function changeImg(event) {
      var mouseX = Math.floor(event.pageX);
      
      // Show the scale after interaction begins
      $(""#scale-container"").css(""display"", ""block"");
      
      // Update current marker position based on mouse position
      var scaleWidth = $(""#scale-container"").width();
      var relativePos = Math.max(0, Math.min(mouseX - scaleLeft, scaleWidth));
      var percentPos = (relativePos / scaleWidth) * 100;
      
      $(""#current-marker"").css({
        ""left"": `${relativePos}px`,
        ""display"": ""block""
      });
      
      for (var i = 0; i < __imageMouseOver.slices.length; i++) {
        // if mouse X position is within the bounds of the X axis slice,
        // change the image to one that is indexed to that slice
        if (mouseX >= __imageMouseOver.slices[i][0] && mouseX <= __imageMouseOver.slices[i][1]) {
          // capture which slice is selected
          __imageMouseOver.sliceSelected = i;
          // update img src to the picture that corresponds to that slice
          $('#changeable-image').attr('src', `img/${__imageMouseOver.imgBase}${__imageMouseOver.nScale[i]}.jpg`);
        }
      };
    };
    
    // define the click listener that ends trial
    function clickHandler(event) {
      if (__listenerBools['mousemove']) {
        // derive trial data
        var trialData = __imageMouseOver.trialData;
        var end_time = (new Date()).getTime();
        var rt = end_time - __imageMouseOver.startTime;
        trialData['rt'] = rt;
        trialData['stimulus_duration'] = rt;
        trialData['trial_duration'] = rt;
        trialData['imageSelected'] = `${__imageMouseOver.imgBase}${__imageMouseOver.nScale[__imageMouseOver.sliceSelected]}.jpg`
        trialData['indexSelected'] = __imageMouseOver.sliceSelected;
        // turn off listeners
        $(document).off('mousemove');
        $(document).off('click');
        // clean up variable namespaces
        delete window.__imageMouseOver
        delete __listenerBools;
        // clean up scale
        $(""#scale-container"").remove();
        // finish the trial with trial data
        jsPsych.finishTrial(trialData);
      };
    };
  
    function verticalLineInit(event) {
      var mouseX = Math.floor(event.pageX);
      if (mouseX <= __imageMouseOver.lineSlice) {
        $(""#vertLine"").remove();
        $(""#linePrompt"").remove();
        $(""#jspsych-image-slider-response_noButton-stimulus > img"").css({
          ""filter"":""blur(0px)"",
          ""visibility"": ""visible"",
        });
        $('#jspsych-content > p').css(""visibility"", ""visible"");
        __listenerBools['mousemove'] = true;
        // turn off THIS mouse move listener
        $(document).off(""mousemove"");
        // turn on the mouse move listener that changes the image
        $(document).mousemove(changeImg);
        // add mouse click listener
        $(document).on('click', clickHandler);
      };
    };
  
    // turn on the vertical line mouse move listener
    $(document).mousemove(verticalLineInit);
  }","[object Object]","0","","Continue","5619","5619","true","red16.jpg","15","avg","400","red","10","[17,21,18,24,25,28,29,32,33,35]","26","three giraffes","93","red","",""
"html-keyboard-response","289","961442","0.0-289.0","573b8bc2f3580b0006ce0986","null","","","","<p style=""font-size: 48px;""> + </p>","null","fixation","","","","","","","","","","","","","","","","","","","","","","","","","red","",""
"html-keyboard-response","290","962953","0.0-290.0","573b8bc2f3580b0006ce0986","null","","","","<span class='grid'><div> </div> <div class='red' style='background-position:1400% 0%;margin-top:48px'></div> <div class='red' style='background-position:2800% 0%;margin-top:28px'></div> <div class='red' style='background-position:2100% 0%;margin-top:49px'></div> <div class='red' style='background-position:1700% 0%;margin-top:39px'></div> <div> </div> <div> </div> <div class='red' style='background-position:2200% 0%;margin-top:31px'></div> <div> </div> <div class='red' style='background-position:1000% 0%;margin-top:30px'></div> <div> </div> <div class='red' style='background-position:1100% 0%;margin-top:20px'></div> <div> </div> <div> </div> <div> </div> <div class='red' style='background-position:2600% 0%;margin-top:28px'></div> <div class='red' style='background-position:2500% 0%;margin-top:29px'></div> <div class='red' style='background-position:1800% 0%;margin-top:25px'></div></span>","null","stimulus","{""index"":80,""type"":""experimental"",""array_length"":10,""meanVal"":26,""color"":""red""}","","","","","","","","","","","","","","","","","","","","","","","","red","",""
"image-slider-response_noButton","291","967519","0.0-291.0","573b8bc2f3580b0006ce0986","4565","","","","img/red1.jpg,img/red2.jpg,img/red3.jpg,img/red4.jpg,img/red5.jpg,img/red6.jpg,img/red7.jpg,img/red8.jpg,img/red9.jpg,img/red10.jpg,img/red11.jpg,img/red12.jpg,img/red13.jpg,img/red14.jpg,img/red15.jpg,img/red16.jpg,img/red17.jpg,img/red18.jpg,img/red19.jpg,img/red20.jpg,img/red21.jpg,img/red22.jpg,img/red23.jpg,img/red24.jpg,img/red25.jpg,img/red26.jpg,img/red27.jpg,img/red28.jpg,img/red29.jpg,img/red30.jpg,img/red31.jpg,img/red32.jpg,img/red33.jpg,img/red34.jpg,img/red35.jpg,img/red36.jpg,img/red37.jpg,img/red38.jpg,img/red39.jpg,img/red40.jpg,img/red41.jpg,img/red42.jpg,img/red43.jpg,img/red44.jpg,img/red45.jpg,img/red46.jpg,img/red47.jpg,img/red48.jpg,img/red49.jpg,img/red50.jpg","","response","{""index"":81,""type"":""experimental"",""array_length"":10,""meanVal"":19,""color"":""red""}","image-slider-response_noButton","<p>what was the average redness of the array?</p>","1","50","0","function morphedScaleRed() {
    // defining a few helper functions
    function nrange(size, startAt = 0) {
      return [...Array(size).keys()].map(i => i + startAt);
    };
  
    function fillArray(value, len) {
      var arr = [];
      for (var i = 0; i < len; i++) {
        arr.push(value);
      }
      return arr;
    };
  
    function generateSlices(vWidth, nSlices) {
      var step = vWidth*0.6/(nSlices-2);
      var stepArray = fillArray(step,nSlices-2)
      stepArray.unshift(0.2*vWidth)
      stepArray.push(0.2*vWidth)
  
      var bounds = [];
      
      for (var i = 0; i < nSlices; i++) {
        if (i==0) {
          bounds.push([(i*stepArray[i]), (i*stepArray[i])+stepArray[i]])
        } else if (i>0 && i!=nSlices-1) {
          bounds.push([(i*stepArray[i]+0.2*vWidth), (i*stepArray[i])+stepArray[i]+0.2*vWidth])
        } else {
          bounds.push([(vWidth-0.2*vWidth), vWidth])  
        }
      };
      return bounds;
    };
    
    // start trial timer
    var startTime = (new Date()).getTime();
    // get trial data
    var trialData = jsPsych.currentTrial();
  
    // remove the picture scales and the slider
    $('.jspsych-image-slider-response_noButton-container').css(""visibility"", ""hidden"");
    $('img').remove();
    
    // Remove mondrian background for rating phase
    $('body').css('background-image', 'none');
  
    var imgScale = getScaleRed();
    
    // derive the letter of the image filenames
    var imgBase = imgScale[0].split('img/')[1].split('.jpg')[0].replace(/\d+/g, '');
    
    // split the number of the image filenames off from the rest of it
    var nScale = [];
    for (var i = 0; i < imgScale.length-1; i++) {
      var n = imgScale[i].split('img/')[1].split('.jpg')[0].split(imgBase)[1];
      nScale.push(n);
    };
    
    // calculate the element width, and slice it up into sections
    var vWidth = $(document).width();
    var nSlices = nScale.length;
    var slices = generateSlices(vWidth, nSlices);
  
    // setting up initial vertical line to start the mousemove functionality
    var vHeight = $(document).height()-8;
    var lineSlice = vWidth / 10;
    var vertLine = `<div style=""border-left:black;border-style:solid;margin-left:${lineSlice}px; height:${vHeight}px;width:0px;position:absolute;"" id=""vertLine""></div>`;
    var linePrompt = `<div id=""linePrompt""><div style=""font-size:50px;position:absolute;margin-left:${lineSlice*1.3}px;margin-top:${vHeight/2}px""></div><div style=""position:absolute;margin-left:${lineSlice*1.2}px;margin-top:${vHeight/2}px;z-index:5;"">Move mouse left of the line to begin</div></div>`;
    $("".jspsych-content-wrapper"").prepend(vertLine);
    $("".jspsych-content-wrapper"").prepend(linePrompt);
    
    // hide prompt until the trial is begun
    $('#jspsych-content > p').css(""visibility"", ""hidden"");
  
    // initialize the central image with the most neutral one (i.e. from
    // the middle of the scale) and set the image to be blurred
    var initialImage = imgScale[0];
    $('#jspsych-image-slider-response_noButton-stimulus').append(`<img src=""${initialImage}"" style=""filter:blur(4px);visibility:hidden;"" id=""changeable-image""/>`);
  
    // ADD VISUAL SCALE SHOWING MIN/MAX
    var scaleWidth = vWidth * 0.6;
    var scaleLeft = vWidth * 0.2;
    var scaleHtml = `
      <div id=""scale-container"" style=""position:absolute; bottom:120px; left:${scaleLeft}px; width:${scaleWidth}px; height:30px; background-color:rgba(220,220,220,0.7); border-radius:5px; display:none; z-index:10;"">
        <div style=""position:absolute; left:0px; width:2px; height:30px; background-color:black;""></div>
        <div style=""position:absolute; left:0px; top:32px; font-size:12px; color:black;"">Min (1)</div>
        <div style=""position:absolute; right:0px; width:2px; height:30px; background-color:black;""></div>
        <div style=""position:absolute; right:0px; top:32px; font-size:12px; color:black;"">Max (50)</div>
        <div id=""current-marker"" style=""position:absolute; left:0px; width:2px; height:30px; background-color:red; display:none;""></div>
      </div>
    `;
    $("".jspsych-content-wrapper"").append(scaleHtml);
  
    // workaround with a global variable
    window.__imageMouseOver = {
      lineSlice: lineSlice,
      slices: slices,
      nScale: nScale,
      imgBase: imgBase,
      startTime: startTime,
      trialData: trialData,
      sliceSelected: 0,
    };
    var __listenerBools = {};
  
    // define mousemove event listener that changes image
    function changeImg(event) {
      var mouseX = Math.floor(event.pageX);
      
      // Show the scale after interaction begins
      $(""#scale-container"").css(""display"", ""block"");
      
      // Update current marker position based on mouse position
      var scaleWidth = $(""#scale-container"").width();
      var relativePos = Math.max(0, Math.min(mouseX - scaleLeft, scaleWidth));
      var percentPos = (relativePos / scaleWidth) * 100;
      
      $(""#current-marker"").css({
        ""left"": `${relativePos}px`,
        ""display"": ""block""
      });
      
      for (var i = 0; i < __imageMouseOver.slices.length; i++) {
        // if mouse X position is within the bounds of the X axis slice,
        // change the image to one that is indexed to that slice
        if (mouseX >= __imageMouseOver.slices[i][0] && mouseX <= __imageMouseOver.slices[i][1]) {
          // capture which slice is selected
          __imageMouseOver.sliceSelected = i;
          // update img src to the picture that corresponds to that slice
          $('#changeable-image').attr('src', `img/${__imageMouseOver.imgBase}${__imageMouseOver.nScale[i]}.jpg`);
        }
      };
    };
    
    // define the click listener that ends trial
    function clickHandler(event) {
      if (__listenerBools['mousemove']) {
        // derive trial data
        var trialData = __imageMouseOver.trialData;
        var end_time = (new Date()).getTime();
        var rt = end_time - __imageMouseOver.startTime;
        trialData['rt'] = rt;
        trialData['stimulus_duration'] = rt;
        trialData['trial_duration'] = rt;
        trialData['imageSelected'] = `${__imageMouseOver.imgBase}${__imageMouseOver.nScale[__imageMouseOver.sliceSelected]}.jpg`
        trialData['indexSelected'] = __imageMouseOver.sliceSelected;
        // turn off listeners
        $(document).off('mousemove');
        $(document).off('click');
        // clean up variable namespaces
        delete window.__imageMouseOver
        delete __listenerBools;
        // clean up scale
        $(""#scale-container"").remove();
        // finish the trial with trial data
        jsPsych.finishTrial(trialData);
      };
    };
  
    function verticalLineInit(event) {
      var mouseX = Math.floor(event.pageX);
      if (mouseX <= __imageMouseOver.lineSlice) {
        $(""#vertLine"").remove();
        $(""#linePrompt"").remove();
        $(""#jspsych-image-slider-response_noButton-stimulus > img"").css({
          ""filter"":""blur(0px)"",
          ""visibility"": ""visible"",
        });
        $('#jspsych-content > p').css(""visibility"", ""visible"");
        __listenerBools['mousemove'] = true;
        // turn off THIS mouse move listener
        $(document).off(""mousemove"");
        // turn on the mouse move listener that changes the image
        $(document).mousemove(changeImg);
        // add mouse click listener
        $(document).on('click', clickHandler);
      };
    };
  
    // turn on the vertical line mouse move listener
    $(document).mousemove(verticalLineInit);
  }","[object Object]","0","","Continue","4565","4565","true","red13.jpg","12","avg","500","red","10","[10,14,11,17,18,21,22,25,26,28]","19","three giraffes","94","red","",""
"html-keyboard-response","292","967925","0.0-292.0","573b8bc2f3580b0006ce0986","null","","","","<p style=""font-size: 48px;""> + </p>","null","fixation","","","","","","","","","","","","","","","","","","","","","","","","","red","",""
"html-keyboard-response","293","969440","0.0-293.0","573b8bc2f3580b0006ce0986","null","","","","<span class='grid'><div class='red' style='background-position:900% 0%;margin-top:45px'></div> <div class='red' style='background-position:1200% 0%;margin-top:21px'></div> <div class='red' style='background-position:2400% 0%;margin-top:46px'></div> <div class='red' style='background-position:1200% 0%;margin-top:34px'></div> <div class='red' style='background-position:1200% 0%;margin-top:32px'></div> <div class='red' style='background-position:2000% 0%;margin-top:45px'></div> <div class='red' style='background-position:2800% 0%;margin-top:29px'></div> <div class='red' style='background-position:1800% 0%;margin-top:40px'></div> <div class='red' style='background-position:2000% 0%;margin-top:21px'></div> <div class='red' style='background-position:1900% 0%;margin-top:20px'></div> <div class='red' style='background-position:1900% 0%;margin-top:49px'></div> <div class='red' style='background-position:1200% 0%;margin-top:24px'></div> <div class='red' style='background-position:2500% 0%;margin-top:46px'></div> <div class='red' style='background-position:2800% 0%;margin-top:21px'></div> <div> </div> <div class='red' style='background-position:1800% 0%;margin-top:48px'></div> <div class='red' style='background-position:1100% 0%;margin-top:40px'></div> <div class='red' style='background-position:1700% 0%;margin-top:24px'></div> <div class='red' style='background-position:1200% 0%;margin-top:27px'></div> <div class='red' style='background-position:1600% 0%;margin-top:30px'></div> <div> </div> <div> </div> <div class='red' style='background-position:1800% 0%;margin-top:20px'></div></span>","null","stimulus","{""index"":81,""type"":""experimental"",""array_length"":10,""meanVal"":19,""color"":""red""}","","","","","","","","","","","","","","","","","","","","","","","","red","",""
"image-slider-response_noButton","294","974406","0.0-294.0","573b8bc2f3580b0006ce0986","4965","","","","img/red1.jpg,img/red2.jpg,img/red3.jpg,img/red4.jpg,img/red5.jpg,img/red6.jpg,img/red7.jpg,img/red8.jpg,img/red9.jpg,img/red10.jpg,img/red11.jpg,img/red12.jpg,img/red13.jpg,img/red14.jpg,img/red15.jpg,img/red16.jpg,img/red17.jpg,img/red18.jpg,img/red19.jpg,img/red20.jpg,img/red21.jpg,img/red22.jpg,img/red23.jpg,img/red24.jpg,img/red25.jpg,img/red26.jpg,img/red27.jpg,img/red28.jpg,img/red29.jpg,img/red30.jpg,img/red31.jpg,img/red32.jpg,img/red33.jpg,img/red34.jpg,img/red35.jpg,img/red36.jpg,img/red37.jpg,img/red38.jpg,img/red39.jpg,img/red40.jpg,img/red41.jpg,img/red42.jpg,img/red43.jpg,img/red44.jpg,img/red45.jpg,img/red46.jpg,img/red47.jpg,img/red48.jpg,img/red49.jpg,img/red50.jpg","","response","{""index"":82,""type"":""experimental"",""array_length"":20,""meanVal"":19,""color"":""red""}","image-slider-response_noButton","<p>what was the average redness of the array?</p>","1","50","0","function morphedScaleRed() {
    // defining a few helper functions
    function nrange(size, startAt = 0) {
      return [...Array(size).keys()].map(i => i + startAt);
    };
  
    function fillArray(value, len) {
      var arr = [];
      for (var i = 0; i < len; i++) {
        arr.push(value);
      }
      return arr;
    };
  
    function generateSlices(vWidth, nSlices) {
      var step = vWidth*0.6/(nSlices-2);
      var stepArray = fillArray(step,nSlices-2)
      stepArray.unshift(0.2*vWidth)
      stepArray.push(0.2*vWidth)
  
      var bounds = [];
      
      for (var i = 0; i < nSlices; i++) {
        if (i==0) {
          bounds.push([(i*stepArray[i]), (i*stepArray[i])+stepArray[i]])
        } else if (i>0 && i!=nSlices-1) {
          bounds.push([(i*stepArray[i]+0.2*vWidth), (i*stepArray[i])+stepArray[i]+0.2*vWidth])
        } else {
          bounds.push([(vWidth-0.2*vWidth), vWidth])  
        }
      };
      return bounds;
    };
    
    // start trial timer
    var startTime = (new Date()).getTime();
    // get trial data
    var trialData = jsPsych.currentTrial();
  
    // remove the picture scales and the slider
    $('.jspsych-image-slider-response_noButton-container').css(""visibility"", ""hidden"");
    $('img').remove();
    
    // Remove mondrian background for rating phase
    $('body').css('background-image', 'none');
  
    var imgScale = getScaleRed();
    
    // derive the letter of the image filenames
    var imgBase = imgScale[0].split('img/')[1].split('.jpg')[0].replace(/\d+/g, '');
    
    // split the number of the image filenames off from the rest of it
    var nScale = [];
    for (var i = 0; i < imgScale.length-1; i++) {
      var n = imgScale[i].split('img/')[1].split('.jpg')[0].split(imgBase)[1];
      nScale.push(n);
    };
    
    // calculate the element width, and slice it up into sections
    var vWidth = $(document).width();
    var nSlices = nScale.length;
    var slices = generateSlices(vWidth, nSlices);
  
    // setting up initial vertical line to start the mousemove functionality
    var vHeight = $(document).height()-8;
    var lineSlice = vWidth / 10;
    var vertLine = `<div style=""border-left:black;border-style:solid;margin-left:${lineSlice}px; height:${vHeight}px;width:0px;position:absolute;"" id=""vertLine""></div>`;
    var linePrompt = `<div id=""linePrompt""><div style=""font-size:50px;position:absolute;margin-left:${lineSlice*1.3}px;margin-top:${vHeight/2}px""></div><div style=""position:absolute;margin-left:${lineSlice*1.2}px;margin-top:${vHeight/2}px;z-index:5;"">Move mouse left of the line to begin</div></div>`;
    $("".jspsych-content-wrapper"").prepend(vertLine);
    $("".jspsych-content-wrapper"").prepend(linePrompt);
    
    // hide prompt until the trial is begun
    $('#jspsych-content > p').css(""visibility"", ""hidden"");
  
    // initialize the central image with the most neutral one (i.e. from
    // the middle of the scale) and set the image to be blurred
    var initialImage = imgScale[0];
    $('#jspsych-image-slider-response_noButton-stimulus').append(`<img src=""${initialImage}"" style=""filter:blur(4px);visibility:hidden;"" id=""changeable-image""/>`);
  
    // ADD VISUAL SCALE SHOWING MIN/MAX
    var scaleWidth = vWidth * 0.6;
    var scaleLeft = vWidth * 0.2;
    var scaleHtml = `
      <div id=""scale-container"" style=""position:absolute; bottom:120px; left:${scaleLeft}px; width:${scaleWidth}px; height:30px; background-color:rgba(220,220,220,0.7); border-radius:5px; display:none; z-index:10;"">
        <div style=""position:absolute; left:0px; width:2px; height:30px; background-color:black;""></div>
        <div style=""position:absolute; left:0px; top:32px; font-size:12px; color:black;"">Min (1)</div>
        <div style=""position:absolute; right:0px; width:2px; height:30px; background-color:black;""></div>
        <div style=""position:absolute; right:0px; top:32px; font-size:12px; color:black;"">Max (50)</div>
        <div id=""current-marker"" style=""position:absolute; left:0px; width:2px; height:30px; background-color:red; display:none;""></div>
      </div>
    `;
    $("".jspsych-content-wrapper"").append(scaleHtml);
  
    // workaround with a global variable
    window.__imageMouseOver = {
      lineSlice: lineSlice,
      slices: slices,
      nScale: nScale,
      imgBase: imgBase,
      startTime: startTime,
      trialData: trialData,
      sliceSelected: 0,
    };
    var __listenerBools = {};
  
    // define mousemove event listener that changes image
    function changeImg(event) {
      var mouseX = Math.floor(event.pageX);
      
      // Show the scale after interaction begins
      $(""#scale-container"").css(""display"", ""block"");
      
      // Update current marker position based on mouse position
      var scaleWidth = $(""#scale-container"").width();
      var relativePos = Math.max(0, Math.min(mouseX - scaleLeft, scaleWidth));
      var percentPos = (relativePos / scaleWidth) * 100;
      
      $(""#current-marker"").css({
        ""left"": `${relativePos}px`,
        ""display"": ""block""
      });
      
      for (var i = 0; i < __imageMouseOver.slices.length; i++) {
        // if mouse X position is within the bounds of the X axis slice,
        // change the image to one that is indexed to that slice
        if (mouseX >= __imageMouseOver.slices[i][0] && mouseX <= __imageMouseOver.slices[i][1]) {
          // capture which slice is selected
          __imageMouseOver.sliceSelected = i;
          // update img src to the picture that corresponds to that slice
          $('#changeable-image').attr('src', `img/${__imageMouseOver.imgBase}${__imageMouseOver.nScale[i]}.jpg`);
        }
      };
    };
    
    // define the click listener that ends trial
    function clickHandler(event) {
      if (__listenerBools['mousemove']) {
        // derive trial data
        var trialData = __imageMouseOver.trialData;
        var end_time = (new Date()).getTime();
        var rt = end_time - __imageMouseOver.startTime;
        trialData['rt'] = rt;
        trialData['stimulus_duration'] = rt;
        trialData['trial_duration'] = rt;
        trialData['imageSelected'] = `${__imageMouseOver.imgBase}${__imageMouseOver.nScale[__imageMouseOver.sliceSelected]}.jpg`
        trialData['indexSelected'] = __imageMouseOver.sliceSelected;
        // turn off listeners
        $(document).off('mousemove');
        $(document).off('click');
        // clean up variable namespaces
        delete window.__imageMouseOver
        delete __listenerBools;
        // clean up scale
        $(""#scale-container"").remove();
        // finish the trial with trial data
        jsPsych.finishTrial(trialData);
      };
    };
  
    function verticalLineInit(event) {
      var mouseX = Math.floor(event.pageX);
      if (mouseX <= __imageMouseOver.lineSlice) {
        $(""#vertLine"").remove();
        $(""#linePrompt"").remove();
        $(""#jspsych-image-slider-response_noButton-stimulus > img"").css({
          ""filter"":""blur(0px)"",
          ""visibility"": ""visible"",
        });
        $('#jspsych-content > p').css(""visibility"", ""visible"");
        __listenerBools['mousemove'] = true;
        // turn off THIS mouse move listener
        $(document).off(""mousemove"");
        // turn on the mouse move listener that changes the image
        $(document).mousemove(changeImg);
        // add mouse click listener
        $(document).on('click', clickHandler);
      };
    };
  
    // turn on the vertical line mouse move listener
    $(document).mousemove(verticalLineInit);
  }","[object Object]","0","","Continue","4965","4965","true","red16.jpg","15","avg","400","red","20","[9,11,12,12,12,12,12,16,17,18,18,18,19,19,20,20,24,25,28,28]","19","three giraffes","95","red","",""
"html-keyboard-response","295","974813","0.0-295.0","573b8bc2f3580b0006ce0986","null","","","","<p style=""font-size: 48px;""> + </p>","null","fixation","","","","","","","","","","","","","","","","","","","","","","","","","red","",""
"html-keyboard-response","296","976327","0.0-296.0","573b8bc2f3580b0006ce0986","null","","","","<span class='grid'><div class='red' style='background-position:2900% 0%;margin-top:21px'></div> <div class='red' style='background-position:2600% 0%;margin-top:35px'></div> <div> </div> <div class='red' style='background-position:3600% 0%;margin-top:36px'></div> <div class='red' style='background-position:3400% 0%;margin-top:43px'></div> <div class='red' style='background-position:3500% 0%;margin-top:31px'></div> <div class='red' style='background-position:4500% 0%;margin-top:32px'></div> <div class='red' style='background-position:3700% 0%;margin-top:26px'></div> <div class='red' style='background-position:2900% 0%;margin-top:33px'></div> <div class='red' style='background-position:2900% 0%;margin-top:43px'></div> <div class='red' style='background-position:2800% 0%;margin-top:40px'></div> <div class='red' style='background-position:3300% 0%;margin-top:21px'></div> <div class='red' style='background-position:3500% 0%;margin-top:35px'></div> <div class='red' style='background-position:2900% 0%;margin-top:47px'></div> <div class='red' style='background-position:4500% 0%;margin-top:43px'></div> <div> </div> <div class='red' style='background-position:4100% 0%;margin-top:32px'></div> <div class='red' style='background-position:3600% 0%;margin-top:50px'></div> <div class='red' style='background-position:4200% 0%;margin-top:39px'></div> <div class='red' style='background-position:3700% 0%;margin-top:46px'></div> <div class='red' style='background-position:2900% 0%;margin-top:25px'></div> <div class='red' style='background-position:3500% 0%;margin-top:25px'></div> <div> </div></span>","null","stimulus","{""index"":82,""type"":""experimental"",""array_length"":20,""meanVal"":19,""color"":""red""}","","","","","","","","","","","","","","","","","","","","","","","","red","",""
"image-slider-response_noButton","297","984516","0.0-297.0","573b8bc2f3580b0006ce0986","8187","","","","img/red1.jpg,img/red2.jpg,img/red3.jpg,img/red4.jpg,img/red5.jpg,img/red6.jpg,img/red7.jpg,img/red8.jpg,img/red9.jpg,img/red10.jpg,img/red11.jpg,img/red12.jpg,img/red13.jpg,img/red14.jpg,img/red15.jpg,img/red16.jpg,img/red17.jpg,img/red18.jpg,img/red19.jpg,img/red20.jpg,img/red21.jpg,img/red22.jpg,img/red23.jpg,img/red24.jpg,img/red25.jpg,img/red26.jpg,img/red27.jpg,img/red28.jpg,img/red29.jpg,img/red30.jpg,img/red31.jpg,img/red32.jpg,img/red33.jpg,img/red34.jpg,img/red35.jpg,img/red36.jpg,img/red37.jpg,img/red38.jpg,img/red39.jpg,img/red40.jpg,img/red41.jpg,img/red42.jpg,img/red43.jpg,img/red44.jpg,img/red45.jpg,img/red46.jpg,img/red47.jpg,img/red48.jpg,img/red49.jpg,img/red50.jpg","","response","{""index"":83,""type"":""experimental"",""array_length"":20,""meanVal"":36,""color"":""red""}","image-slider-response_noButton","<p>what was the average redness of the array?</p>","1","50","0","function morphedScaleRed() {
    // defining a few helper functions
    function nrange(size, startAt = 0) {
      return [...Array(size).keys()].map(i => i + startAt);
    };
  
    function fillArray(value, len) {
      var arr = [];
      for (var i = 0; i < len; i++) {
        arr.push(value);
      }
      return arr;
    };
  
    function generateSlices(vWidth, nSlices) {
      var step = vWidth*0.6/(nSlices-2);
      var stepArray = fillArray(step,nSlices-2)
      stepArray.unshift(0.2*vWidth)
      stepArray.push(0.2*vWidth)
  
      var bounds = [];
      
      for (var i = 0; i < nSlices; i++) {
        if (i==0) {
          bounds.push([(i*stepArray[i]), (i*stepArray[i])+stepArray[i]])
        } else if (i>0 && i!=nSlices-1) {
          bounds.push([(i*stepArray[i]+0.2*vWidth), (i*stepArray[i])+stepArray[i]+0.2*vWidth])
        } else {
          bounds.push([(vWidth-0.2*vWidth), vWidth])  
        }
      };
      return bounds;
    };
    
    // start trial timer
    var startTime = (new Date()).getTime();
    // get trial data
    var trialData = jsPsych.currentTrial();
  
    // remove the picture scales and the slider
    $('.jspsych-image-slider-response_noButton-container').css(""visibility"", ""hidden"");
    $('img').remove();
    
    // Remove mondrian background for rating phase
    $('body').css('background-image', 'none');
  
    var imgScale = getScaleRed();
    
    // derive the letter of the image filenames
    var imgBase = imgScale[0].split('img/')[1].split('.jpg')[0].replace(/\d+/g, '');
    
    // split the number of the image filenames off from the rest of it
    var nScale = [];
    for (var i = 0; i < imgScale.length-1; i++) {
      var n = imgScale[i].split('img/')[1].split('.jpg')[0].split(imgBase)[1];
      nScale.push(n);
    };
    
    // calculate the element width, and slice it up into sections
    var vWidth = $(document).width();
    var nSlices = nScale.length;
    var slices = generateSlices(vWidth, nSlices);
  
    // setting up initial vertical line to start the mousemove functionality
    var vHeight = $(document).height()-8;
    var lineSlice = vWidth / 10;
    var vertLine = `<div style=""border-left:black;border-style:solid;margin-left:${lineSlice}px; height:${vHeight}px;width:0px;position:absolute;"" id=""vertLine""></div>`;
    var linePrompt = `<div id=""linePrompt""><div style=""font-size:50px;position:absolute;margin-left:${lineSlice*1.3}px;margin-top:${vHeight/2}px""></div><div style=""position:absolute;margin-left:${lineSlice*1.2}px;margin-top:${vHeight/2}px;z-index:5;"">Move mouse left of the line to begin</div></div>`;
    $("".jspsych-content-wrapper"").prepend(vertLine);
    $("".jspsych-content-wrapper"").prepend(linePrompt);
    
    // hide prompt until the trial is begun
    $('#jspsych-content > p').css(""visibility"", ""hidden"");
  
    // initialize the central image with the most neutral one (i.e. from
    // the middle of the scale) and set the image to be blurred
    var initialImage = imgScale[0];
    $('#jspsych-image-slider-response_noButton-stimulus').append(`<img src=""${initialImage}"" style=""filter:blur(4px);visibility:hidden;"" id=""changeable-image""/>`);
  
    // ADD VISUAL SCALE SHOWING MIN/MAX
    var scaleWidth = vWidth * 0.6;
    var scaleLeft = vWidth * 0.2;
    var scaleHtml = `
      <div id=""scale-container"" style=""position:absolute; bottom:120px; left:${scaleLeft}px; width:${scaleWidth}px; height:30px; background-color:rgba(220,220,220,0.7); border-radius:5px; display:none; z-index:10;"">
        <div style=""position:absolute; left:0px; width:2px; height:30px; background-color:black;""></div>
        <div style=""position:absolute; left:0px; top:32px; font-size:12px; color:black;"">Min (1)</div>
        <div style=""position:absolute; right:0px; width:2px; height:30px; background-color:black;""></div>
        <div style=""position:absolute; right:0px; top:32px; font-size:12px; color:black;"">Max (50)</div>
        <div id=""current-marker"" style=""position:absolute; left:0px; width:2px; height:30px; background-color:red; display:none;""></div>
      </div>
    `;
    $("".jspsych-content-wrapper"").append(scaleHtml);
  
    // workaround with a global variable
    window.__imageMouseOver = {
      lineSlice: lineSlice,
      slices: slices,
      nScale: nScale,
      imgBase: imgBase,
      startTime: startTime,
      trialData: trialData,
      sliceSelected: 0,
    };
    var __listenerBools = {};
  
    // define mousemove event listener that changes image
    function changeImg(event) {
      var mouseX = Math.floor(event.pageX);
      
      // Show the scale after interaction begins
      $(""#scale-container"").css(""display"", ""block"");
      
      // Update current marker position based on mouse position
      var scaleWidth = $(""#scale-container"").width();
      var relativePos = Math.max(0, Math.min(mouseX - scaleLeft, scaleWidth));
      var percentPos = (relativePos / scaleWidth) * 100;
      
      $(""#current-marker"").css({
        ""left"": `${relativePos}px`,
        ""display"": ""block""
      });
      
      for (var i = 0; i < __imageMouseOver.slices.length; i++) {
        // if mouse X position is within the bounds of the X axis slice,
        // change the image to one that is indexed to that slice
        if (mouseX >= __imageMouseOver.slices[i][0] && mouseX <= __imageMouseOver.slices[i][1]) {
          // capture which slice is selected
          __imageMouseOver.sliceSelected = i;
          // update img src to the picture that corresponds to that slice
          $('#changeable-image').attr('src', `img/${__imageMouseOver.imgBase}${__imageMouseOver.nScale[i]}.jpg`);
        }
      };
    };
    
    // define the click listener that ends trial
    function clickHandler(event) {
      if (__listenerBools['mousemove']) {
        // derive trial data
        var trialData = __imageMouseOver.trialData;
        var end_time = (new Date()).getTime();
        var rt = end_time - __imageMouseOver.startTime;
        trialData['rt'] = rt;
        trialData['stimulus_duration'] = rt;
        trialData['trial_duration'] = rt;
        trialData['imageSelected'] = `${__imageMouseOver.imgBase}${__imageMouseOver.nScale[__imageMouseOver.sliceSelected]}.jpg`
        trialData['indexSelected'] = __imageMouseOver.sliceSelected;
        // turn off listeners
        $(document).off('mousemove');
        $(document).off('click');
        // clean up variable namespaces
        delete window.__imageMouseOver
        delete __listenerBools;
        // clean up scale
        $(""#scale-container"").remove();
        // finish the trial with trial data
        jsPsych.finishTrial(trialData);
      };
    };
  
    function verticalLineInit(event) {
      var mouseX = Math.floor(event.pageX);
      if (mouseX <= __imageMouseOver.lineSlice) {
        $(""#vertLine"").remove();
        $(""#linePrompt"").remove();
        $(""#jspsych-image-slider-response_noButton-stimulus > img"").css({
          ""filter"":""blur(0px)"",
          ""visibility"": ""visible"",
        });
        $('#jspsych-content > p').css(""visibility"", ""visible"");
        __listenerBools['mousemove'] = true;
        // turn off THIS mouse move listener
        $(document).off(""mousemove"");
        // turn on the mouse move listener that changes the image
        $(document).mousemove(changeImg);
        // add mouse click listener
        $(document).on('click', clickHandler);
      };
    };
  
    // turn on the vertical line mouse move listener
    $(document).mousemove(verticalLineInit);
  }","[object Object]","0","","Continue","8187","8187","true","red22.jpg","21","avg","400","red","20","[26,28,29,29,29,29,29,33,34,35,35,35,36,36,37,37,41,42,45,45]","36","three giraffes","96","red","",""
"html-keyboard-response","298","984918","0.0-298.0","573b8bc2f3580b0006ce0986","null","","","","<p style=""font-size: 48px;""> + </p>","null","fixation","","","","","","","","","","","","","","","","","","","","","","","","","red","",""
"html-keyboard-response","299","986426","0.0-299.0","573b8bc2f3580b0006ce0986","null","","","","<span class='grid'><div class='red' style='background-position:1800% 0%;margin-top:41px'></div> <div class='red' style='background-position:2100% 0%;margin-top:21px'></div> <div class='red' style='background-position:2400% 0%;margin-top:23px'></div> <div class='red' style='background-position:2900% 0%;margin-top:32px'></div> <div class='red' style='background-position:3500% 0%;margin-top:30px'></div> <div> </div> <div class='red' style='background-position:3200% 0%;margin-top:28px'></div> <div class='red' style='background-position:1700% 0%;margin-top:33px'></div> <div class='red' style='background-position:2800% 0%;margin-top:21px'></div> <div> </div> <div class='red' style='background-position:2500% 0%;margin-top:38px'></div> <div> </div> <div> </div> <div> </div> <div> </div> <div> </div> <div class='red' style='background-position:3300% 0%;margin-top:34px'></div> <div> </div></span>","null","stimulus","{""index"":83,""type"":""experimental"",""array_length"":20,""meanVal"":36,""color"":""red""}","","","","","","","","","","","","","","","","","","","","","","","","red","",""
"image-slider-response_noButton","300","990373","0.0-300.0","573b8bc2f3580b0006ce0986","3946","","","","img/red1.jpg,img/red2.jpg,img/red3.jpg,img/red4.jpg,img/red5.jpg,img/red6.jpg,img/red7.jpg,img/red8.jpg,img/red9.jpg,img/red10.jpg,img/red11.jpg,img/red12.jpg,img/red13.jpg,img/red14.jpg,img/red15.jpg,img/red16.jpg,img/red17.jpg,img/red18.jpg,img/red19.jpg,img/red20.jpg,img/red21.jpg,img/red22.jpg,img/red23.jpg,img/red24.jpg,img/red25.jpg,img/red26.jpg,img/red27.jpg,img/red28.jpg,img/red29.jpg,img/red30.jpg,img/red31.jpg,img/red32.jpg,img/red33.jpg,img/red34.jpg,img/red35.jpg,img/red36.jpg,img/red37.jpg,img/red38.jpg,img/red39.jpg,img/red40.jpg,img/red41.jpg,img/red42.jpg,img/red43.jpg,img/red44.jpg,img/red45.jpg,img/red46.jpg,img/red47.jpg,img/red48.jpg,img/red49.jpg,img/red50.jpg","","response","{""index"":84,""type"":""experimental"",""array_length"":10,""meanVal"":26,""color"":""red""}","image-slider-response_noButton","<p>what was the average redness of the array?</p>","1","50","0","function morphedScaleRed() {
    // defining a few helper functions
    function nrange(size, startAt = 0) {
      return [...Array(size).keys()].map(i => i + startAt);
    };
  
    function fillArray(value, len) {
      var arr = [];
      for (var i = 0; i < len; i++) {
        arr.push(value);
      }
      return arr;
    };
  
    function generateSlices(vWidth, nSlices) {
      var step = vWidth*0.6/(nSlices-2);
      var stepArray = fillArray(step,nSlices-2)
      stepArray.unshift(0.2*vWidth)
      stepArray.push(0.2*vWidth)
  
      var bounds = [];
      
      for (var i = 0; i < nSlices; i++) {
        if (i==0) {
          bounds.push([(i*stepArray[i]), (i*stepArray[i])+stepArray[i]])
        } else if (i>0 && i!=nSlices-1) {
          bounds.push([(i*stepArray[i]+0.2*vWidth), (i*stepArray[i])+stepArray[i]+0.2*vWidth])
        } else {
          bounds.push([(vWidth-0.2*vWidth), vWidth])  
        }
      };
      return bounds;
    };
    
    // start trial timer
    var startTime = (new Date()).getTime();
    // get trial data
    var trialData = jsPsych.currentTrial();
  
    // remove the picture scales and the slider
    $('.jspsych-image-slider-response_noButton-container').css(""visibility"", ""hidden"");
    $('img').remove();
    
    // Remove mondrian background for rating phase
    $('body').css('background-image', 'none');
  
    var imgScale = getScaleRed();
    
    // derive the letter of the image filenames
    var imgBase = imgScale[0].split('img/')[1].split('.jpg')[0].replace(/\d+/g, '');
    
    // split the number of the image filenames off from the rest of it
    var nScale = [];
    for (var i = 0; i < imgScale.length-1; i++) {
      var n = imgScale[i].split('img/')[1].split('.jpg')[0].split(imgBase)[1];
      nScale.push(n);
    };
    
    // calculate the element width, and slice it up into sections
    var vWidth = $(document).width();
    var nSlices = nScale.length;
    var slices = generateSlices(vWidth, nSlices);
  
    // setting up initial vertical line to start the mousemove functionality
    var vHeight = $(document).height()-8;
    var lineSlice = vWidth / 10;
    var vertLine = `<div style=""border-left:black;border-style:solid;margin-left:${lineSlice}px; height:${vHeight}px;width:0px;position:absolute;"" id=""vertLine""></div>`;
    var linePrompt = `<div id=""linePrompt""><div style=""font-size:50px;position:absolute;margin-left:${lineSlice*1.3}px;margin-top:${vHeight/2}px""></div><div style=""position:absolute;margin-left:${lineSlice*1.2}px;margin-top:${vHeight/2}px;z-index:5;"">Move mouse left of the line to begin</div></div>`;
    $("".jspsych-content-wrapper"").prepend(vertLine);
    $("".jspsych-content-wrapper"").prepend(linePrompt);
    
    // hide prompt until the trial is begun
    $('#jspsych-content > p').css(""visibility"", ""hidden"");
  
    // initialize the central image with the most neutral one (i.e. from
    // the middle of the scale) and set the image to be blurred
    var initialImage = imgScale[0];
    $('#jspsych-image-slider-response_noButton-stimulus').append(`<img src=""${initialImage}"" style=""filter:blur(4px);visibility:hidden;"" id=""changeable-image""/>`);
  
    // ADD VISUAL SCALE SHOWING MIN/MAX
    var scaleWidth = vWidth * 0.6;
    var scaleLeft = vWidth * 0.2;
    var scaleHtml = `
      <div id=""scale-container"" style=""position:absolute; bottom:120px; left:${scaleLeft}px; width:${scaleWidth}px; height:30px; background-color:rgba(220,220,220,0.7); border-radius:5px; display:none; z-index:10;"">
        <div style=""position:absolute; left:0px; width:2px; height:30px; background-color:black;""></div>
        <div style=""position:absolute; left:0px; top:32px; font-size:12px; color:black;"">Min (1)</div>
        <div style=""position:absolute; right:0px; width:2px; height:30px; background-color:black;""></div>
        <div style=""position:absolute; right:0px; top:32px; font-size:12px; color:black;"">Max (50)</div>
        <div id=""current-marker"" style=""position:absolute; left:0px; width:2px; height:30px; background-color:red; display:none;""></div>
      </div>
    `;
    $("".jspsych-content-wrapper"").append(scaleHtml);
  
    // workaround with a global variable
    window.__imageMouseOver = {
      lineSlice: lineSlice,
      slices: slices,
      nScale: nScale,
      imgBase: imgBase,
      startTime: startTime,
      trialData: trialData,
      sliceSelected: 0,
    };
    var __listenerBools = {};
  
    // define mousemove event listener that changes image
    function changeImg(event) {
      var mouseX = Math.floor(event.pageX);
      
      // Show the scale after interaction begins
      $(""#scale-container"").css(""display"", ""block"");
      
      // Update current marker position based on mouse position
      var scaleWidth = $(""#scale-container"").width();
      var relativePos = Math.max(0, Math.min(mouseX - scaleLeft, scaleWidth));
      var percentPos = (relativePos / scaleWidth) * 100;
      
      $(""#current-marker"").css({
        ""left"": `${relativePos}px`,
        ""display"": ""block""
      });
      
      for (var i = 0; i < __imageMouseOver.slices.length; i++) {
        // if mouse X position is within the bounds of the X axis slice,
        // change the image to one that is indexed to that slice
        if (mouseX >= __imageMouseOver.slices[i][0] && mouseX <= __imageMouseOver.slices[i][1]) {
          // capture which slice is selected
          __imageMouseOver.sliceSelected = i;
          // update img src to the picture that corresponds to that slice
          $('#changeable-image').attr('src', `img/${__imageMouseOver.imgBase}${__imageMouseOver.nScale[i]}.jpg`);
        }
      };
    };
    
    // define the click listener that ends trial
    function clickHandler(event) {
      if (__listenerBools['mousemove']) {
        // derive trial data
        var trialData = __imageMouseOver.trialData;
        var end_time = (new Date()).getTime();
        var rt = end_time - __imageMouseOver.startTime;
        trialData['rt'] = rt;
        trialData['stimulus_duration'] = rt;
        trialData['trial_duration'] = rt;
        trialData['imageSelected'] = `${__imageMouseOver.imgBase}${__imageMouseOver.nScale[__imageMouseOver.sliceSelected]}.jpg`
        trialData['indexSelected'] = __imageMouseOver.sliceSelected;
        // turn off listeners
        $(document).off('mousemove');
        $(document).off('click');
        // clean up variable namespaces
        delete window.__imageMouseOver
        delete __listenerBools;
        // clean up scale
        $(""#scale-container"").remove();
        // finish the trial with trial data
        jsPsych.finishTrial(trialData);
      };
    };
  
    function verticalLineInit(event) {
      var mouseX = Math.floor(event.pageX);
      if (mouseX <= __imageMouseOver.lineSlice) {
        $(""#vertLine"").remove();
        $(""#linePrompt"").remove();
        $(""#jspsych-image-slider-response_noButton-stimulus > img"").css({
          ""filter"":""blur(0px)"",
          ""visibility"": ""visible"",
        });
        $('#jspsych-content > p').css(""visibility"", ""visible"");
        __listenerBools['mousemove'] = true;
        // turn off THIS mouse move listener
        $(document).off(""mousemove"");
        // turn on the mouse move listener that changes the image
        $(document).mousemove(changeImg);
        // add mouse click listener
        $(document).on('click', clickHandler);
      };
    };
  
    // turn on the vertical line mouse move listener
    $(document).mousemove(verticalLineInit);
  }","[object Object]","0","","Continue","3946","3946","true","red18.jpg","17","avg","400","red","10","[17,21,18,24,25,28,29,32,33,35]","26","three giraffes","97","red","",""
"html-keyboard-response","301","990982","0.0-301.0","573b8bc2f3580b0006ce0986","null","","","","<p style=""font-size: 48px;""> + </p>","null","fixation","","","","","","","","","","","","","","","","","","","","","","","","","red","",""
"html-keyboard-response","302","992486","0.0-302.0","573b8bc2f3580b0006ce0986","null","","","","<span class='grid'><div class='red' style='background-position:1500% 0%;margin-top:32px'></div> <div class='red' style='background-position:1900% 0%;margin-top:22px'></div> <div> </div> <div> </div> <div> </div> <div class='red' style='background-position:2600% 0%;margin-top:50px'></div> <div class='red' style='background-position:1100% 0%;margin-top:38px'></div> <div class='red' style='background-position:2300% 0%;margin-top:39px'></div> <div class='red' style='background-position:2200% 0%;margin-top:39px'></div> <div> </div> <div class='red' style='background-position:1200% 0%;margin-top:39px'></div> <div class='red' style='background-position:2700% 0%;margin-top:44px'></div> <div> </div> <div class='red' style='background-position:2900% 0%;margin-top:29px'></div> <div class='red' style='background-position:1800% 0%;margin-top:49px'></div> <div> </div> <div> </div> <div> </div></span>","null","stimulus","{""index"":84,""type"":""experimental"",""array_length"":10,""meanVal"":26,""color"":""red""}","","","","","","","","","","","","","","","","","","","","","","","","red","",""
"image-slider-response_noButton","303","996458","0.0-303.0","573b8bc2f3580b0006ce0986","3971","","","","img/red1.jpg,img/red2.jpg,img/red3.jpg,img/red4.jpg,img/red5.jpg,img/red6.jpg,img/red7.jpg,img/red8.jpg,img/red9.jpg,img/red10.jpg,img/red11.jpg,img/red12.jpg,img/red13.jpg,img/red14.jpg,img/red15.jpg,img/red16.jpg,img/red17.jpg,img/red18.jpg,img/red19.jpg,img/red20.jpg,img/red21.jpg,img/red22.jpg,img/red23.jpg,img/red24.jpg,img/red25.jpg,img/red26.jpg,img/red27.jpg,img/red28.jpg,img/red29.jpg,img/red30.jpg,img/red31.jpg,img/red32.jpg,img/red33.jpg,img/red34.jpg,img/red35.jpg,img/red36.jpg,img/red37.jpg,img/red38.jpg,img/red39.jpg,img/red40.jpg,img/red41.jpg,img/red42.jpg,img/red43.jpg,img/red44.jpg,img/red45.jpg,img/red46.jpg,img/red47.jpg,img/red48.jpg,img/red49.jpg,img/red50.jpg","","response","{""index"":85,""type"":""experimental"",""array_length"":10,""meanVal"":20,""color"":""red""}","image-slider-response_noButton","<p>what was the average redness of the array?</p>","1","50","0","function morphedScaleRed() {
    // defining a few helper functions
    function nrange(size, startAt = 0) {
      return [...Array(size).keys()].map(i => i + startAt);
    };
  
    function fillArray(value, len) {
      var arr = [];
      for (var i = 0; i < len; i++) {
        arr.push(value);
      }
      return arr;
    };
  
    function generateSlices(vWidth, nSlices) {
      var step = vWidth*0.6/(nSlices-2);
      var stepArray = fillArray(step,nSlices-2)
      stepArray.unshift(0.2*vWidth)
      stepArray.push(0.2*vWidth)
  
      var bounds = [];
      
      for (var i = 0; i < nSlices; i++) {
        if (i==0) {
          bounds.push([(i*stepArray[i]), (i*stepArray[i])+stepArray[i]])
        } else if (i>0 && i!=nSlices-1) {
          bounds.push([(i*stepArray[i]+0.2*vWidth), (i*stepArray[i])+stepArray[i]+0.2*vWidth])
        } else {
          bounds.push([(vWidth-0.2*vWidth), vWidth])  
        }
      };
      return bounds;
    };
    
    // start trial timer
    var startTime = (new Date()).getTime();
    // get trial data
    var trialData = jsPsych.currentTrial();
  
    // remove the picture scales and the slider
    $('.jspsych-image-slider-response_noButton-container').css(""visibility"", ""hidden"");
    $('img').remove();
    
    // Remove mondrian background for rating phase
    $('body').css('background-image', 'none');
  
    var imgScale = getScaleRed();
    
    // derive the letter of the image filenames
    var imgBase = imgScale[0].split('img/')[1].split('.jpg')[0].replace(/\d+/g, '');
    
    // split the number of the image filenames off from the rest of it
    var nScale = [];
    for (var i = 0; i < imgScale.length-1; i++) {
      var n = imgScale[i].split('img/')[1].split('.jpg')[0].split(imgBase)[1];
      nScale.push(n);
    };
    
    // calculate the element width, and slice it up into sections
    var vWidth = $(document).width();
    var nSlices = nScale.length;
    var slices = generateSlices(vWidth, nSlices);
  
    // setting up initial vertical line to start the mousemove functionality
    var vHeight = $(document).height()-8;
    var lineSlice = vWidth / 10;
    var vertLine = `<div style=""border-left:black;border-style:solid;margin-left:${lineSlice}px; height:${vHeight}px;width:0px;position:absolute;"" id=""vertLine""></div>`;
    var linePrompt = `<div id=""linePrompt""><div style=""font-size:50px;position:absolute;margin-left:${lineSlice*1.3}px;margin-top:${vHeight/2}px""></div><div style=""position:absolute;margin-left:${lineSlice*1.2}px;margin-top:${vHeight/2}px;z-index:5;"">Move mouse left of the line to begin</div></div>`;
    $("".jspsych-content-wrapper"").prepend(vertLine);
    $("".jspsych-content-wrapper"").prepend(linePrompt);
    
    // hide prompt until the trial is begun
    $('#jspsych-content > p').css(""visibility"", ""hidden"");
  
    // initialize the central image with the most neutral one (i.e. from
    // the middle of the scale) and set the image to be blurred
    var initialImage = imgScale[0];
    $('#jspsych-image-slider-response_noButton-stimulus').append(`<img src=""${initialImage}"" style=""filter:blur(4px);visibility:hidden;"" id=""changeable-image""/>`);
  
    // ADD VISUAL SCALE SHOWING MIN/MAX
    var scaleWidth = vWidth * 0.6;
    var scaleLeft = vWidth * 0.2;
    var scaleHtml = `
      <div id=""scale-container"" style=""position:absolute; bottom:120px; left:${scaleLeft}px; width:${scaleWidth}px; height:30px; background-color:rgba(220,220,220,0.7); border-radius:5px; display:none; z-index:10;"">
        <div style=""position:absolute; left:0px; width:2px; height:30px; background-color:black;""></div>
        <div style=""position:absolute; left:0px; top:32px; font-size:12px; color:black;"">Min (1)</div>
        <div style=""position:absolute; right:0px; width:2px; height:30px; background-color:black;""></div>
        <div style=""position:absolute; right:0px; top:32px; font-size:12px; color:black;"">Max (50)</div>
        <div id=""current-marker"" style=""position:absolute; left:0px; width:2px; height:30px; background-color:red; display:none;""></div>
      </div>
    `;
    $("".jspsych-content-wrapper"").append(scaleHtml);
  
    // workaround with a global variable
    window.__imageMouseOver = {
      lineSlice: lineSlice,
      slices: slices,
      nScale: nScale,
      imgBase: imgBase,
      startTime: startTime,
      trialData: trialData,
      sliceSelected: 0,
    };
    var __listenerBools = {};
  
    // define mousemove event listener that changes image
    function changeImg(event) {
      var mouseX = Math.floor(event.pageX);
      
      // Show the scale after interaction begins
      $(""#scale-container"").css(""display"", ""block"");
      
      // Update current marker position based on mouse position
      var scaleWidth = $(""#scale-container"").width();
      var relativePos = Math.max(0, Math.min(mouseX - scaleLeft, scaleWidth));
      var percentPos = (relativePos / scaleWidth) * 100;
      
      $(""#current-marker"").css({
        ""left"": `${relativePos}px`,
        ""display"": ""block""
      });
      
      for (var i = 0; i < __imageMouseOver.slices.length; i++) {
        // if mouse X position is within the bounds of the X axis slice,
        // change the image to one that is indexed to that slice
        if (mouseX >= __imageMouseOver.slices[i][0] && mouseX <= __imageMouseOver.slices[i][1]) {
          // capture which slice is selected
          __imageMouseOver.sliceSelected = i;
          // update img src to the picture that corresponds to that slice
          $('#changeable-image').attr('src', `img/${__imageMouseOver.imgBase}${__imageMouseOver.nScale[i]}.jpg`);
        }
      };
    };
    
    // define the click listener that ends trial
    function clickHandler(event) {
      if (__listenerBools['mousemove']) {
        // derive trial data
        var trialData = __imageMouseOver.trialData;
        var end_time = (new Date()).getTime();
        var rt = end_time - __imageMouseOver.startTime;
        trialData['rt'] = rt;
        trialData['stimulus_duration'] = rt;
        trialData['trial_duration'] = rt;
        trialData['imageSelected'] = `${__imageMouseOver.imgBase}${__imageMouseOver.nScale[__imageMouseOver.sliceSelected]}.jpg`
        trialData['indexSelected'] = __imageMouseOver.sliceSelected;
        // turn off listeners
        $(document).off('mousemove');
        $(document).off('click');
        // clean up variable namespaces
        delete window.__imageMouseOver
        delete __listenerBools;
        // clean up scale
        $(""#scale-container"").remove();
        // finish the trial with trial data
        jsPsych.finishTrial(trialData);
      };
    };
  
    function verticalLineInit(event) {
      var mouseX = Math.floor(event.pageX);
      if (mouseX <= __imageMouseOver.lineSlice) {
        $(""#vertLine"").remove();
        $(""#linePrompt"").remove();
        $(""#jspsych-image-slider-response_noButton-stimulus > img"").css({
          ""filter"":""blur(0px)"",
          ""visibility"": ""visible"",
        });
        $('#jspsych-content > p').css(""visibility"", ""visible"");
        __listenerBools['mousemove'] = true;
        // turn off THIS mouse move listener
        $(document).off(""mousemove"");
        // turn on the mouse move listener that changes the image
        $(document).mousemove(changeImg);
        // add mouse click listener
        $(document).on('click', clickHandler);
      };
    };
  
    // turn on the vertical line mouse move listener
    $(document).mousemove(verticalLineInit);
  }","[object Object]","0","","Continue","3971","3971","true","red15.jpg","14","avg","600","red","10","[11,15,12,18,19,22,23,26,27,29]","20","three giraffes","98","red","",""
"html-keyboard-response","304","996867","0.0-304.0","573b8bc2f3580b0006ce0986","null","","","","<p style=""font-size: 48px;""> + </p>","null","fixation","","","","","","","","","","","","","","","","","","","","","","","","","red","",""
"html-keyboard-response","305","998381","0.0-305.0","573b8bc2f3580b0006ce0986","null","","","","<span class='grid'><div> </div> <div> </div> <div> </div> <div class='red' style='background-position:2100% 0%;margin-top:47px'></div> <div> </div> <div class='red' style='background-position:3000% 0%;margin-top:28px'></div> <div> </div> <div class='red' style='background-position:1500% 0%;margin-top:32px'></div> <div class='red' style='background-position:2600% 0%;margin-top:36px'></div> <div> </div> <div class='red' style='background-position:1800% 0%;margin-top:29px'></div> <div> </div> <div class='red' style='background-position:2500% 0%;margin-top:38px'></div> <div class='red' style='background-position:2900% 0%;margin-top:35px'></div> <div class='red' style='background-position:1400% 0%;margin-top:50px'></div> <div> </div> <div class='red' style='background-position:2200% 0%;margin-top:36px'></div> <div class='red' style='background-position:3200% 0%;margin-top:33px'></div></span>","null","stimulus","{""index"":85,""type"":""experimental"",""array_length"":10,""meanVal"":20,""color"":""red""}","","","","","","","","","","","","","","","","","","","","","","","","red","",""
"image-slider-response_noButton","306","1002039","0.0-306.0","573b8bc2f3580b0006ce0986","3657","","","","img/red1.jpg,img/red2.jpg,img/red3.jpg,img/red4.jpg,img/red5.jpg,img/red6.jpg,img/red7.jpg,img/red8.jpg,img/red9.jpg,img/red10.jpg,img/red11.jpg,img/red12.jpg,img/red13.jpg,img/red14.jpg,img/red15.jpg,img/red16.jpg,img/red17.jpg,img/red18.jpg,img/red19.jpg,img/red20.jpg,img/red21.jpg,img/red22.jpg,img/red23.jpg,img/red24.jpg,img/red25.jpg,img/red26.jpg,img/red27.jpg,img/red28.jpg,img/red29.jpg,img/red30.jpg,img/red31.jpg,img/red32.jpg,img/red33.jpg,img/red34.jpg,img/red35.jpg,img/red36.jpg,img/red37.jpg,img/red38.jpg,img/red39.jpg,img/red40.jpg,img/red41.jpg,img/red42.jpg,img/red43.jpg,img/red44.jpg,img/red45.jpg,img/red46.jpg,img/red47.jpg,img/red48.jpg,img/red49.jpg,img/red50.jpg","","response","{""index"":86,""type"":""experimental"",""array_length"":10,""meanVal"":23,""color"":""red""}","image-slider-response_noButton","<p>what was the average redness of the array?</p>","1","50","0","function morphedScaleRed() {
    // defining a few helper functions
    function nrange(size, startAt = 0) {
      return [...Array(size).keys()].map(i => i + startAt);
    };
  
    function fillArray(value, len) {
      var arr = [];
      for (var i = 0; i < len; i++) {
        arr.push(value);
      }
      return arr;
    };
  
    function generateSlices(vWidth, nSlices) {
      var step = vWidth*0.6/(nSlices-2);
      var stepArray = fillArray(step,nSlices-2)
      stepArray.unshift(0.2*vWidth)
      stepArray.push(0.2*vWidth)
  
      var bounds = [];
      
      for (var i = 0; i < nSlices; i++) {
        if (i==0) {
          bounds.push([(i*stepArray[i]), (i*stepArray[i])+stepArray[i]])
        } else if (i>0 && i!=nSlices-1) {
          bounds.push([(i*stepArray[i]+0.2*vWidth), (i*stepArray[i])+stepArray[i]+0.2*vWidth])
        } else {
          bounds.push([(vWidth-0.2*vWidth), vWidth])  
        }
      };
      return bounds;
    };
    
    // start trial timer
    var startTime = (new Date()).getTime();
    // get trial data
    var trialData = jsPsych.currentTrial();
  
    // remove the picture scales and the slider
    $('.jspsych-image-slider-response_noButton-container').css(""visibility"", ""hidden"");
    $('img').remove();
    
    // Remove mondrian background for rating phase
    $('body').css('background-image', 'none');
  
    var imgScale = getScaleRed();
    
    // derive the letter of the image filenames
    var imgBase = imgScale[0].split('img/')[1].split('.jpg')[0].replace(/\d+/g, '');
    
    // split the number of the image filenames off from the rest of it
    var nScale = [];
    for (var i = 0; i < imgScale.length-1; i++) {
      var n = imgScale[i].split('img/')[1].split('.jpg')[0].split(imgBase)[1];
      nScale.push(n);
    };
    
    // calculate the element width, and slice it up into sections
    var vWidth = $(document).width();
    var nSlices = nScale.length;
    var slices = generateSlices(vWidth, nSlices);
  
    // setting up initial vertical line to start the mousemove functionality
    var vHeight = $(document).height()-8;
    var lineSlice = vWidth / 10;
    var vertLine = `<div style=""border-left:black;border-style:solid;margin-left:${lineSlice}px; height:${vHeight}px;width:0px;position:absolute;"" id=""vertLine""></div>`;
    var linePrompt = `<div id=""linePrompt""><div style=""font-size:50px;position:absolute;margin-left:${lineSlice*1.3}px;margin-top:${vHeight/2}px""></div><div style=""position:absolute;margin-left:${lineSlice*1.2}px;margin-top:${vHeight/2}px;z-index:5;"">Move mouse left of the line to begin</div></div>`;
    $("".jspsych-content-wrapper"").prepend(vertLine);
    $("".jspsych-content-wrapper"").prepend(linePrompt);
    
    // hide prompt until the trial is begun
    $('#jspsych-content > p').css(""visibility"", ""hidden"");
  
    // initialize the central image with the most neutral one (i.e. from
    // the middle of the scale) and set the image to be blurred
    var initialImage = imgScale[0];
    $('#jspsych-image-slider-response_noButton-stimulus').append(`<img src=""${initialImage}"" style=""filter:blur(4px);visibility:hidden;"" id=""changeable-image""/>`);
  
    // ADD VISUAL SCALE SHOWING MIN/MAX
    var scaleWidth = vWidth * 0.6;
    var scaleLeft = vWidth * 0.2;
    var scaleHtml = `
      <div id=""scale-container"" style=""position:absolute; bottom:120px; left:${scaleLeft}px; width:${scaleWidth}px; height:30px; background-color:rgba(220,220,220,0.7); border-radius:5px; display:none; z-index:10;"">
        <div style=""position:absolute; left:0px; width:2px; height:30px; background-color:black;""></div>
        <div style=""position:absolute; left:0px; top:32px; font-size:12px; color:black;"">Min (1)</div>
        <div style=""position:absolute; right:0px; width:2px; height:30px; background-color:black;""></div>
        <div style=""position:absolute; right:0px; top:32px; font-size:12px; color:black;"">Max (50)</div>
        <div id=""current-marker"" style=""position:absolute; left:0px; width:2px; height:30px; background-color:red; display:none;""></div>
      </div>
    `;
    $("".jspsych-content-wrapper"").append(scaleHtml);
  
    // workaround with a global variable
    window.__imageMouseOver = {
      lineSlice: lineSlice,
      slices: slices,
      nScale: nScale,
      imgBase: imgBase,
      startTime: startTime,
      trialData: trialData,
      sliceSelected: 0,
    };
    var __listenerBools = {};
  
    // define mousemove event listener that changes image
    function changeImg(event) {
      var mouseX = Math.floor(event.pageX);
      
      // Show the scale after interaction begins
      $(""#scale-container"").css(""display"", ""block"");
      
      // Update current marker position based on mouse position
      var scaleWidth = $(""#scale-container"").width();
      var relativePos = Math.max(0, Math.min(mouseX - scaleLeft, scaleWidth));
      var percentPos = (relativePos / scaleWidth) * 100;
      
      $(""#current-marker"").css({
        ""left"": `${relativePos}px`,
        ""display"": ""block""
      });
      
      for (var i = 0; i < __imageMouseOver.slices.length; i++) {
        // if mouse X position is within the bounds of the X axis slice,
        // change the image to one that is indexed to that slice
        if (mouseX >= __imageMouseOver.slices[i][0] && mouseX <= __imageMouseOver.slices[i][1]) {
          // capture which slice is selected
          __imageMouseOver.sliceSelected = i;
          // update img src to the picture that corresponds to that slice
          $('#changeable-image').attr('src', `img/${__imageMouseOver.imgBase}${__imageMouseOver.nScale[i]}.jpg`);
        }
      };
    };
    
    // define the click listener that ends trial
    function clickHandler(event) {
      if (__listenerBools['mousemove']) {
        // derive trial data
        var trialData = __imageMouseOver.trialData;
        var end_time = (new Date()).getTime();
        var rt = end_time - __imageMouseOver.startTime;
        trialData['rt'] = rt;
        trialData['stimulus_duration'] = rt;
        trialData['trial_duration'] = rt;
        trialData['imageSelected'] = `${__imageMouseOver.imgBase}${__imageMouseOver.nScale[__imageMouseOver.sliceSelected]}.jpg`
        trialData['indexSelected'] = __imageMouseOver.sliceSelected;
        // turn off listeners
        $(document).off('mousemove');
        $(document).off('click');
        // clean up variable namespaces
        delete window.__imageMouseOver
        delete __listenerBools;
        // clean up scale
        $(""#scale-container"").remove();
        // finish the trial with trial data
        jsPsych.finishTrial(trialData);
      };
    };
  
    function verticalLineInit(event) {
      var mouseX = Math.floor(event.pageX);
      if (mouseX <= __imageMouseOver.lineSlice) {
        $(""#vertLine"").remove();
        $(""#linePrompt"").remove();
        $(""#jspsych-image-slider-response_noButton-stimulus > img"").css({
          ""filter"":""blur(0px)"",
          ""visibility"": ""visible"",
        });
        $('#jspsych-content > p').css(""visibility"", ""visible"");
        __listenerBools['mousemove'] = true;
        // turn off THIS mouse move listener
        $(document).off(""mousemove"");
        // turn on the mouse move listener that changes the image
        $(document).mousemove(changeImg);
        // add mouse click listener
        $(document).on('click', clickHandler);
      };
    };
  
    // turn on the vertical line mouse move listener
    $(document).mousemove(verticalLineInit);
  }","[object Object]","0","","Continue","3657","3657","true","red15.jpg","14","avg","400","red","10","[14,18,15,21,22,25,26,29,30,32]","23","three giraffes","99","red","",""
"html-keyboard-response","307","1002650","0.0-307.0","573b8bc2f3580b0006ce0986","null","","","","<p style=""font-size: 48px;""> + </p>","null","fixation","","","","","","","","","","","","","","","","","","","","","","","","","red","",""
"html-keyboard-response","308","1004163","0.0-308.0","573b8bc2f3580b0006ce0986","null","","","","<span class='grid'><div class='red' style='background-position:3900% 0%;margin-top:29px'></div> <div class='red' style='background-position:3200% 0%;margin-top:38px'></div> <div class='red' style='background-position:4300% 0%;margin-top:29px'></div> <div class='red' style='background-position:2700% 0%;margin-top:22px'></div> <div class='red' style='background-position:3400% 0%;margin-top:44px'></div> <div class='red' style='background-position:4300% 0%;margin-top:25px'></div> <div class='red' style='background-position:3300% 0%;margin-top:41px'></div> <div class='red' style='background-position:2600% 0%;margin-top:20px'></div> <div class='red' style='background-position:3300% 0%;margin-top:30px'></div> <div class='red' style='background-position:2700% 0%;margin-top:36px'></div> <div class='red' style='background-position:3500% 0%;margin-top:26px'></div> <div> </div> <div> </div> <div class='red' style='background-position:3500% 0%;margin-top:39px'></div> <div> </div> <div class='red' style='background-position:2700% 0%;margin-top:36px'></div> <div class='red' style='background-position:2700% 0%;margin-top:40px'></div> <div class='red' style='background-position:4000% 0%;margin-top:47px'></div> <div class='red' style='background-position:3400% 0%;margin-top:27px'></div> <div class='red' style='background-position:2400% 0%;margin-top:41px'></div> <div class='red' style='background-position:2700% 0%;margin-top:36px'></div> <div class='red' style='background-position:3100% 0%;margin-top:28px'></div> <div class='red' style='background-position:3300% 0%;margin-top:28px'></div></span>","null","stimulus","{""index"":86,""type"":""experimental"",""array_length"":10,""meanVal"":23,""color"":""red""}","","","","","","","","","","","","","","","","","","","","","","","","red","",""
"image-slider-response_noButton","309","1010227","0.0-309.0","573b8bc2f3580b0006ce0986","6063","","","","img/red1.jpg,img/red2.jpg,img/red3.jpg,img/red4.jpg,img/red5.jpg,img/red6.jpg,img/red7.jpg,img/red8.jpg,img/red9.jpg,img/red10.jpg,img/red11.jpg,img/red12.jpg,img/red13.jpg,img/red14.jpg,img/red15.jpg,img/red16.jpg,img/red17.jpg,img/red18.jpg,img/red19.jpg,img/red20.jpg,img/red21.jpg,img/red22.jpg,img/red23.jpg,img/red24.jpg,img/red25.jpg,img/red26.jpg,img/red27.jpg,img/red28.jpg,img/red29.jpg,img/red30.jpg,img/red31.jpg,img/red32.jpg,img/red33.jpg,img/red34.jpg,img/red35.jpg,img/red36.jpg,img/red37.jpg,img/red38.jpg,img/red39.jpg,img/red40.jpg,img/red41.jpg,img/red42.jpg,img/red43.jpg,img/red44.jpg,img/red45.jpg,img/red46.jpg,img/red47.jpg,img/red48.jpg,img/red49.jpg,img/red50.jpg","","response","{""index"":87,""type"":""experimental"",""array_length"":20,""meanVal"":34,""color"":""red""}","image-slider-response_noButton","<p>what was the average redness of the array?</p>","1","50","0","function morphedScaleRed() {
    // defining a few helper functions
    function nrange(size, startAt = 0) {
      return [...Array(size).keys()].map(i => i + startAt);
    };
  
    function fillArray(value, len) {
      var arr = [];
      for (var i = 0; i < len; i++) {
        arr.push(value);
      }
      return arr;
    };
  
    function generateSlices(vWidth, nSlices) {
      var step = vWidth*0.6/(nSlices-2);
      var stepArray = fillArray(step,nSlices-2)
      stepArray.unshift(0.2*vWidth)
      stepArray.push(0.2*vWidth)
  
      var bounds = [];
      
      for (var i = 0; i < nSlices; i++) {
        if (i==0) {
          bounds.push([(i*stepArray[i]), (i*stepArray[i])+stepArray[i]])
        } else if (i>0 && i!=nSlices-1) {
          bounds.push([(i*stepArray[i]+0.2*vWidth), (i*stepArray[i])+stepArray[i]+0.2*vWidth])
        } else {
          bounds.push([(vWidth-0.2*vWidth), vWidth])  
        }
      };
      return bounds;
    };
    
    // start trial timer
    var startTime = (new Date()).getTime();
    // get trial data
    var trialData = jsPsych.currentTrial();
  
    // remove the picture scales and the slider
    $('.jspsych-image-slider-response_noButton-container').css(""visibility"", ""hidden"");
    $('img').remove();
    
    // Remove mondrian background for rating phase
    $('body').css('background-image', 'none');
  
    var imgScale = getScaleRed();
    
    // derive the letter of the image filenames
    var imgBase = imgScale[0].split('img/')[1].split('.jpg')[0].replace(/\d+/g, '');
    
    // split the number of the image filenames off from the rest of it
    var nScale = [];
    for (var i = 0; i < imgScale.length-1; i++) {
      var n = imgScale[i].split('img/')[1].split('.jpg')[0].split(imgBase)[1];
      nScale.push(n);
    };
    
    // calculate the element width, and slice it up into sections
    var vWidth = $(document).width();
    var nSlices = nScale.length;
    var slices = generateSlices(vWidth, nSlices);
  
    // setting up initial vertical line to start the mousemove functionality
    var vHeight = $(document).height()-8;
    var lineSlice = vWidth / 10;
    var vertLine = `<div style=""border-left:black;border-style:solid;margin-left:${lineSlice}px; height:${vHeight}px;width:0px;position:absolute;"" id=""vertLine""></div>`;
    var linePrompt = `<div id=""linePrompt""><div style=""font-size:50px;position:absolute;margin-left:${lineSlice*1.3}px;margin-top:${vHeight/2}px""></div><div style=""position:absolute;margin-left:${lineSlice*1.2}px;margin-top:${vHeight/2}px;z-index:5;"">Move mouse left of the line to begin</div></div>`;
    $("".jspsych-content-wrapper"").prepend(vertLine);
    $("".jspsych-content-wrapper"").prepend(linePrompt);
    
    // hide prompt until the trial is begun
    $('#jspsych-content > p').css(""visibility"", ""hidden"");
  
    // initialize the central image with the most neutral one (i.e. from
    // the middle of the scale) and set the image to be blurred
    var initialImage = imgScale[0];
    $('#jspsych-image-slider-response_noButton-stimulus').append(`<img src=""${initialImage}"" style=""filter:blur(4px);visibility:hidden;"" id=""changeable-image""/>`);
  
    // ADD VISUAL SCALE SHOWING MIN/MAX
    var scaleWidth = vWidth * 0.6;
    var scaleLeft = vWidth * 0.2;
    var scaleHtml = `
      <div id=""scale-container"" style=""position:absolute; bottom:120px; left:${scaleLeft}px; width:${scaleWidth}px; height:30px; background-color:rgba(220,220,220,0.7); border-radius:5px; display:none; z-index:10;"">
        <div style=""position:absolute; left:0px; width:2px; height:30px; background-color:black;""></div>
        <div style=""position:absolute; left:0px; top:32px; font-size:12px; color:black;"">Min (1)</div>
        <div style=""position:absolute; right:0px; width:2px; height:30px; background-color:black;""></div>
        <div style=""position:absolute; right:0px; top:32px; font-size:12px; color:black;"">Max (50)</div>
        <div id=""current-marker"" style=""position:absolute; left:0px; width:2px; height:30px; background-color:red; display:none;""></div>
      </div>
    `;
    $("".jspsych-content-wrapper"").append(scaleHtml);
  
    // workaround with a global variable
    window.__imageMouseOver = {
      lineSlice: lineSlice,
      slices: slices,
      nScale: nScale,
      imgBase: imgBase,
      startTime: startTime,
      trialData: trialData,
      sliceSelected: 0,
    };
    var __listenerBools = {};
  
    // define mousemove event listener that changes image
    function changeImg(event) {
      var mouseX = Math.floor(event.pageX);
      
      // Show the scale after interaction begins
      $(""#scale-container"").css(""display"", ""block"");
      
      // Update current marker position based on mouse position
      var scaleWidth = $(""#scale-container"").width();
      var relativePos = Math.max(0, Math.min(mouseX - scaleLeft, scaleWidth));
      var percentPos = (relativePos / scaleWidth) * 100;
      
      $(""#current-marker"").css({
        ""left"": `${relativePos}px`,
        ""display"": ""block""
      });
      
      for (var i = 0; i < __imageMouseOver.slices.length; i++) {
        // if mouse X position is within the bounds of the X axis slice,
        // change the image to one that is indexed to that slice
        if (mouseX >= __imageMouseOver.slices[i][0] && mouseX <= __imageMouseOver.slices[i][1]) {
          // capture which slice is selected
          __imageMouseOver.sliceSelected = i;
          // update img src to the picture that corresponds to that slice
          $('#changeable-image').attr('src', `img/${__imageMouseOver.imgBase}${__imageMouseOver.nScale[i]}.jpg`);
        }
      };
    };
    
    // define the click listener that ends trial
    function clickHandler(event) {
      if (__listenerBools['mousemove']) {
        // derive trial data
        var trialData = __imageMouseOver.trialData;
        var end_time = (new Date()).getTime();
        var rt = end_time - __imageMouseOver.startTime;
        trialData['rt'] = rt;
        trialData['stimulus_duration'] = rt;
        trialData['trial_duration'] = rt;
        trialData['imageSelected'] = `${__imageMouseOver.imgBase}${__imageMouseOver.nScale[__imageMouseOver.sliceSelected]}.jpg`
        trialData['indexSelected'] = __imageMouseOver.sliceSelected;
        // turn off listeners
        $(document).off('mousemove');
        $(document).off('click');
        // clean up variable namespaces
        delete window.__imageMouseOver
        delete __listenerBools;
        // clean up scale
        $(""#scale-container"").remove();
        // finish the trial with trial data
        jsPsych.finishTrial(trialData);
      };
    };
  
    function verticalLineInit(event) {
      var mouseX = Math.floor(event.pageX);
      if (mouseX <= __imageMouseOver.lineSlice) {
        $(""#vertLine"").remove();
        $(""#linePrompt"").remove();
        $(""#jspsych-image-slider-response_noButton-stimulus > img"").css({
          ""filter"":""blur(0px)"",
          ""visibility"": ""visible"",
        });
        $('#jspsych-content > p').css(""visibility"", ""visible"");
        __listenerBools['mousemove'] = true;
        // turn off THIS mouse move listener
        $(document).off(""mousemove"");
        // turn on the mouse move listener that changes the image
        $(document).mousemove(changeImg);
        // add mouse click listener
        $(document).on('click', clickHandler);
      };
    };
  
    // turn on the vertical line mouse move listener
    $(document).mousemove(verticalLineInit);
  }","[object Object]","0","","Continue","6063","6063","true","red23.jpg","22","avg","600","red","20","[24,26,27,27,27,27,27,31,32,33,33,33,34,34,35,35,39,40,43,43]","34","three giraffes","100","red","",""
"html-keyboard-response","310","1010833","0.0-310.0","573b8bc2f3580b0006ce0986","null","","","","<p style=""font-size: 48px;""> + </p>","null","fixation","","","","","","","","","","","","","","","","","","","","","","","","","red","",""
"html-keyboard-response","311","1012334","0.0-311.0","573b8bc2f3580b0006ce0986","null","","","","<span class='grid'><div> </div> <div> </div> <div class='red' style='background-position:2200% 0%;margin-top:28px'></div> <div> </div> <div> </div> <div> </div> <div class='red' style='background-position:3000% 0%;margin-top:24px'></div> <div> </div> <div> </div> <div> </div> <div> </div> <div> </div> <div> </div> <div> </div></span>","null","stimulus","{""index"":87,""type"":""experimental"",""array_length"":20,""meanVal"":34,""color"":""red""}","","","","","","","","","","","","","","","","","","","","","","","","red","",""
"image-slider-response_noButton","312","1016171","0.0-312.0","573b8bc2f3580b0006ce0986","3836","","","","img/red1.jpg,img/red2.jpg,img/red3.jpg,img/red4.jpg,img/red5.jpg,img/red6.jpg,img/red7.jpg,img/red8.jpg,img/red9.jpg,img/red10.jpg,img/red11.jpg,img/red12.jpg,img/red13.jpg,img/red14.jpg,img/red15.jpg,img/red16.jpg,img/red17.jpg,img/red18.jpg,img/red19.jpg,img/red20.jpg,img/red21.jpg,img/red22.jpg,img/red23.jpg,img/red24.jpg,img/red25.jpg,img/red26.jpg,img/red27.jpg,img/red28.jpg,img/red29.jpg,img/red30.jpg,img/red31.jpg,img/red32.jpg,img/red33.jpg,img/red34.jpg,img/red35.jpg,img/red36.jpg,img/red37.jpg,img/red38.jpg,img/red39.jpg,img/red40.jpg,img/red41.jpg,img/red42.jpg,img/red43.jpg,img/red44.jpg,img/red45.jpg,img/red46.jpg,img/red47.jpg,img/red48.jpg,img/red49.jpg,img/red50.jpg","","response","{""index"":88,""type"":""experimental"",""array_length"":2,""meanVal"":26,""color"":""red""}","image-slider-response_noButton","<p>what was the average redness of the array?</p>","1","50","0","function morphedScaleRed() {
    // defining a few helper functions
    function nrange(size, startAt = 0) {
      return [...Array(size).keys()].map(i => i + startAt);
    };
  
    function fillArray(value, len) {
      var arr = [];
      for (var i = 0; i < len; i++) {
        arr.push(value);
      }
      return arr;
    };
  
    function generateSlices(vWidth, nSlices) {
      var step = vWidth*0.6/(nSlices-2);
      var stepArray = fillArray(step,nSlices-2)
      stepArray.unshift(0.2*vWidth)
      stepArray.push(0.2*vWidth)
  
      var bounds = [];
      
      for (var i = 0; i < nSlices; i++) {
        if (i==0) {
          bounds.push([(i*stepArray[i]), (i*stepArray[i])+stepArray[i]])
        } else if (i>0 && i!=nSlices-1) {
          bounds.push([(i*stepArray[i]+0.2*vWidth), (i*stepArray[i])+stepArray[i]+0.2*vWidth])
        } else {
          bounds.push([(vWidth-0.2*vWidth), vWidth])  
        }
      };
      return bounds;
    };
    
    // start trial timer
    var startTime = (new Date()).getTime();
    // get trial data
    var trialData = jsPsych.currentTrial();
  
    // remove the picture scales and the slider
    $('.jspsych-image-slider-response_noButton-container').css(""visibility"", ""hidden"");
    $('img').remove();
    
    // Remove mondrian background for rating phase
    $('body').css('background-image', 'none');
  
    var imgScale = getScaleRed();
    
    // derive the letter of the image filenames
    var imgBase = imgScale[0].split('img/')[1].split('.jpg')[0].replace(/\d+/g, '');
    
    // split the number of the image filenames off from the rest of it
    var nScale = [];
    for (var i = 0; i < imgScale.length-1; i++) {
      var n = imgScale[i].split('img/')[1].split('.jpg')[0].split(imgBase)[1];
      nScale.push(n);
    };
    
    // calculate the element width, and slice it up into sections
    var vWidth = $(document).width();
    var nSlices = nScale.length;
    var slices = generateSlices(vWidth, nSlices);
  
    // setting up initial vertical line to start the mousemove functionality
    var vHeight = $(document).height()-8;
    var lineSlice = vWidth / 10;
    var vertLine = `<div style=""border-left:black;border-style:solid;margin-left:${lineSlice}px; height:${vHeight}px;width:0px;position:absolute;"" id=""vertLine""></div>`;
    var linePrompt = `<div id=""linePrompt""><div style=""font-size:50px;position:absolute;margin-left:${lineSlice*1.3}px;margin-top:${vHeight/2}px""></div><div style=""position:absolute;margin-left:${lineSlice*1.2}px;margin-top:${vHeight/2}px;z-index:5;"">Move mouse left of the line to begin</div></div>`;
    $("".jspsych-content-wrapper"").prepend(vertLine);
    $("".jspsych-content-wrapper"").prepend(linePrompt);
    
    // hide prompt until the trial is begun
    $('#jspsych-content > p').css(""visibility"", ""hidden"");
  
    // initialize the central image with the most neutral one (i.e. from
    // the middle of the scale) and set the image to be blurred
    var initialImage = imgScale[0];
    $('#jspsych-image-slider-response_noButton-stimulus').append(`<img src=""${initialImage}"" style=""filter:blur(4px);visibility:hidden;"" id=""changeable-image""/>`);
  
    // ADD VISUAL SCALE SHOWING MIN/MAX
    var scaleWidth = vWidth * 0.6;
    var scaleLeft = vWidth * 0.2;
    var scaleHtml = `
      <div id=""scale-container"" style=""position:absolute; bottom:120px; left:${scaleLeft}px; width:${scaleWidth}px; height:30px; background-color:rgba(220,220,220,0.7); border-radius:5px; display:none; z-index:10;"">
        <div style=""position:absolute; left:0px; width:2px; height:30px; background-color:black;""></div>
        <div style=""position:absolute; left:0px; top:32px; font-size:12px; color:black;"">Min (1)</div>
        <div style=""position:absolute; right:0px; width:2px; height:30px; background-color:black;""></div>
        <div style=""position:absolute; right:0px; top:32px; font-size:12px; color:black;"">Max (50)</div>
        <div id=""current-marker"" style=""position:absolute; left:0px; width:2px; height:30px; background-color:red; display:none;""></div>
      </div>
    `;
    $("".jspsych-content-wrapper"").append(scaleHtml);
  
    // workaround with a global variable
    window.__imageMouseOver = {
      lineSlice: lineSlice,
      slices: slices,
      nScale: nScale,
      imgBase: imgBase,
      startTime: startTime,
      trialData: trialData,
      sliceSelected: 0,
    };
    var __listenerBools = {};
  
    // define mousemove event listener that changes image
    function changeImg(event) {
      var mouseX = Math.floor(event.pageX);
      
      // Show the scale after interaction begins
      $(""#scale-container"").css(""display"", ""block"");
      
      // Update current marker position based on mouse position
      var scaleWidth = $(""#scale-container"").width();
      var relativePos = Math.max(0, Math.min(mouseX - scaleLeft, scaleWidth));
      var percentPos = (relativePos / scaleWidth) * 100;
      
      $(""#current-marker"").css({
        ""left"": `${relativePos}px`,
        ""display"": ""block""
      });
      
      for (var i = 0; i < __imageMouseOver.slices.length; i++) {
        // if mouse X position is within the bounds of the X axis slice,
        // change the image to one that is indexed to that slice
        if (mouseX >= __imageMouseOver.slices[i][0] && mouseX <= __imageMouseOver.slices[i][1]) {
          // capture which slice is selected
          __imageMouseOver.sliceSelected = i;
          // update img src to the picture that corresponds to that slice
          $('#changeable-image').attr('src', `img/${__imageMouseOver.imgBase}${__imageMouseOver.nScale[i]}.jpg`);
        }
      };
    };
    
    // define the click listener that ends trial
    function clickHandler(event) {
      if (__listenerBools['mousemove']) {
        // derive trial data
        var trialData = __imageMouseOver.trialData;
        var end_time = (new Date()).getTime();
        var rt = end_time - __imageMouseOver.startTime;
        trialData['rt'] = rt;
        trialData['stimulus_duration'] = rt;
        trialData['trial_duration'] = rt;
        trialData['imageSelected'] = `${__imageMouseOver.imgBase}${__imageMouseOver.nScale[__imageMouseOver.sliceSelected]}.jpg`
        trialData['indexSelected'] = __imageMouseOver.sliceSelected;
        // turn off listeners
        $(document).off('mousemove');
        $(document).off('click');
        // clean up variable namespaces
        delete window.__imageMouseOver
        delete __listenerBools;
        // clean up scale
        $(""#scale-container"").remove();
        // finish the trial with trial data
        jsPsych.finishTrial(trialData);
      };
    };
  
    function verticalLineInit(event) {
      var mouseX = Math.floor(event.pageX);
      if (mouseX <= __imageMouseOver.lineSlice) {
        $(""#vertLine"").remove();
        $(""#linePrompt"").remove();
        $(""#jspsych-image-slider-response_noButton-stimulus > img"").css({
          ""filter"":""blur(0px)"",
          ""visibility"": ""visible"",
        });
        $('#jspsych-content > p').css(""visibility"", ""visible"");
        __listenerBools['mousemove'] = true;
        // turn off THIS mouse move listener
        $(document).off(""mousemove"");
        // turn on the mouse move listener that changes the image
        $(document).mousemove(changeImg);
        // add mouse click listener
        $(document).on('click', clickHandler);
      };
    };
  
    // turn on the vertical line mouse move listener
    $(document).mousemove(verticalLineInit);
  }","[object Object]","0","","Continue","3836","3836","true","red24.jpg","23","avg","600","red","2","[22,30]","26","three giraffes","101","red","",""
"html-keyboard-response","313","1016577","0.0-313.0","573b8bc2f3580b0006ce0986","null","","","","<p style=""font-size: 48px;""> + </p>","null","fixation","","","","","","","","","","","","","","","","","","","","","","","","","red","",""
"html-keyboard-response","314","1018091","0.0-314.0","573b8bc2f3580b0006ce0986","null","","","","<span class='grid'><div class='red' style='background-position:2500% 0%;margin-top:39px'></div> <div> </div> <div class='red' style='background-position:3200% 0%;margin-top:20px'></div> <div class='red' style='background-position:2100% 0%;margin-top:50px'></div> <div> </div> <div class='red' style='background-position:3900% 0%;margin-top:39px'></div> <div> </div> <div> </div> <div> </div> <div class='red' style='background-position:3700% 0%;margin-top:38px'></div> <div class='red' style='background-position:2200% 0%;margin-top:29px'></div> <div class='red' style='background-position:2900% 0%;margin-top:39px'></div> <div class='red' style='background-position:3300% 0%;margin-top:34px'></div> <div class='red' style='background-position:2800% 0%;margin-top:44px'></div> <div> </div> <div> </div> <div> </div> <div class='red' style='background-position:3600% 0%;margin-top:50px'></div></span>","null","stimulus","{""index"":88,""type"":""experimental"",""array_length"":2,""meanVal"":26,""color"":""red""}","","","","","","","","","","","","","","","","","","","","","","","","red","",""
"image-slider-response_noButton","315","1024121","0.0-315.0","573b8bc2f3580b0006ce0986","6029","","","","img/red1.jpg,img/red2.jpg,img/red3.jpg,img/red4.jpg,img/red5.jpg,img/red6.jpg,img/red7.jpg,img/red8.jpg,img/red9.jpg,img/red10.jpg,img/red11.jpg,img/red12.jpg,img/red13.jpg,img/red14.jpg,img/red15.jpg,img/red16.jpg,img/red17.jpg,img/red18.jpg,img/red19.jpg,img/red20.jpg,img/red21.jpg,img/red22.jpg,img/red23.jpg,img/red24.jpg,img/red25.jpg,img/red26.jpg,img/red27.jpg,img/red28.jpg,img/red29.jpg,img/red30.jpg,img/red31.jpg,img/red32.jpg,img/red33.jpg,img/red34.jpg,img/red35.jpg,img/red36.jpg,img/red37.jpg,img/red38.jpg,img/red39.jpg,img/red40.jpg,img/red41.jpg,img/red42.jpg,img/red43.jpg,img/red44.jpg,img/red45.jpg,img/red46.jpg,img/red47.jpg,img/red48.jpg,img/red49.jpg,img/red50.jpg","","response","{""index"":89,""type"":""experimental"",""array_length"":10,""meanVal"":30,""color"":""red""}","image-slider-response_noButton","<p>what was the average redness of the array?</p>","1","50","0","function morphedScaleRed() {
    // defining a few helper functions
    function nrange(size, startAt = 0) {
      return [...Array(size).keys()].map(i => i + startAt);
    };
  
    function fillArray(value, len) {
      var arr = [];
      for (var i = 0; i < len; i++) {
        arr.push(value);
      }
      return arr;
    };
  
    function generateSlices(vWidth, nSlices) {
      var step = vWidth*0.6/(nSlices-2);
      var stepArray = fillArray(step,nSlices-2)
      stepArray.unshift(0.2*vWidth)
      stepArray.push(0.2*vWidth)
  
      var bounds = [];
      
      for (var i = 0; i < nSlices; i++) {
        if (i==0) {
          bounds.push([(i*stepArray[i]), (i*stepArray[i])+stepArray[i]])
        } else if (i>0 && i!=nSlices-1) {
          bounds.push([(i*stepArray[i]+0.2*vWidth), (i*stepArray[i])+stepArray[i]+0.2*vWidth])
        } else {
          bounds.push([(vWidth-0.2*vWidth), vWidth])  
        }
      };
      return bounds;
    };
    
    // start trial timer
    var startTime = (new Date()).getTime();
    // get trial data
    var trialData = jsPsych.currentTrial();
  
    // remove the picture scales and the slider
    $('.jspsych-image-slider-response_noButton-container').css(""visibility"", ""hidden"");
    $('img').remove();
    
    // Remove mondrian background for rating phase
    $('body').css('background-image', 'none');
  
    var imgScale = getScaleRed();
    
    // derive the letter of the image filenames
    var imgBase = imgScale[0].split('img/')[1].split('.jpg')[0].replace(/\d+/g, '');
    
    // split the number of the image filenames off from the rest of it
    var nScale = [];
    for (var i = 0; i < imgScale.length-1; i++) {
      var n = imgScale[i].split('img/')[1].split('.jpg')[0].split(imgBase)[1];
      nScale.push(n);
    };
    
    // calculate the element width, and slice it up into sections
    var vWidth = $(document).width();
    var nSlices = nScale.length;
    var slices = generateSlices(vWidth, nSlices);
  
    // setting up initial vertical line to start the mousemove functionality
    var vHeight = $(document).height()-8;
    var lineSlice = vWidth / 10;
    var vertLine = `<div style=""border-left:black;border-style:solid;margin-left:${lineSlice}px; height:${vHeight}px;width:0px;position:absolute;"" id=""vertLine""></div>`;
    var linePrompt = `<div id=""linePrompt""><div style=""font-size:50px;position:absolute;margin-left:${lineSlice*1.3}px;margin-top:${vHeight/2}px""></div><div style=""position:absolute;margin-left:${lineSlice*1.2}px;margin-top:${vHeight/2}px;z-index:5;"">Move mouse left of the line to begin</div></div>`;
    $("".jspsych-content-wrapper"").prepend(vertLine);
    $("".jspsych-content-wrapper"").prepend(linePrompt);
    
    // hide prompt until the trial is begun
    $('#jspsych-content > p').css(""visibility"", ""hidden"");
  
    // initialize the central image with the most neutral one (i.e. from
    // the middle of the scale) and set the image to be blurred
    var initialImage = imgScale[0];
    $('#jspsych-image-slider-response_noButton-stimulus').append(`<img src=""${initialImage}"" style=""filter:blur(4px);visibility:hidden;"" id=""changeable-image""/>`);
  
    // ADD VISUAL SCALE SHOWING MIN/MAX
    var scaleWidth = vWidth * 0.6;
    var scaleLeft = vWidth * 0.2;
    var scaleHtml = `
      <div id=""scale-container"" style=""position:absolute; bottom:120px; left:${scaleLeft}px; width:${scaleWidth}px; height:30px; background-color:rgba(220,220,220,0.7); border-radius:5px; display:none; z-index:10;"">
        <div style=""position:absolute; left:0px; width:2px; height:30px; background-color:black;""></div>
        <div style=""position:absolute; left:0px; top:32px; font-size:12px; color:black;"">Min (1)</div>
        <div style=""position:absolute; right:0px; width:2px; height:30px; background-color:black;""></div>
        <div style=""position:absolute; right:0px; top:32px; font-size:12px; color:black;"">Max (50)</div>
        <div id=""current-marker"" style=""position:absolute; left:0px; width:2px; height:30px; background-color:red; display:none;""></div>
      </div>
    `;
    $("".jspsych-content-wrapper"").append(scaleHtml);
  
    // workaround with a global variable
    window.__imageMouseOver = {
      lineSlice: lineSlice,
      slices: slices,
      nScale: nScale,
      imgBase: imgBase,
      startTime: startTime,
      trialData: trialData,
      sliceSelected: 0,
    };
    var __listenerBools = {};
  
    // define mousemove event listener that changes image
    function changeImg(event) {
      var mouseX = Math.floor(event.pageX);
      
      // Show the scale after interaction begins
      $(""#scale-container"").css(""display"", ""block"");
      
      // Update current marker position based on mouse position
      var scaleWidth = $(""#scale-container"").width();
      var relativePos = Math.max(0, Math.min(mouseX - scaleLeft, scaleWidth));
      var percentPos = (relativePos / scaleWidth) * 100;
      
      $(""#current-marker"").css({
        ""left"": `${relativePos}px`,
        ""display"": ""block""
      });
      
      for (var i = 0; i < __imageMouseOver.slices.length; i++) {
        // if mouse X position is within the bounds of the X axis slice,
        // change the image to one that is indexed to that slice
        if (mouseX >= __imageMouseOver.slices[i][0] && mouseX <= __imageMouseOver.slices[i][1]) {
          // capture which slice is selected
          __imageMouseOver.sliceSelected = i;
          // update img src to the picture that corresponds to that slice
          $('#changeable-image').attr('src', `img/${__imageMouseOver.imgBase}${__imageMouseOver.nScale[i]}.jpg`);
        }
      };
    };
    
    // define the click listener that ends trial
    function clickHandler(event) {
      if (__listenerBools['mousemove']) {
        // derive trial data
        var trialData = __imageMouseOver.trialData;
        var end_time = (new Date()).getTime();
        var rt = end_time - __imageMouseOver.startTime;
        trialData['rt'] = rt;
        trialData['stimulus_duration'] = rt;
        trialData['trial_duration'] = rt;
        trialData['imageSelected'] = `${__imageMouseOver.imgBase}${__imageMouseOver.nScale[__imageMouseOver.sliceSelected]}.jpg`
        trialData['indexSelected'] = __imageMouseOver.sliceSelected;
        // turn off listeners
        $(document).off('mousemove');
        $(document).off('click');
        // clean up variable namespaces
        delete window.__imageMouseOver
        delete __listenerBools;
        // clean up scale
        $(""#scale-container"").remove();
        // finish the trial with trial data
        jsPsych.finishTrial(trialData);
      };
    };
  
    function verticalLineInit(event) {
      var mouseX = Math.floor(event.pageX);
      if (mouseX <= __imageMouseOver.lineSlice) {
        $(""#vertLine"").remove();
        $(""#linePrompt"").remove();
        $(""#jspsych-image-slider-response_noButton-stimulus > img"").css({
          ""filter"":""blur(0px)"",
          ""visibility"": ""visible"",
        });
        $('#jspsych-content > p').css(""visibility"", ""visible"");
        __listenerBools['mousemove'] = true;
        // turn off THIS mouse move listener
        $(document).off(""mousemove"");
        // turn on the mouse move listener that changes the image
        $(document).mousemove(changeImg);
        // add mouse click listener
        $(document).on('click', clickHandler);
      };
    };
  
    // turn on the vertical line mouse move listener
    $(document).mousemove(verticalLineInit);
  }","[object Object]","0","","Continue","6029","6029","true","red21.jpg","20","avg","400","red","10","[21,25,22,28,29,32,33,36,37,39]","30","three giraffes","102","red","",""
"html-keyboard-response","316","1024628","0.0-316.0","573b8bc2f3580b0006ce0986","null","","","","<p style=""font-size: 48px;""> + </p>","null","fixation","","","","","","","","","","","","","","","","","","","","","","","","","red","",""
"html-keyboard-response","317","1026139","0.0-317.0","573b8bc2f3580b0006ce0986","null","","","","<span class='grid'><div class='red' style='background-position:2200% 0%;margin-top:32px'></div> <div class='red' style='background-position:900% 0%;margin-top:21px'></div> <div class='red' style='background-position:2500% 0%;margin-top:35px'></div> <div class='red' style='background-position:1700% 0%;margin-top:29px'></div> <div> </div> <div> </div> <div class='red' style='background-position:1500% 0%;margin-top:25px'></div> <div class='red' style='background-position:600% 0%;margin-top:45px'></div> <div class='red' style='background-position:1500% 0%;margin-top:32px'></div> <div class='red' style='background-position:900% 0%;margin-top:29px'></div> <div> </div> <div class='red' style='background-position:2500% 0%;margin-top:28px'></div> <div class='red' style='background-position:1600% 0%;margin-top:22px'></div> <div class='red' style='background-position:900% 0%;margin-top:37px'></div> <div class='red' style='background-position:800% 0%;margin-top:42px'></div> <div class='red' style='background-position:900% 0%;margin-top:41px'></div> <div class='red' style='background-position:1300% 0%;margin-top:21px'></div> <div class='red' style='background-position:1400% 0%;margin-top:30px'></div> <div class='red' style='background-position:1500% 0%;margin-top:34px'></div> <div class='red' style='background-position:1600% 0%;margin-top:50px'></div> <div class='red' style='background-position:900% 0%;margin-top:39px'></div> <div class='red' style='background-position:1700% 0%;margin-top:27px'></div> <div class='red' style='background-position:2100% 0%;margin-top:41px'></div></span>","null","stimulus","{""index"":89,""type"":""experimental"",""array_length"":10,""meanVal"":30,""color"":""red""}","","","","","","","","","","","","","","","","","","","","","","","","red","",""
"image-slider-response_noButton","318","1032540","0.0-318.0","573b8bc2f3580b0006ce0986","6399","","","","img/red1.jpg,img/red2.jpg,img/red3.jpg,img/red4.jpg,img/red5.jpg,img/red6.jpg,img/red7.jpg,img/red8.jpg,img/red9.jpg,img/red10.jpg,img/red11.jpg,img/red12.jpg,img/red13.jpg,img/red14.jpg,img/red15.jpg,img/red16.jpg,img/red17.jpg,img/red18.jpg,img/red19.jpg,img/red20.jpg,img/red21.jpg,img/red22.jpg,img/red23.jpg,img/red24.jpg,img/red25.jpg,img/red26.jpg,img/red27.jpg,img/red28.jpg,img/red29.jpg,img/red30.jpg,img/red31.jpg,img/red32.jpg,img/red33.jpg,img/red34.jpg,img/red35.jpg,img/red36.jpg,img/red37.jpg,img/red38.jpg,img/red39.jpg,img/red40.jpg,img/red41.jpg,img/red42.jpg,img/red43.jpg,img/red44.jpg,img/red45.jpg,img/red46.jpg,img/red47.jpg,img/red48.jpg,img/red49.jpg,img/red50.jpg","","response","{""index"":90,""type"":""experimental"",""array_length"":20,""meanVal"":16,""color"":""red""}","image-slider-response_noButton","<p>what was the average redness of the array?</p>","1","50","0","function morphedScaleRed() {
    // defining a few helper functions
    function nrange(size, startAt = 0) {
      return [...Array(size).keys()].map(i => i + startAt);
    };
  
    function fillArray(value, len) {
      var arr = [];
      for (var i = 0; i < len; i++) {
        arr.push(value);
      }
      return arr;
    };
  
    function generateSlices(vWidth, nSlices) {
      var step = vWidth*0.6/(nSlices-2);
      var stepArray = fillArray(step,nSlices-2)
      stepArray.unshift(0.2*vWidth)
      stepArray.push(0.2*vWidth)
  
      var bounds = [];
      
      for (var i = 0; i < nSlices; i++) {
        if (i==0) {
          bounds.push([(i*stepArray[i]), (i*stepArray[i])+stepArray[i]])
        } else if (i>0 && i!=nSlices-1) {
          bounds.push([(i*stepArray[i]+0.2*vWidth), (i*stepArray[i])+stepArray[i]+0.2*vWidth])
        } else {
          bounds.push([(vWidth-0.2*vWidth), vWidth])  
        }
      };
      return bounds;
    };
    
    // start trial timer
    var startTime = (new Date()).getTime();
    // get trial data
    var trialData = jsPsych.currentTrial();
  
    // remove the picture scales and the slider
    $('.jspsych-image-slider-response_noButton-container').css(""visibility"", ""hidden"");
    $('img').remove();
    
    // Remove mondrian background for rating phase
    $('body').css('background-image', 'none');
  
    var imgScale = getScaleRed();
    
    // derive the letter of the image filenames
    var imgBase = imgScale[0].split('img/')[1].split('.jpg')[0].replace(/\d+/g, '');
    
    // split the number of the image filenames off from the rest of it
    var nScale = [];
    for (var i = 0; i < imgScale.length-1; i++) {
      var n = imgScale[i].split('img/')[1].split('.jpg')[0].split(imgBase)[1];
      nScale.push(n);
    };
    
    // calculate the element width, and slice it up into sections
    var vWidth = $(document).width();
    var nSlices = nScale.length;
    var slices = generateSlices(vWidth, nSlices);
  
    // setting up initial vertical line to start the mousemove functionality
    var vHeight = $(document).height()-8;
    var lineSlice = vWidth / 10;
    var vertLine = `<div style=""border-left:black;border-style:solid;margin-left:${lineSlice}px; height:${vHeight}px;width:0px;position:absolute;"" id=""vertLine""></div>`;
    var linePrompt = `<div id=""linePrompt""><div style=""font-size:50px;position:absolute;margin-left:${lineSlice*1.3}px;margin-top:${vHeight/2}px""></div><div style=""position:absolute;margin-left:${lineSlice*1.2}px;margin-top:${vHeight/2}px;z-index:5;"">Move mouse left of the line to begin</div></div>`;
    $("".jspsych-content-wrapper"").prepend(vertLine);
    $("".jspsych-content-wrapper"").prepend(linePrompt);
    
    // hide prompt until the trial is begun
    $('#jspsych-content > p').css(""visibility"", ""hidden"");
  
    // initialize the central image with the most neutral one (i.e. from
    // the middle of the scale) and set the image to be blurred
    var initialImage = imgScale[0];
    $('#jspsych-image-slider-response_noButton-stimulus').append(`<img src=""${initialImage}"" style=""filter:blur(4px);visibility:hidden;"" id=""changeable-image""/>`);
  
    // ADD VISUAL SCALE SHOWING MIN/MAX
    var scaleWidth = vWidth * 0.6;
    var scaleLeft = vWidth * 0.2;
    var scaleHtml = `
      <div id=""scale-container"" style=""position:absolute; bottom:120px; left:${scaleLeft}px; width:${scaleWidth}px; height:30px; background-color:rgba(220,220,220,0.7); border-radius:5px; display:none; z-index:10;"">
        <div style=""position:absolute; left:0px; width:2px; height:30px; background-color:black;""></div>
        <div style=""position:absolute; left:0px; top:32px; font-size:12px; color:black;"">Min (1)</div>
        <div style=""position:absolute; right:0px; width:2px; height:30px; background-color:black;""></div>
        <div style=""position:absolute; right:0px; top:32px; font-size:12px; color:black;"">Max (50)</div>
        <div id=""current-marker"" style=""position:absolute; left:0px; width:2px; height:30px; background-color:red; display:none;""></div>
      </div>
    `;
    $("".jspsych-content-wrapper"").append(scaleHtml);
  
    // workaround with a global variable
    window.__imageMouseOver = {
      lineSlice: lineSlice,
      slices: slices,
      nScale: nScale,
      imgBase: imgBase,
      startTime: startTime,
      trialData: trialData,
      sliceSelected: 0,
    };
    var __listenerBools = {};
  
    // define mousemove event listener that changes image
    function changeImg(event) {
      var mouseX = Math.floor(event.pageX);
      
      // Show the scale after interaction begins
      $(""#scale-container"").css(""display"", ""block"");
      
      // Update current marker position based on mouse position
      var scaleWidth = $(""#scale-container"").width();
      var relativePos = Math.max(0, Math.min(mouseX - scaleLeft, scaleWidth));
      var percentPos = (relativePos / scaleWidth) * 100;
      
      $(""#current-marker"").css({
        ""left"": `${relativePos}px`,
        ""display"": ""block""
      });
      
      for (var i = 0; i < __imageMouseOver.slices.length; i++) {
        // if mouse X position is within the bounds of the X axis slice,
        // change the image to one that is indexed to that slice
        if (mouseX >= __imageMouseOver.slices[i][0] && mouseX <= __imageMouseOver.slices[i][1]) {
          // capture which slice is selected
          __imageMouseOver.sliceSelected = i;
          // update img src to the picture that corresponds to that slice
          $('#changeable-image').attr('src', `img/${__imageMouseOver.imgBase}${__imageMouseOver.nScale[i]}.jpg`);
        }
      };
    };
    
    // define the click listener that ends trial
    function clickHandler(event) {
      if (__listenerBools['mousemove']) {
        // derive trial data
        var trialData = __imageMouseOver.trialData;
        var end_time = (new Date()).getTime();
        var rt = end_time - __imageMouseOver.startTime;
        trialData['rt'] = rt;
        trialData['stimulus_duration'] = rt;
        trialData['trial_duration'] = rt;
        trialData['imageSelected'] = `${__imageMouseOver.imgBase}${__imageMouseOver.nScale[__imageMouseOver.sliceSelected]}.jpg`
        trialData['indexSelected'] = __imageMouseOver.sliceSelected;
        // turn off listeners
        $(document).off('mousemove');
        $(document).off('click');
        // clean up variable namespaces
        delete window.__imageMouseOver
        delete __listenerBools;
        // clean up scale
        $(""#scale-container"").remove();
        // finish the trial with trial data
        jsPsych.finishTrial(trialData);
      };
    };
  
    function verticalLineInit(event) {
      var mouseX = Math.floor(event.pageX);
      if (mouseX <= __imageMouseOver.lineSlice) {
        $(""#vertLine"").remove();
        $(""#linePrompt"").remove();
        $(""#jspsych-image-slider-response_noButton-stimulus > img"").css({
          ""filter"":""blur(0px)"",
          ""visibility"": ""visible"",
        });
        $('#jspsych-content > p').css(""visibility"", ""visible"");
        __listenerBools['mousemove'] = true;
        // turn off THIS mouse move listener
        $(document).off(""mousemove"");
        // turn on the mouse move listener that changes the image
        $(document).mousemove(changeImg);
        // add mouse click listener
        $(document).on('click', clickHandler);
      };
    };
  
    // turn on the vertical line mouse move listener
    $(document).mousemove(verticalLineInit);
  }","[object Object]","0","","Continue","6399","6399","true","red12.jpg","11","avg","500","red","20","[6,8,9,9,9,9,9,13,14,15,15,15,16,16,17,17,21,22,25,25]","16","three giraffes","103","red","",""
"html-keyboard-response","319","1033144","0.0-319.0","573b8bc2f3580b0006ce0986","null","","","","<p style=""font-size: 48px;""> + </p>","null","fixation","","","","","","","","","","","","","","","","","","","","","","","","","red","",""
"html-keyboard-response","320","1034648","0.0-320.0","573b8bc2f3580b0006ce0986","null","","","","<span class='grid'><div class='red' style='background-position:2200% 0%;margin-top:34px'></div> <div class='red' style='background-position:1800% 0%;margin-top:50px'></div> <div class='red' style='background-position:2900% 0%;margin-top:23px'></div> <div> </div> <div> </div> <div class='red' style='background-position:2600% 0%;margin-top:32px'></div> <div> </div> <div class='red' style='background-position:1900% 0%;margin-top:28px'></div> <div> </div> <div class='red' style='background-position:3600% 0%;margin-top:29px'></div> <div> </div> <div class='red' style='background-position:3300% 0%;margin-top:30px'></div> <div> </div> <div class='red' style='background-position:3400% 0%;margin-top:27px'></div> <div class='red' style='background-position:3000% 0%;margin-top:45px'></div> <div> </div> <div class='red' style='background-position:2500% 0%;margin-top:24px'></div> <div> </div></span>","null","stimulus","{""index"":90,""type"":""experimental"",""array_length"":20,""meanVal"":16,""color"":""red""}","","","","","","","","","","","","","","","","","","","","","","","","red","",""
"image-slider-response_noButton","321","1038428","0.0-321.0","573b8bc2f3580b0006ce0986","3779","","","","img/red1.jpg,img/red2.jpg,img/red3.jpg,img/red4.jpg,img/red5.jpg,img/red6.jpg,img/red7.jpg,img/red8.jpg,img/red9.jpg,img/red10.jpg,img/red11.jpg,img/red12.jpg,img/red13.jpg,img/red14.jpg,img/red15.jpg,img/red16.jpg,img/red17.jpg,img/red18.jpg,img/red19.jpg,img/red20.jpg,img/red21.jpg,img/red22.jpg,img/red23.jpg,img/red24.jpg,img/red25.jpg,img/red26.jpg,img/red27.jpg,img/red28.jpg,img/red29.jpg,img/red30.jpg,img/red31.jpg,img/red32.jpg,img/red33.jpg,img/red34.jpg,img/red35.jpg,img/red36.jpg,img/red37.jpg,img/red38.jpg,img/red39.jpg,img/red40.jpg,img/red41.jpg,img/red42.jpg,img/red43.jpg,img/red44.jpg,img/red45.jpg,img/red46.jpg,img/red47.jpg,img/red48.jpg,img/red49.jpg,img/red50.jpg","","response","{""index"":91,""type"":""experimental"",""array_length"":10,""meanVal"":27,""color"":""red""}","image-slider-response_noButton","<p>what was the average redness of the array?</p>","1","50","0","function morphedScaleRed() {
    // defining a few helper functions
    function nrange(size, startAt = 0) {
      return [...Array(size).keys()].map(i => i + startAt);
    };
  
    function fillArray(value, len) {
      var arr = [];
      for (var i = 0; i < len; i++) {
        arr.push(value);
      }
      return arr;
    };
  
    function generateSlices(vWidth, nSlices) {
      var step = vWidth*0.6/(nSlices-2);
      var stepArray = fillArray(step,nSlices-2)
      stepArray.unshift(0.2*vWidth)
      stepArray.push(0.2*vWidth)
  
      var bounds = [];
      
      for (var i = 0; i < nSlices; i++) {
        if (i==0) {
          bounds.push([(i*stepArray[i]), (i*stepArray[i])+stepArray[i]])
        } else if (i>0 && i!=nSlices-1) {
          bounds.push([(i*stepArray[i]+0.2*vWidth), (i*stepArray[i])+stepArray[i]+0.2*vWidth])
        } else {
          bounds.push([(vWidth-0.2*vWidth), vWidth])  
        }
      };
      return bounds;
    };
    
    // start trial timer
    var startTime = (new Date()).getTime();
    // get trial data
    var trialData = jsPsych.currentTrial();
  
    // remove the picture scales and the slider
    $('.jspsych-image-slider-response_noButton-container').css(""visibility"", ""hidden"");
    $('img').remove();
    
    // Remove mondrian background for rating phase
    $('body').css('background-image', 'none');
  
    var imgScale = getScaleRed();
    
    // derive the letter of the image filenames
    var imgBase = imgScale[0].split('img/')[1].split('.jpg')[0].replace(/\d+/g, '');
    
    // split the number of the image filenames off from the rest of it
    var nScale = [];
    for (var i = 0; i < imgScale.length-1; i++) {
      var n = imgScale[i].split('img/')[1].split('.jpg')[0].split(imgBase)[1];
      nScale.push(n);
    };
    
    // calculate the element width, and slice it up into sections
    var vWidth = $(document).width();
    var nSlices = nScale.length;
    var slices = generateSlices(vWidth, nSlices);
  
    // setting up initial vertical line to start the mousemove functionality
    var vHeight = $(document).height()-8;
    var lineSlice = vWidth / 10;
    var vertLine = `<div style=""border-left:black;border-style:solid;margin-left:${lineSlice}px; height:${vHeight}px;width:0px;position:absolute;"" id=""vertLine""></div>`;
    var linePrompt = `<div id=""linePrompt""><div style=""font-size:50px;position:absolute;margin-left:${lineSlice*1.3}px;margin-top:${vHeight/2}px""></div><div style=""position:absolute;margin-left:${lineSlice*1.2}px;margin-top:${vHeight/2}px;z-index:5;"">Move mouse left of the line to begin</div></div>`;
    $("".jspsych-content-wrapper"").prepend(vertLine);
    $("".jspsych-content-wrapper"").prepend(linePrompt);
    
    // hide prompt until the trial is begun
    $('#jspsych-content > p').css(""visibility"", ""hidden"");
  
    // initialize the central image with the most neutral one (i.e. from
    // the middle of the scale) and set the image to be blurred
    var initialImage = imgScale[0];
    $('#jspsych-image-slider-response_noButton-stimulus').append(`<img src=""${initialImage}"" style=""filter:blur(4px);visibility:hidden;"" id=""changeable-image""/>`);
  
    // ADD VISUAL SCALE SHOWING MIN/MAX
    var scaleWidth = vWidth * 0.6;
    var scaleLeft = vWidth * 0.2;
    var scaleHtml = `
      <div id=""scale-container"" style=""position:absolute; bottom:120px; left:${scaleLeft}px; width:${scaleWidth}px; height:30px; background-color:rgba(220,220,220,0.7); border-radius:5px; display:none; z-index:10;"">
        <div style=""position:absolute; left:0px; width:2px; height:30px; background-color:black;""></div>
        <div style=""position:absolute; left:0px; top:32px; font-size:12px; color:black;"">Min (1)</div>
        <div style=""position:absolute; right:0px; width:2px; height:30px; background-color:black;""></div>
        <div style=""position:absolute; right:0px; top:32px; font-size:12px; color:black;"">Max (50)</div>
        <div id=""current-marker"" style=""position:absolute; left:0px; width:2px; height:30px; background-color:red; display:none;""></div>
      </div>
    `;
    $("".jspsych-content-wrapper"").append(scaleHtml);
  
    // workaround with a global variable
    window.__imageMouseOver = {
      lineSlice: lineSlice,
      slices: slices,
      nScale: nScale,
      imgBase: imgBase,
      startTime: startTime,
      trialData: trialData,
      sliceSelected: 0,
    };
    var __listenerBools = {};
  
    // define mousemove event listener that changes image
    function changeImg(event) {
      var mouseX = Math.floor(event.pageX);
      
      // Show the scale after interaction begins
      $(""#scale-container"").css(""display"", ""block"");
      
      // Update current marker position based on mouse position
      var scaleWidth = $(""#scale-container"").width();
      var relativePos = Math.max(0, Math.min(mouseX - scaleLeft, scaleWidth));
      var percentPos = (relativePos / scaleWidth) * 100;
      
      $(""#current-marker"").css({
        ""left"": `${relativePos}px`,
        ""display"": ""block""
      });
      
      for (var i = 0; i < __imageMouseOver.slices.length; i++) {
        // if mouse X position is within the bounds of the X axis slice,
        // change the image to one that is indexed to that slice
        if (mouseX >= __imageMouseOver.slices[i][0] && mouseX <= __imageMouseOver.slices[i][1]) {
          // capture which slice is selected
          __imageMouseOver.sliceSelected = i;
          // update img src to the picture that corresponds to that slice
          $('#changeable-image').attr('src', `img/${__imageMouseOver.imgBase}${__imageMouseOver.nScale[i]}.jpg`);
        }
      };
    };
    
    // define the click listener that ends trial
    function clickHandler(event) {
      if (__listenerBools['mousemove']) {
        // derive trial data
        var trialData = __imageMouseOver.trialData;
        var end_time = (new Date()).getTime();
        var rt = end_time - __imageMouseOver.startTime;
        trialData['rt'] = rt;
        trialData['stimulus_duration'] = rt;
        trialData['trial_duration'] = rt;
        trialData['imageSelected'] = `${__imageMouseOver.imgBase}${__imageMouseOver.nScale[__imageMouseOver.sliceSelected]}.jpg`
        trialData['indexSelected'] = __imageMouseOver.sliceSelected;
        // turn off listeners
        $(document).off('mousemove');
        $(document).off('click');
        // clean up variable namespaces
        delete window.__imageMouseOver
        delete __listenerBools;
        // clean up scale
        $(""#scale-container"").remove();
        // finish the trial with trial data
        jsPsych.finishTrial(trialData);
      };
    };
  
    function verticalLineInit(event) {
      var mouseX = Math.floor(event.pageX);
      if (mouseX <= __imageMouseOver.lineSlice) {
        $(""#vertLine"").remove();
        $(""#linePrompt"").remove();
        $(""#jspsych-image-slider-response_noButton-stimulus > img"").css({
          ""filter"":""blur(0px)"",
          ""visibility"": ""visible"",
        });
        $('#jspsych-content > p').css(""visibility"", ""visible"");
        __listenerBools['mousemove'] = true;
        // turn off THIS mouse move listener
        $(document).off(""mousemove"");
        // turn on the mouse move listener that changes the image
        $(document).mousemove(changeImg);
        // add mouse click listener
        $(document).on('click', clickHandler);
      };
    };
  
    // turn on the vertical line mouse move listener
    $(document).mousemove(verticalLineInit);
  }","[object Object]","0","","Continue","3779","3779","true","red17.jpg","16","avg","600","red","10","[18,22,19,25,26,29,30,33,34,36]","27","three giraffes","104","red","",""
"html-keyboard-response","322","1038929","0.0-322.0","573b8bc2f3580b0006ce0986","null","","","","<p style=""font-size: 48px;""> + </p>","null","fixation","","","","","","","","","","","","","","","","","","","","","","","","","red","",""
"html-keyboard-response","323","1040439","0.0-323.0","573b8bc2f3580b0006ce0986","null","","","","<span class='grid'><div> </div> <div class='red' style='background-position:2400% 0%;margin-top:48px'></div> <div class='red' style='background-position:2400% 0%;margin-top:25px'></div> <div class='red' style='background-position:3000% 0%;margin-top:24px'></div> <div class='red' style='background-position:3700% 0%;margin-top:50px'></div> <div class='red' style='background-position:2900% 0%;margin-top:45px'></div> <div class='red' style='background-position:3000% 0%;margin-top:39px'></div> <div class='red' style='background-position:2800% 0%;margin-top:32px'></div> <div class='red' style='background-position:2100% 0%;margin-top:35px'></div> <div> </div> <div class='red' style='background-position:3000% 0%;margin-top:25px'></div> <div> </div> <div class='red' style='background-position:4000% 0%;margin-top:20px'></div> <div class='red' style='background-position:3100% 0%;margin-top:30px'></div> <div class='red' style='background-position:2400% 0%;margin-top:45px'></div> <div class='red' style='background-position:3200% 0%;margin-top:50px'></div> <div class='red' style='background-position:2300% 0%;margin-top:43px'></div> <div class='red' style='background-position:3200% 0%;margin-top:39px'></div> <div class='red' style='background-position:2400% 0%;margin-top:44px'></div> <div class='red' style='background-position:3100% 0%;margin-top:33px'></div> <div class='red' style='background-position:3600% 0%;margin-top:37px'></div> <div class='red' style='background-position:2400% 0%;margin-top:26px'></div> <div class='red' style='background-position:4000% 0%;margin-top:44px'></div></span>","null","stimulus","{""index"":91,""type"":""experimental"",""array_length"":10,""meanVal"":27,""color"":""red""}","","","","","","","","","","","","","","","","","","","","","","","","red","",""
"image-slider-response_noButton","324","1044678","0.0-324.0","573b8bc2f3580b0006ce0986","4238","","","","img/red1.jpg,img/red2.jpg,img/red3.jpg,img/red4.jpg,img/red5.jpg,img/red6.jpg,img/red7.jpg,img/red8.jpg,img/red9.jpg,img/red10.jpg,img/red11.jpg,img/red12.jpg,img/red13.jpg,img/red14.jpg,img/red15.jpg,img/red16.jpg,img/red17.jpg,img/red18.jpg,img/red19.jpg,img/red20.jpg,img/red21.jpg,img/red22.jpg,img/red23.jpg,img/red24.jpg,img/red25.jpg,img/red26.jpg,img/red27.jpg,img/red28.jpg,img/red29.jpg,img/red30.jpg,img/red31.jpg,img/red32.jpg,img/red33.jpg,img/red34.jpg,img/red35.jpg,img/red36.jpg,img/red37.jpg,img/red38.jpg,img/red39.jpg,img/red40.jpg,img/red41.jpg,img/red42.jpg,img/red43.jpg,img/red44.jpg,img/red45.jpg,img/red46.jpg,img/red47.jpg,img/red48.jpg,img/red49.jpg,img/red50.jpg","","response","{""index"":92,""type"":""experimental"",""array_length"":20,""meanVal"":31,""color"":""red""}","image-slider-response_noButton","<p>what was the average redness of the array?</p>","1","50","0","function morphedScaleRed() {
    // defining a few helper functions
    function nrange(size, startAt = 0) {
      return [...Array(size).keys()].map(i => i + startAt);
    };
  
    function fillArray(value, len) {
      var arr = [];
      for (var i = 0; i < len; i++) {
        arr.push(value);
      }
      return arr;
    };
  
    function generateSlices(vWidth, nSlices) {
      var step = vWidth*0.6/(nSlices-2);
      var stepArray = fillArray(step,nSlices-2)
      stepArray.unshift(0.2*vWidth)
      stepArray.push(0.2*vWidth)
  
      var bounds = [];
      
      for (var i = 0; i < nSlices; i++) {
        if (i==0) {
          bounds.push([(i*stepArray[i]), (i*stepArray[i])+stepArray[i]])
        } else if (i>0 && i!=nSlices-1) {
          bounds.push([(i*stepArray[i]+0.2*vWidth), (i*stepArray[i])+stepArray[i]+0.2*vWidth])
        } else {
          bounds.push([(vWidth-0.2*vWidth), vWidth])  
        }
      };
      return bounds;
    };
    
    // start trial timer
    var startTime = (new Date()).getTime();
    // get trial data
    var trialData = jsPsych.currentTrial();
  
    // remove the picture scales and the slider
    $('.jspsych-image-slider-response_noButton-container').css(""visibility"", ""hidden"");
    $('img').remove();
    
    // Remove mondrian background for rating phase
    $('body').css('background-image', 'none');
  
    var imgScale = getScaleRed();
    
    // derive the letter of the image filenames
    var imgBase = imgScale[0].split('img/')[1].split('.jpg')[0].replace(/\d+/g, '');
    
    // split the number of the image filenames off from the rest of it
    var nScale = [];
    for (var i = 0; i < imgScale.length-1; i++) {
      var n = imgScale[i].split('img/')[1].split('.jpg')[0].split(imgBase)[1];
      nScale.push(n);
    };
    
    // calculate the element width, and slice it up into sections
    var vWidth = $(document).width();
    var nSlices = nScale.length;
    var slices = generateSlices(vWidth, nSlices);
  
    // setting up initial vertical line to start the mousemove functionality
    var vHeight = $(document).height()-8;
    var lineSlice = vWidth / 10;
    var vertLine = `<div style=""border-left:black;border-style:solid;margin-left:${lineSlice}px; height:${vHeight}px;width:0px;position:absolute;"" id=""vertLine""></div>`;
    var linePrompt = `<div id=""linePrompt""><div style=""font-size:50px;position:absolute;margin-left:${lineSlice*1.3}px;margin-top:${vHeight/2}px""></div><div style=""position:absolute;margin-left:${lineSlice*1.2}px;margin-top:${vHeight/2}px;z-index:5;"">Move mouse left of the line to begin</div></div>`;
    $("".jspsych-content-wrapper"").prepend(vertLine);
    $("".jspsych-content-wrapper"").prepend(linePrompt);
    
    // hide prompt until the trial is begun
    $('#jspsych-content > p').css(""visibility"", ""hidden"");
  
    // initialize the central image with the most neutral one (i.e. from
    // the middle of the scale) and set the image to be blurred
    var initialImage = imgScale[0];
    $('#jspsych-image-slider-response_noButton-stimulus').append(`<img src=""${initialImage}"" style=""filter:blur(4px);visibility:hidden;"" id=""changeable-image""/>`);
  
    // ADD VISUAL SCALE SHOWING MIN/MAX
    var scaleWidth = vWidth * 0.6;
    var scaleLeft = vWidth * 0.2;
    var scaleHtml = `
      <div id=""scale-container"" style=""position:absolute; bottom:120px; left:${scaleLeft}px; width:${scaleWidth}px; height:30px; background-color:rgba(220,220,220,0.7); border-radius:5px; display:none; z-index:10;"">
        <div style=""position:absolute; left:0px; width:2px; height:30px; background-color:black;""></div>
        <div style=""position:absolute; left:0px; top:32px; font-size:12px; color:black;"">Min (1)</div>
        <div style=""position:absolute; right:0px; width:2px; height:30px; background-color:black;""></div>
        <div style=""position:absolute; right:0px; top:32px; font-size:12px; color:black;"">Max (50)</div>
        <div id=""current-marker"" style=""position:absolute; left:0px; width:2px; height:30px; background-color:red; display:none;""></div>
      </div>
    `;
    $("".jspsych-content-wrapper"").append(scaleHtml);
  
    // workaround with a global variable
    window.__imageMouseOver = {
      lineSlice: lineSlice,
      slices: slices,
      nScale: nScale,
      imgBase: imgBase,
      startTime: startTime,
      trialData: trialData,
      sliceSelected: 0,
    };
    var __listenerBools = {};
  
    // define mousemove event listener that changes image
    function changeImg(event) {
      var mouseX = Math.floor(event.pageX);
      
      // Show the scale after interaction begins
      $(""#scale-container"").css(""display"", ""block"");
      
      // Update current marker position based on mouse position
      var scaleWidth = $(""#scale-container"").width();
      var relativePos = Math.max(0, Math.min(mouseX - scaleLeft, scaleWidth));
      var percentPos = (relativePos / scaleWidth) * 100;
      
      $(""#current-marker"").css({
        ""left"": `${relativePos}px`,
        ""display"": ""block""
      });
      
      for (var i = 0; i < __imageMouseOver.slices.length; i++) {
        // if mouse X position is within the bounds of the X axis slice,
        // change the image to one that is indexed to that slice
        if (mouseX >= __imageMouseOver.slices[i][0] && mouseX <= __imageMouseOver.slices[i][1]) {
          // capture which slice is selected
          __imageMouseOver.sliceSelected = i;
          // update img src to the picture that corresponds to that slice
          $('#changeable-image').attr('src', `img/${__imageMouseOver.imgBase}${__imageMouseOver.nScale[i]}.jpg`);
        }
      };
    };
    
    // define the click listener that ends trial
    function clickHandler(event) {
      if (__listenerBools['mousemove']) {
        // derive trial data
        var trialData = __imageMouseOver.trialData;
        var end_time = (new Date()).getTime();
        var rt = end_time - __imageMouseOver.startTime;
        trialData['rt'] = rt;
        trialData['stimulus_duration'] = rt;
        trialData['trial_duration'] = rt;
        trialData['imageSelected'] = `${__imageMouseOver.imgBase}${__imageMouseOver.nScale[__imageMouseOver.sliceSelected]}.jpg`
        trialData['indexSelected'] = __imageMouseOver.sliceSelected;
        // turn off listeners
        $(document).off('mousemove');
        $(document).off('click');
        // clean up variable namespaces
        delete window.__imageMouseOver
        delete __listenerBools;
        // clean up scale
        $(""#scale-container"").remove();
        // finish the trial with trial data
        jsPsych.finishTrial(trialData);
      };
    };
  
    function verticalLineInit(event) {
      var mouseX = Math.floor(event.pageX);
      if (mouseX <= __imageMouseOver.lineSlice) {
        $(""#vertLine"").remove();
        $(""#linePrompt"").remove();
        $(""#jspsych-image-slider-response_noButton-stimulus > img"").css({
          ""filter"":""blur(0px)"",
          ""visibility"": ""visible"",
        });
        $('#jspsych-content > p').css(""visibility"", ""visible"");
        __listenerBools['mousemove'] = true;
        // turn off THIS mouse move listener
        $(document).off(""mousemove"");
        // turn on the mouse move listener that changes the image
        $(document).mousemove(changeImg);
        // add mouse click listener
        $(document).on('click', clickHandler);
      };
    };
  
    // turn on the vertical line mouse move listener
    $(document).mousemove(verticalLineInit);
  }","[object Object]","0","","Continue","4238","4238","true","red14.jpg","13","avg","500","red","20","[21,23,24,24,24,24,24,28,29,30,30,30,31,31,32,32,36,37,40,40]","31","three giraffes","105","red","",""
"html-keyboard-response","325","1045188","0.0-325.0","573b8bc2f3580b0006ce0986","null","","","","<p style=""font-size: 48px;""> + </p>","null","fixation","","","","","","","","","","","","","","","","","","","","","","","","","red","",""
"html-keyboard-response","326","1046691","0.0-326.0","573b8bc2f3580b0006ce0986","null","","","","<span class='grid'><div class='red' style='background-position:4300% 0%;margin-top:41px'></div> <div class='red' style='background-position:3400% 0%;margin-top:45px'></div> <div class='red' style='background-position:3300% 0%;margin-top:39px'></div> <div class='red' style='background-position:2700% 0%;margin-top:31px'></div> <div> </div> <div class='red' style='background-position:4300% 0%;margin-top:36px'></div> <div class='red' style='background-position:3300% 0%;margin-top:36px'></div> <div> </div> <div class='red' style='background-position:3900% 0%;margin-top:45px'></div> <div class='red' style='background-position:2600% 0%;margin-top:43px'></div> <div class='red' style='background-position:4000% 0%;margin-top:38px'></div> <div class='red' style='background-position:2400% 0%;margin-top:22px'></div> <div class='red' style='background-position:3500% 0%;margin-top:25px'></div> <div class='red' style='background-position:3300% 0%;margin-top:33px'></div> <div> </div> <div class='red' style='background-position:3200% 0%;margin-top:22px'></div> <div class='red' style='background-position:2700% 0%;margin-top:26px'></div> <div class='red' style='background-position:3400% 0%;margin-top:21px'></div> <div class='red' style='background-position:2700% 0%;margin-top:35px'></div> <div class='red' style='background-position:2700% 0%;margin-top:42px'></div> <div class='red' style='background-position:2700% 0%;margin-top:22px'></div> <div class='red' style='background-position:3500% 0%;margin-top:25px'></div> <div class='red' style='background-position:3100% 0%;margin-top:50px'></div></span>","null","stimulus","{""index"":92,""type"":""experimental"",""array_length"":20,""meanVal"":31,""color"":""red""}","","","","","","","","","","","","","","","","","","","","","","","","red","",""
"image-slider-response_noButton","327","1051977","0.0-327.0","573b8bc2f3580b0006ce0986","5285","","","","img/red1.jpg,img/red2.jpg,img/red3.jpg,img/red4.jpg,img/red5.jpg,img/red6.jpg,img/red7.jpg,img/red8.jpg,img/red9.jpg,img/red10.jpg,img/red11.jpg,img/red12.jpg,img/red13.jpg,img/red14.jpg,img/red15.jpg,img/red16.jpg,img/red17.jpg,img/red18.jpg,img/red19.jpg,img/red20.jpg,img/red21.jpg,img/red22.jpg,img/red23.jpg,img/red24.jpg,img/red25.jpg,img/red26.jpg,img/red27.jpg,img/red28.jpg,img/red29.jpg,img/red30.jpg,img/red31.jpg,img/red32.jpg,img/red33.jpg,img/red34.jpg,img/red35.jpg,img/red36.jpg,img/red37.jpg,img/red38.jpg,img/red39.jpg,img/red40.jpg,img/red41.jpg,img/red42.jpg,img/red43.jpg,img/red44.jpg,img/red45.jpg,img/red46.jpg,img/red47.jpg,img/red48.jpg,img/red49.jpg,img/red50.jpg","","response","{""index"":93,""type"":""experimental"",""array_length"":20,""meanVal"":34,""color"":""red""}","image-slider-response_noButton","<p>what was the average redness of the array?</p>","1","50","0","function morphedScaleRed() {
    // defining a few helper functions
    function nrange(size, startAt = 0) {
      return [...Array(size).keys()].map(i => i + startAt);
    };
  
    function fillArray(value, len) {
      var arr = [];
      for (var i = 0; i < len; i++) {
        arr.push(value);
      }
      return arr;
    };
  
    function generateSlices(vWidth, nSlices) {
      var step = vWidth*0.6/(nSlices-2);
      var stepArray = fillArray(step,nSlices-2)
      stepArray.unshift(0.2*vWidth)
      stepArray.push(0.2*vWidth)
  
      var bounds = [];
      
      for (var i = 0; i < nSlices; i++) {
        if (i==0) {
          bounds.push([(i*stepArray[i]), (i*stepArray[i])+stepArray[i]])
        } else if (i>0 && i!=nSlices-1) {
          bounds.push([(i*stepArray[i]+0.2*vWidth), (i*stepArray[i])+stepArray[i]+0.2*vWidth])
        } else {
          bounds.push([(vWidth-0.2*vWidth), vWidth])  
        }
      };
      return bounds;
    };
    
    // start trial timer
    var startTime = (new Date()).getTime();
    // get trial data
    var trialData = jsPsych.currentTrial();
  
    // remove the picture scales and the slider
    $('.jspsych-image-slider-response_noButton-container').css(""visibility"", ""hidden"");
    $('img').remove();
    
    // Remove mondrian background for rating phase
    $('body').css('background-image', 'none');
  
    var imgScale = getScaleRed();
    
    // derive the letter of the image filenames
    var imgBase = imgScale[0].split('img/')[1].split('.jpg')[0].replace(/\d+/g, '');
    
    // split the number of the image filenames off from the rest of it
    var nScale = [];
    for (var i = 0; i < imgScale.length-1; i++) {
      var n = imgScale[i].split('img/')[1].split('.jpg')[0].split(imgBase)[1];
      nScale.push(n);
    };
    
    // calculate the element width, and slice it up into sections
    var vWidth = $(document).width();
    var nSlices = nScale.length;
    var slices = generateSlices(vWidth, nSlices);
  
    // setting up initial vertical line to start the mousemove functionality
    var vHeight = $(document).height()-8;
    var lineSlice = vWidth / 10;
    var vertLine = `<div style=""border-left:black;border-style:solid;margin-left:${lineSlice}px; height:${vHeight}px;width:0px;position:absolute;"" id=""vertLine""></div>`;
    var linePrompt = `<div id=""linePrompt""><div style=""font-size:50px;position:absolute;margin-left:${lineSlice*1.3}px;margin-top:${vHeight/2}px""></div><div style=""position:absolute;margin-left:${lineSlice*1.2}px;margin-top:${vHeight/2}px;z-index:5;"">Move mouse left of the line to begin</div></div>`;
    $("".jspsych-content-wrapper"").prepend(vertLine);
    $("".jspsych-content-wrapper"").prepend(linePrompt);
    
    // hide prompt until the trial is begun
    $('#jspsych-content > p').css(""visibility"", ""hidden"");
  
    // initialize the central image with the most neutral one (i.e. from
    // the middle of the scale) and set the image to be blurred
    var initialImage = imgScale[0];
    $('#jspsych-image-slider-response_noButton-stimulus').append(`<img src=""${initialImage}"" style=""filter:blur(4px);visibility:hidden;"" id=""changeable-image""/>`);
  
    // ADD VISUAL SCALE SHOWING MIN/MAX
    var scaleWidth = vWidth * 0.6;
    var scaleLeft = vWidth * 0.2;
    var scaleHtml = `
      <div id=""scale-container"" style=""position:absolute; bottom:120px; left:${scaleLeft}px; width:${scaleWidth}px; height:30px; background-color:rgba(220,220,220,0.7); border-radius:5px; display:none; z-index:10;"">
        <div style=""position:absolute; left:0px; width:2px; height:30px; background-color:black;""></div>
        <div style=""position:absolute; left:0px; top:32px; font-size:12px; color:black;"">Min (1)</div>
        <div style=""position:absolute; right:0px; width:2px; height:30px; background-color:black;""></div>
        <div style=""position:absolute; right:0px; top:32px; font-size:12px; color:black;"">Max (50)</div>
        <div id=""current-marker"" style=""position:absolute; left:0px; width:2px; height:30px; background-color:red; display:none;""></div>
      </div>
    `;
    $("".jspsych-content-wrapper"").append(scaleHtml);
  
    // workaround with a global variable
    window.__imageMouseOver = {
      lineSlice: lineSlice,
      slices: slices,
      nScale: nScale,
      imgBase: imgBase,
      startTime: startTime,
      trialData: trialData,
      sliceSelected: 0,
    };
    var __listenerBools = {};
  
    // define mousemove event listener that changes image
    function changeImg(event) {
      var mouseX = Math.floor(event.pageX);
      
      // Show the scale after interaction begins
      $(""#scale-container"").css(""display"", ""block"");
      
      // Update current marker position based on mouse position
      var scaleWidth = $(""#scale-container"").width();
      var relativePos = Math.max(0, Math.min(mouseX - scaleLeft, scaleWidth));
      var percentPos = (relativePos / scaleWidth) * 100;
      
      $(""#current-marker"").css({
        ""left"": `${relativePos}px`,
        ""display"": ""block""
      });
      
      for (var i = 0; i < __imageMouseOver.slices.length; i++) {
        // if mouse X position is within the bounds of the X axis slice,
        // change the image to one that is indexed to that slice
        if (mouseX >= __imageMouseOver.slices[i][0] && mouseX <= __imageMouseOver.slices[i][1]) {
          // capture which slice is selected
          __imageMouseOver.sliceSelected = i;
          // update img src to the picture that corresponds to that slice
          $('#changeable-image').attr('src', `img/${__imageMouseOver.imgBase}${__imageMouseOver.nScale[i]}.jpg`);
        }
      };
    };
    
    // define the click listener that ends trial
    function clickHandler(event) {
      if (__listenerBools['mousemove']) {
        // derive trial data
        var trialData = __imageMouseOver.trialData;
        var end_time = (new Date()).getTime();
        var rt = end_time - __imageMouseOver.startTime;
        trialData['rt'] = rt;
        trialData['stimulus_duration'] = rt;
        trialData['trial_duration'] = rt;
        trialData['imageSelected'] = `${__imageMouseOver.imgBase}${__imageMouseOver.nScale[__imageMouseOver.sliceSelected]}.jpg`
        trialData['indexSelected'] = __imageMouseOver.sliceSelected;
        // turn off listeners
        $(document).off('mousemove');
        $(document).off('click');
        // clean up variable namespaces
        delete window.__imageMouseOver
        delete __listenerBools;
        // clean up scale
        $(""#scale-container"").remove();
        // finish the trial with trial data
        jsPsych.finishTrial(trialData);
      };
    };
  
    function verticalLineInit(event) {
      var mouseX = Math.floor(event.pageX);
      if (mouseX <= __imageMouseOver.lineSlice) {
        $(""#vertLine"").remove();
        $(""#linePrompt"").remove();
        $(""#jspsych-image-slider-response_noButton-stimulus > img"").css({
          ""filter"":""blur(0px)"",
          ""visibility"": ""visible"",
        });
        $('#jspsych-content > p').css(""visibility"", ""visible"");
        __listenerBools['mousemove'] = true;
        // turn off THIS mouse move listener
        $(document).off(""mousemove"");
        // turn on the mouse move listener that changes the image
        $(document).mousemove(changeImg);
        // add mouse click listener
        $(document).on('click', clickHandler);
      };
    };
  
    // turn on the vertical line mouse move listener
    $(document).mousemove(verticalLineInit);
  }","[object Object]","0","","Continue","5285","5285","true","red20.jpg","19","avg","500","red","20","[24,26,27,27,27,27,27,31,32,33,33,33,34,34,35,35,39,40,43,43]","34","three giraffes","106","red","",""
"html-keyboard-response","328","1052593","0.0-328.0","573b8bc2f3580b0006ce0986","null","","","","<p style=""font-size: 48px;""> + </p>","null","fixation","","","","","","","","","","","","","","","","","","","","","","","","","red","",""
"html-keyboard-response","329","1054106","0.0-329.0","573b8bc2f3580b0006ce0986","null","","","","<span class='grid'><div> </div> <div class='red' style='background-position:3600% 0%;margin-top:50px'></div> <div> </div> <div> </div> <div> </div> <div> </div> <div> </div> <div> </div> <div> </div> <div> </div> <div> </div> <div> </div> <div> </div> <div class='red' style='background-position:2800% 0%;margin-top:33px'></div></span>","null","stimulus","{""index"":93,""type"":""experimental"",""array_length"":20,""meanVal"":34,""color"":""red""}","","","","","","","","","","","","","","","","","","","","","","","","red","",""
"image-slider-response_noButton","330","1058820","0.0-330.0","573b8bc2f3580b0006ce0986","4713","","","","img/red1.jpg,img/red2.jpg,img/red3.jpg,img/red4.jpg,img/red5.jpg,img/red6.jpg,img/red7.jpg,img/red8.jpg,img/red9.jpg,img/red10.jpg,img/red11.jpg,img/red12.jpg,img/red13.jpg,img/red14.jpg,img/red15.jpg,img/red16.jpg,img/red17.jpg,img/red18.jpg,img/red19.jpg,img/red20.jpg,img/red21.jpg,img/red22.jpg,img/red23.jpg,img/red24.jpg,img/red25.jpg,img/red26.jpg,img/red27.jpg,img/red28.jpg,img/red29.jpg,img/red30.jpg,img/red31.jpg,img/red32.jpg,img/red33.jpg,img/red34.jpg,img/red35.jpg,img/red36.jpg,img/red37.jpg,img/red38.jpg,img/red39.jpg,img/red40.jpg,img/red41.jpg,img/red42.jpg,img/red43.jpg,img/red44.jpg,img/red45.jpg,img/red46.jpg,img/red47.jpg,img/red48.jpg,img/red49.jpg,img/red50.jpg","","response","{""index"":94,""type"":""experimental"",""array_length"":2,""meanVal"":32,""color"":""red""}","image-slider-response_noButton","<p>what was the average redness of the array?</p>","1","50","0","function morphedScaleRed() {
    // defining a few helper functions
    function nrange(size, startAt = 0) {
      return [...Array(size).keys()].map(i => i + startAt);
    };
  
    function fillArray(value, len) {
      var arr = [];
      for (var i = 0; i < len; i++) {
        arr.push(value);
      }
      return arr;
    };
  
    function generateSlices(vWidth, nSlices) {
      var step = vWidth*0.6/(nSlices-2);
      var stepArray = fillArray(step,nSlices-2)
      stepArray.unshift(0.2*vWidth)
      stepArray.push(0.2*vWidth)
  
      var bounds = [];
      
      for (var i = 0; i < nSlices; i++) {
        if (i==0) {
          bounds.push([(i*stepArray[i]), (i*stepArray[i])+stepArray[i]])
        } else if (i>0 && i!=nSlices-1) {
          bounds.push([(i*stepArray[i]+0.2*vWidth), (i*stepArray[i])+stepArray[i]+0.2*vWidth])
        } else {
          bounds.push([(vWidth-0.2*vWidth), vWidth])  
        }
      };
      return bounds;
    };
    
    // start trial timer
    var startTime = (new Date()).getTime();
    // get trial data
    var trialData = jsPsych.currentTrial();
  
    // remove the picture scales and the slider
    $('.jspsych-image-slider-response_noButton-container').css(""visibility"", ""hidden"");
    $('img').remove();
    
    // Remove mondrian background for rating phase
    $('body').css('background-image', 'none');
  
    var imgScale = getScaleRed();
    
    // derive the letter of the image filenames
    var imgBase = imgScale[0].split('img/')[1].split('.jpg')[0].replace(/\d+/g, '');
    
    // split the number of the image filenames off from the rest of it
    var nScale = [];
    for (var i = 0; i < imgScale.length-1; i++) {
      var n = imgScale[i].split('img/')[1].split('.jpg')[0].split(imgBase)[1];
      nScale.push(n);
    };
    
    // calculate the element width, and slice it up into sections
    var vWidth = $(document).width();
    var nSlices = nScale.length;
    var slices = generateSlices(vWidth, nSlices);
  
    // setting up initial vertical line to start the mousemove functionality
    var vHeight = $(document).height()-8;
    var lineSlice = vWidth / 10;
    var vertLine = `<div style=""border-left:black;border-style:solid;margin-left:${lineSlice}px; height:${vHeight}px;width:0px;position:absolute;"" id=""vertLine""></div>`;
    var linePrompt = `<div id=""linePrompt""><div style=""font-size:50px;position:absolute;margin-left:${lineSlice*1.3}px;margin-top:${vHeight/2}px""></div><div style=""position:absolute;margin-left:${lineSlice*1.2}px;margin-top:${vHeight/2}px;z-index:5;"">Move mouse left of the line to begin</div></div>`;
    $("".jspsych-content-wrapper"").prepend(vertLine);
    $("".jspsych-content-wrapper"").prepend(linePrompt);
    
    // hide prompt until the trial is begun
    $('#jspsych-content > p').css(""visibility"", ""hidden"");
  
    // initialize the central image with the most neutral one (i.e. from
    // the middle of the scale) and set the image to be blurred
    var initialImage = imgScale[0];
    $('#jspsych-image-slider-response_noButton-stimulus').append(`<img src=""${initialImage}"" style=""filter:blur(4px);visibility:hidden;"" id=""changeable-image""/>`);
  
    // ADD VISUAL SCALE SHOWING MIN/MAX
    var scaleWidth = vWidth * 0.6;
    var scaleLeft = vWidth * 0.2;
    var scaleHtml = `
      <div id=""scale-container"" style=""position:absolute; bottom:120px; left:${scaleLeft}px; width:${scaleWidth}px; height:30px; background-color:rgba(220,220,220,0.7); border-radius:5px; display:none; z-index:10;"">
        <div style=""position:absolute; left:0px; width:2px; height:30px; background-color:black;""></div>
        <div style=""position:absolute; left:0px; top:32px; font-size:12px; color:black;"">Min (1)</div>
        <div style=""position:absolute; right:0px; width:2px; height:30px; background-color:black;""></div>
        <div style=""position:absolute; right:0px; top:32px; font-size:12px; color:black;"">Max (50)</div>
        <div id=""current-marker"" style=""position:absolute; left:0px; width:2px; height:30px; background-color:red; display:none;""></div>
      </div>
    `;
    $("".jspsych-content-wrapper"").append(scaleHtml);
  
    // workaround with a global variable
    window.__imageMouseOver = {
      lineSlice: lineSlice,
      slices: slices,
      nScale: nScale,
      imgBase: imgBase,
      startTime: startTime,
      trialData: trialData,
      sliceSelected: 0,
    };
    var __listenerBools = {};
  
    // define mousemove event listener that changes image
    function changeImg(event) {
      var mouseX = Math.floor(event.pageX);
      
      // Show the scale after interaction begins
      $(""#scale-container"").css(""display"", ""block"");
      
      // Update current marker position based on mouse position
      var scaleWidth = $(""#scale-container"").width();
      var relativePos = Math.max(0, Math.min(mouseX - scaleLeft, scaleWidth));
      var percentPos = (relativePos / scaleWidth) * 100;
      
      $(""#current-marker"").css({
        ""left"": `${relativePos}px`,
        ""display"": ""block""
      });
      
      for (var i = 0; i < __imageMouseOver.slices.length; i++) {
        // if mouse X position is within the bounds of the X axis slice,
        // change the image to one that is indexed to that slice
        if (mouseX >= __imageMouseOver.slices[i][0] && mouseX <= __imageMouseOver.slices[i][1]) {
          // capture which slice is selected
          __imageMouseOver.sliceSelected = i;
          // update img src to the picture that corresponds to that slice
          $('#changeable-image').attr('src', `img/${__imageMouseOver.imgBase}${__imageMouseOver.nScale[i]}.jpg`);
        }
      };
    };
    
    // define the click listener that ends trial
    function clickHandler(event) {
      if (__listenerBools['mousemove']) {
        // derive trial data
        var trialData = __imageMouseOver.trialData;
        var end_time = (new Date()).getTime();
        var rt = end_time - __imageMouseOver.startTime;
        trialData['rt'] = rt;
        trialData['stimulus_duration'] = rt;
        trialData['trial_duration'] = rt;
        trialData['imageSelected'] = `${__imageMouseOver.imgBase}${__imageMouseOver.nScale[__imageMouseOver.sliceSelected]}.jpg`
        trialData['indexSelected'] = __imageMouseOver.sliceSelected;
        // turn off listeners
        $(document).off('mousemove');
        $(document).off('click');
        // clean up variable namespaces
        delete window.__imageMouseOver
        delete __listenerBools;
        // clean up scale
        $(""#scale-container"").remove();
        // finish the trial with trial data
        jsPsych.finishTrial(trialData);
      };
    };
  
    function verticalLineInit(event) {
      var mouseX = Math.floor(event.pageX);
      if (mouseX <= __imageMouseOver.lineSlice) {
        $(""#vertLine"").remove();
        $(""#linePrompt"").remove();
        $(""#jspsych-image-slider-response_noButton-stimulus > img"").css({
          ""filter"":""blur(0px)"",
          ""visibility"": ""visible"",
        });
        $('#jspsych-content > p').css(""visibility"", ""visible"");
        __listenerBools['mousemove'] = true;
        // turn off THIS mouse move listener
        $(document).off(""mousemove"");
        // turn on the mouse move listener that changes the image
        $(document).mousemove(changeImg);
        // add mouse click listener
        $(document).on('click', clickHandler);
      };
    };
  
    // turn on the vertical line mouse move listener
    $(document).mousemove(verticalLineInit);
  }","[object Object]","0","","Continue","4713","4713","true","red22.jpg","21","avg","600","red","2","[28,36]","32","three giraffes","107","red","",""
"html-keyboard-response","331","1059234","0.0-331.0","573b8bc2f3580b0006ce0986","null","","","","<p style=""font-size: 48px;""> + </p>","null","fixation","","","","","","","","","","","","","","","","","","","","","","","","","red","",""
"html-keyboard-response","332","1060737","0.0-332.0","573b8bc2f3580b0006ce0986","null","","","","<span class='grid'><div> </div> <div> </div> <div class='red' style='background-position:1900% 0%;margin-top:29px'></div> <div class='red' style='background-position:1100% 0%;margin-top:29px'></div> <div> </div> <div> </div> <div> </div> <div> </div> <div> </div> <div> </div> <div> </div> <div> </div> <div> </div> <div> </div></span>","null","stimulus","{""index"":94,""type"":""experimental"",""array_length"":2,""meanVal"":32,""color"":""red""}","","","","","","","","","","","","","","","","","","","","","","","","red","",""
"image-slider-response_noButton","333","1065056","0.0-333.0","573b8bc2f3580b0006ce0986","4318","","","","img/red1.jpg,img/red2.jpg,img/red3.jpg,img/red4.jpg,img/red5.jpg,img/red6.jpg,img/red7.jpg,img/red8.jpg,img/red9.jpg,img/red10.jpg,img/red11.jpg,img/red12.jpg,img/red13.jpg,img/red14.jpg,img/red15.jpg,img/red16.jpg,img/red17.jpg,img/red18.jpg,img/red19.jpg,img/red20.jpg,img/red21.jpg,img/red22.jpg,img/red23.jpg,img/red24.jpg,img/red25.jpg,img/red26.jpg,img/red27.jpg,img/red28.jpg,img/red29.jpg,img/red30.jpg,img/red31.jpg,img/red32.jpg,img/red33.jpg,img/red34.jpg,img/red35.jpg,img/red36.jpg,img/red37.jpg,img/red38.jpg,img/red39.jpg,img/red40.jpg,img/red41.jpg,img/red42.jpg,img/red43.jpg,img/red44.jpg,img/red45.jpg,img/red46.jpg,img/red47.jpg,img/red48.jpg,img/red49.jpg,img/red50.jpg","","response","{""index"":95,""type"":""experimental"",""array_length"":2,""meanVal"":15,""color"":""red""}","image-slider-response_noButton","<p>what was the average redness of the array?</p>","1","50","0","function morphedScaleRed() {
    // defining a few helper functions
    function nrange(size, startAt = 0) {
      return [...Array(size).keys()].map(i => i + startAt);
    };
  
    function fillArray(value, len) {
      var arr = [];
      for (var i = 0; i < len; i++) {
        arr.push(value);
      }
      return arr;
    };
  
    function generateSlices(vWidth, nSlices) {
      var step = vWidth*0.6/(nSlices-2);
      var stepArray = fillArray(step,nSlices-2)
      stepArray.unshift(0.2*vWidth)
      stepArray.push(0.2*vWidth)
  
      var bounds = [];
      
      for (var i = 0; i < nSlices; i++) {
        if (i==0) {
          bounds.push([(i*stepArray[i]), (i*stepArray[i])+stepArray[i]])
        } else if (i>0 && i!=nSlices-1) {
          bounds.push([(i*stepArray[i]+0.2*vWidth), (i*stepArray[i])+stepArray[i]+0.2*vWidth])
        } else {
          bounds.push([(vWidth-0.2*vWidth), vWidth])  
        }
      };
      return bounds;
    };
    
    // start trial timer
    var startTime = (new Date()).getTime();
    // get trial data
    var trialData = jsPsych.currentTrial();
  
    // remove the picture scales and the slider
    $('.jspsych-image-slider-response_noButton-container').css(""visibility"", ""hidden"");
    $('img').remove();
    
    // Remove mondrian background for rating phase
    $('body').css('background-image', 'none');
  
    var imgScale = getScaleRed();
    
    // derive the letter of the image filenames
    var imgBase = imgScale[0].split('img/')[1].split('.jpg')[0].replace(/\d+/g, '');
    
    // split the number of the image filenames off from the rest of it
    var nScale = [];
    for (var i = 0; i < imgScale.length-1; i++) {
      var n = imgScale[i].split('img/')[1].split('.jpg')[0].split(imgBase)[1];
      nScale.push(n);
    };
    
    // calculate the element width, and slice it up into sections
    var vWidth = $(document).width();
    var nSlices = nScale.length;
    var slices = generateSlices(vWidth, nSlices);
  
    // setting up initial vertical line to start the mousemove functionality
    var vHeight = $(document).height()-8;
    var lineSlice = vWidth / 10;
    var vertLine = `<div style=""border-left:black;border-style:solid;margin-left:${lineSlice}px; height:${vHeight}px;width:0px;position:absolute;"" id=""vertLine""></div>`;
    var linePrompt = `<div id=""linePrompt""><div style=""font-size:50px;position:absolute;margin-left:${lineSlice*1.3}px;margin-top:${vHeight/2}px""></div><div style=""position:absolute;margin-left:${lineSlice*1.2}px;margin-top:${vHeight/2}px;z-index:5;"">Move mouse left of the line to begin</div></div>`;
    $("".jspsych-content-wrapper"").prepend(vertLine);
    $("".jspsych-content-wrapper"").prepend(linePrompt);
    
    // hide prompt until the trial is begun
    $('#jspsych-content > p').css(""visibility"", ""hidden"");
  
    // initialize the central image with the most neutral one (i.e. from
    // the middle of the scale) and set the image to be blurred
    var initialImage = imgScale[0];
    $('#jspsych-image-slider-response_noButton-stimulus').append(`<img src=""${initialImage}"" style=""filter:blur(4px);visibility:hidden;"" id=""changeable-image""/>`);
  
    // ADD VISUAL SCALE SHOWING MIN/MAX
    var scaleWidth = vWidth * 0.6;
    var scaleLeft = vWidth * 0.2;
    var scaleHtml = `
      <div id=""scale-container"" style=""position:absolute; bottom:120px; left:${scaleLeft}px; width:${scaleWidth}px; height:30px; background-color:rgba(220,220,220,0.7); border-radius:5px; display:none; z-index:10;"">
        <div style=""position:absolute; left:0px; width:2px; height:30px; background-color:black;""></div>
        <div style=""position:absolute; left:0px; top:32px; font-size:12px; color:black;"">Min (1)</div>
        <div style=""position:absolute; right:0px; width:2px; height:30px; background-color:black;""></div>
        <div style=""position:absolute; right:0px; top:32px; font-size:12px; color:black;"">Max (50)</div>
        <div id=""current-marker"" style=""position:absolute; left:0px; width:2px; height:30px; background-color:red; display:none;""></div>
      </div>
    `;
    $("".jspsych-content-wrapper"").append(scaleHtml);
  
    // workaround with a global variable
    window.__imageMouseOver = {
      lineSlice: lineSlice,
      slices: slices,
      nScale: nScale,
      imgBase: imgBase,
      startTime: startTime,
      trialData: trialData,
      sliceSelected: 0,
    };
    var __listenerBools = {};
  
    // define mousemove event listener that changes image
    function changeImg(event) {
      var mouseX = Math.floor(event.pageX);
      
      // Show the scale after interaction begins
      $(""#scale-container"").css(""display"", ""block"");
      
      // Update current marker position based on mouse position
      var scaleWidth = $(""#scale-container"").width();
      var relativePos = Math.max(0, Math.min(mouseX - scaleLeft, scaleWidth));
      var percentPos = (relativePos / scaleWidth) * 100;
      
      $(""#current-marker"").css({
        ""left"": `${relativePos}px`,
        ""display"": ""block""
      });
      
      for (var i = 0; i < __imageMouseOver.slices.length; i++) {
        // if mouse X position is within the bounds of the X axis slice,
        // change the image to one that is indexed to that slice
        if (mouseX >= __imageMouseOver.slices[i][0] && mouseX <= __imageMouseOver.slices[i][1]) {
          // capture which slice is selected
          __imageMouseOver.sliceSelected = i;
          // update img src to the picture that corresponds to that slice
          $('#changeable-image').attr('src', `img/${__imageMouseOver.imgBase}${__imageMouseOver.nScale[i]}.jpg`);
        }
      };
    };
    
    // define the click listener that ends trial
    function clickHandler(event) {
      if (__listenerBools['mousemove']) {
        // derive trial data
        var trialData = __imageMouseOver.trialData;
        var end_time = (new Date()).getTime();
        var rt = end_time - __imageMouseOver.startTime;
        trialData['rt'] = rt;
        trialData['stimulus_duration'] = rt;
        trialData['trial_duration'] = rt;
        trialData['imageSelected'] = `${__imageMouseOver.imgBase}${__imageMouseOver.nScale[__imageMouseOver.sliceSelected]}.jpg`
        trialData['indexSelected'] = __imageMouseOver.sliceSelected;
        // turn off listeners
        $(document).off('mousemove');
        $(document).off('click');
        // clean up variable namespaces
        delete window.__imageMouseOver
        delete __listenerBools;
        // clean up scale
        $(""#scale-container"").remove();
        // finish the trial with trial data
        jsPsych.finishTrial(trialData);
      };
    };
  
    function verticalLineInit(event) {
      var mouseX = Math.floor(event.pageX);
      if (mouseX <= __imageMouseOver.lineSlice) {
        $(""#vertLine"").remove();
        $(""#linePrompt"").remove();
        $(""#jspsych-image-slider-response_noButton-stimulus > img"").css({
          ""filter"":""blur(0px)"",
          ""visibility"": ""visible"",
        });
        $('#jspsych-content > p').css(""visibility"", ""visible"");
        __listenerBools['mousemove'] = true;
        // turn off THIS mouse move listener
        $(document).off(""mousemove"");
        // turn on the mouse move listener that changes the image
        $(document).mousemove(changeImg);
        // add mouse click listener
        $(document).on('click', clickHandler);
      };
    };
  
    // turn on the vertical line mouse move listener
    $(document).mousemove(verticalLineInit);
  }","[object Object]","0","","Continue","4318","4318","true","red11.jpg","10","avg","400","red","2","[11,19]","15","three giraffes","108","red","",""
"html-button-response","334","1074861","0.0-334.0","573b8bc2f3580b0006ce0986","9803.699999999255","","","","<p><strong>My purpose in this experiment was:</strong></p>","","","","","","","","","","","","","","","","","","","","","","","","","","","","0","1"
"survey-text","335","1161057","0.0-335.0-0.0","573b8bc2f3580b0006ce0986","86193.80000000075","","","{""avg_strategy"":""I tried to find the darkest and the lightest and then found the middle between them.""}","","","","","","","","","","","","","","","","","","","","","","","","","","","","","",""
"instructions","336","1167208","0.0-338.0","573b8bc2f3580b0006ce0986","6150.199999999255","","[{""page_index"":0,""viewing_time"":6149.89999999851}]","","","","","","","","","","","","","","","","","","","","","","","","","","","","","","",""
